114
1 4 10 
0 6 16 
3 9 22 
2 4 7 
0 3 5 
4 6 24 
1 5 7 
3 6 8 
7 9 106 
2 8 20 
0 11 17 
10 12 15 
11 13 98 
12 14 28 
13 15 30 
11 14 16 
1 15 17 
10 16 32 
19 25 38 
18 20 23 
19 21 9 
20 22 40 
21 23 2 
19 22 24 
23 25 5 
18 24 36 
27 33 46 
26 28 31 
27 29 13 
28 30 48 
29 31 14 
27 30 32 
31 33 17 
26 32 44 
35 41 54 
34 36 39 
35 37 25 
36 38 56 
37 39 18 
35 38 40 
39 41 21 
34 40 52 
43 49 62 
42 44 47 
43 45 33 
44 46 64 
45 47 26 
43 46 48 
47 49 29 
42 48 60 
51 57 70 
50 52 68 
51 53 41 
52 54 57 
53 55 34 
54 56 72 
55 57 37 
50 53 56 
59 65 78 
58 60 76 
59 61 49 
60 62 65 
61 63 42 
62 64 80 
63 65 45 
58 61 64 
67 73 86 
66 68 71 
67 69 51 
68 70 88 
69 71 50 
67 70 72 
71 73 55 
66 72 84 
75 81 94 
74 76 79 
75 77 59 
76 78 96 
77 79 58 
75 78 80 
79 81 63 
74 80 92 
83 89 102 
82 87 100 
85 73 104 
84 86 89 
85 87 66 
83 86 88 
87 89 69 
82 85 88 
91 97 110 
90 95 108 
93 81 112 
92 94 97 
93 95 74 
91 94 96 
95 97 77 
90 93 96 
99 105 12 
98 100 103 
99 101 83 
100 102 105 
101 103 82 
99 102 104 
103 105 84 
98 101 104 
107 113 8 
106 108 111 
107 109 91 
108 110 113 
109 111 90 
107 110 112 
111 113 92 
106 109 112 