130
1 4 10 
0 6 16 
3 9 22 
2 7 20 
0 5 24 
4 6 9 
1 5 7 
3 6 8 
7 9 58 
2 5 8 
0 11 17 
10 12 15 
11 13 50 
12 14 17 
13 15 30 
11 14 28 
1 17 32 
10 13 16 
19 25 38 
18 20 36 
19 21 3 
20 22 25 
21 23 2 
22 24 40 
23 25 4 
18 21 24 
27 33 46 
26 28 44 
27 29 15 
28 30 33 
29 31 14 
30 32 48 
31 33 16 
26 29 32 
35 41 54 
34 36 52 
35 37 19 
36 38 41 
37 39 18 
38 40 114 
39 41 23 
34 37 40 
43 49 62 
42 44 60 
43 45 27 
44 46 49 
45 47 26 
46 48 122 
47 49 31 
42 45 48 
51 57 12 
50 52 55 
51 53 35 
52 54 57 
53 34 72 
51 56 68 
55 57 70 
50 53 56 
59 65 8 
58 60 63 
59 61 43 
60 62 65 
61 42 80 
59 64 76 
63 65 78 
58 61 64 
67 73 86 
66 68 84 
67 69 55 
68 70 73 
69 71 56 
70 72 88 
71 73 54 
66 69 72 
75 81 94 
74 76 92 
75 77 63 
76 78 81 
77 79 64 
78 80 96 
79 81 62 
74 77 80 
83 89 102 
82 84 100 
83 85 67 
84 86 89 
85 87 66 
86 88 104 
87 89 71 
82 85 88 
91 97 110 
90 92 108 
91 93 75 
92 94 97 
93 95 74 
94 96 112 
95 97 79 
90 93 96 
99 105 118 
98 103 116 
101 83 120 
100 102 105 
101 103 82 
99 102 104 
103 105 87 
98 101 104 
107 113 126 
106 111 124 
109 91 128 
108 110 113 
109 111 90 
107 110 112 
111 113 95 
106 109 112 
115 121 39 
114 116 119 
115 117 99 
116 118 121 
117 119 98 
115 118 120 
119 121 100 
114 117 120 
123 129 47 
122 124 127 
123 125 107 
124 126 129 
125 127 106 
123 126 128 
127 129 108 
122 125 128 