66
8 12 4 
18 5 41 
4 7 62 
8 5 7 
0 2 5 
1 3 4 
10 19 7 
2 3 6 
0 9 3 
8 11 61 
17 11 6 
9 10 13 
0 13 15 
16 11 12 
32 19 22 
17 12 20 
17 13 58 
16 10 15 
1 23 57 
24 14 6 
26 22 15 
26 30 23 
25 20 14 
18 21 29 
33 19 28 
33 22 31 
27 20 21 
26 29 46 
24 29 30 
27 28 23 
28 21 31 
25 30 45 
14 33 42 
24 25 32 
35 39 48 
34 36 40 
35 37 43 
36 38 49 
37 39 47 
34 38 44 
35 41 44 
40 48 1 
43 49 32 
36 42 47 
39 40 45 
44 48 31 
47 49 27 
38 43 46 
34 41 45 
37 42 46 
51 55 64 
50 52 56 
51 53 59 
52 54 65 
53 55 63 
50 54 60 
51 57 60 
56 64 18 
59 65 16 
52 58 63 
55 56 61 
60 64 9 
63 65 2 
54 59 62 
50 57 61 
53 58 62 