4
1
33
1 5 4 2 62 65 53 52 51 56 60 61 9 11 10 17 15 20 26 21 30 28 24 33 32 42 43 47 38 39 34 48 41 
0 8 3 7 6 19 14 22 25 31 45 44 40 35 36 37 49 46 27 29 23 18 57 64 50 55 54 63 59 58 16 13 12 
2
33
1 5 4 2 62 65 53 52 51 50 64 61 9 11 10 17 15 20 26 21 30 28 24 33 32 42 43 47 38 39 44 40 41 
0 8 3 7 6 19 14 22 25 31 45 48 34 35 36 37 49 46 27 29 23 18 57 56 60 55 54 63 59 58 16 13 12 
3
33
1 5 4 2 62 63 59 52 51 56 60 61 9 11 10 17 15 20 26 21 30 28 24 33 32 42 49 37 38 39 34 48 41 
0 8 3 7 6 19 14 22 25 31 45 44 40 35 36 43 47 46 27 29 23 18 57 64 50 55 54 53 65 58 16 13 12 
4
33
1 5 4 2 62 63 59 52 51 50 64 61 9 11 10 17 15 20 26 21 30 28 24 33 32 42 49 37 38 39 44 40 41 
0 8 3 7 6 19 14 22 25 31 45 48 34 35 36 43 47 46 27 29 23 18 57 56 60 55 54 53 65 58 16 13 12 
