6
1
17
1 22 25 24 31 33 29 28 18 14 17 13 11 9 2 4 5 
0 8 3 7 19 23 6 26 27 32 20 30 21 16 10 15 12 
2
17
1 5 4 2 9 11 13 17 14 18 28 20 30 31 24 26 6 
0 8 3 7 19 23 25 22 27 32 33 29 21 16 10 15 12 
3
17
1 22 25 24 31 30 20 28 18 14 17 13 11 9 8 3 5 
0 12 15 10 16 21 29 33 32 27 26 6 23 19 7 2 4 
4
17
1 5 3 8 9 11 10 15 14 18 28 20 30 31 24 26 6 
0 12 13 17 16 21 29 33 32 27 22 25 23 19 7 2 4 
5
17
1 5 4 2 9 11 10 15 14 18 28 29 33 31 24 26 6 
0 8 3 7 19 23 25 22 27 32 20 30 21 16 17 13 12 
6
17
1 22 25 24 31 33 29 28 18 14 15 10 11 9 8 3 5 
0 12 13 17 16 21 30 20 32 27 26 6 23 19 7 2 4 
