16
1
129
1 6 5 9 2 22 21 25 18 38 37 41 34 54 53 57 50 70 69 73 66 86 85 89 82 102 101 105 98 118 117 121 114 12 11 15 138 145 141 142 158 157 161 154 174 173 177 170 190 189 193 186 206 205 209 202 222 221 225 218 238 237 241 234 254 255 251 250 136 135 131 148 168 167 163 180 200 199 195 212 232 231 227 244 245 249 248 228 211 215 216 196 179 183 184 164 147 151 152 132 28 48 47 43 60 80 79 75 92 112 111 107 124 123 127 128 108 91 95 96 76 59 63 64 44 27 31 32 16 
0 4 24 23 19 36 56 55 51 68 88 87 83 100 120 119 115 116 99 103 104 84 67 71 72 52 35 39 40 20 144 160 159 155 172 192 191 187 204 224 223 219 236 256 257 253 252 235 239 240 220 203 207 208 188 171 175 176 156 143 139 140 242 243 247 246 226 233 229 230 210 217 213 214 194 201 197 198 178 185 181 182 162 169 165 166 146 153 149 150 130 137 133 134 3 7 8 122 129 125 126 106 113 109 110 90 97 93 94 74 81 77 78 58 65 61 62 42 49 45 46 26 33 29 30 14 13 17 10 
2
129
0 4 24 23 19 36 56 55 51 68 88 87 83 100 120 119 115 116 99 103 104 84 67 71 72 52 35 39 40 20 144 160 159 155 172 192 191 187 204 224 223 219 236 256 257 253 252 235 239 240 220 203 207 208 188 171 175 176 156 143 139 140 242 249 245 246 226 233 229 230 210 217 213 214 194 201 197 198 178 185 181 182 162 169 165 166 146 153 149 150 130 137 133 134 3 7 8 122 129 125 126 106 113 109 110 90 97 93 94 74 81 77 78 58 65 61 62 42 49 45 46 26 33 29 30 14 13 17 10 
1 6 5 9 2 22 21 25 18 38 37 41 34 54 53 57 50 70 69 73 66 86 85 89 82 102 101 105 98 118 117 121 114 12 11 15 138 145 141 142 158 157 161 154 174 173 177 170 190 189 193 186 206 205 209 202 222 221 225 218 238 237 241 234 254 255 251 250 136 135 131 148 168 167 163 180 200 199 195 212 232 231 227 244 243 247 248 228 211 215 216 196 179 183 184 164 147 151 152 132 28 48 47 43 60 80 79 75 92 112 111 107 124 123 127 128 108 91 95 96 76 59 63 64 44 27 31 32 16 
3
129
0 4 24 23 19 36 56 55 51 68 88 87 83 100 120 119 115 116 99 103 104 84 67 71 72 52 35 39 40 20 144 160 159 155 172 192 191 187 204 224 223 219 236 256 257 253 252 235 239 240 220 203 207 208 188 171 175 176 156 143 139 140 242 249 245 246 226 233 229 230 210 217 213 214 194 201 197 198 178 185 181 182 162 169 165 166 146 153 149 150 130 137 133 134 3 7 8 122 123 127 126 106 113 109 110 90 97 93 94 74 81 77 78 58 65 61 62 42 49 45 46 26 33 29 30 14 13 17 10 
1 6 5 9 2 22 21 25 18 38 37 41 34 54 53 57 50 70 69 73 66 86 85 89 82 102 101 105 98 118 117 121 114 12 11 15 138 145 141 142 158 157 161 154 174 173 177 170 190 189 193 186 206 205 209 202 222 221 225 218 238 237 241 234 254 255 251 250 136 135 131 148 168 167 163 180 200 199 195 212 232 231 227 244 243 247 248 228 211 215 216 196 179 183 184 164 147 151 152 132 28 48 47 43 60 80 79 75 92 112 111 107 124 125 129 128 108 91 95 96 76 59 63 64 44 27 31 32 16 
4
129
0 4 24 23 19 36 56 55 51 68 88 87 83 100 120 121 117 116 99 103 104 84 67 71 72 52 35 39 40 20 144 160 159 155 172 192 191 187 204 224 223 219 236 256 257 253 252 235 239 240 220 203 207 208 188 171 175 176 156 143 139 140 242 249 245 246 226 233 229 230 210 217 213 214 194 201 197 198 178 185 181 182 162 169 165 166 146 153 149 150 130 137 133 134 3 7 8 122 123 127 126 106 113 109 110 90 97 93 94 74 81 77 78 58 65 61 62 42 49 45 46 26 33 29 30 14 13 17 10 
1 6 5 9 2 22 21 25 18 38 37 41 34 54 53 57 50 70 69 73 66 86 85 89 82 102 101 105 98 118 119 115 114 12 11 15 138 145 141 142 158 157 161 154 174 173 177 170 190 189 193 186 206 205 209 202 222 221 225 218 238 237 241 234 254 255 251 250 136 135 131 148 168 167 163 180 200 199 195 212 232 231 227 244 243 247 248 228 211 215 216 196 179 183 184 164 147 151 152 132 28 48 47 43 60 80 79 75 92 112 111 107 124 125 129 128 108 91 95 96 76 59 63 64 44 27 31 32 16 
5
129
0 4 24 23 19 36 56 55 51 68 88 87 83 100 120 121 117 116 99 103 104 84 67 71 72 52 35 39 40 20 144 160 159 155 172 192 191 187 204 224 223 219 236 256 257 253 252 235 239 240 220 203 207 208 188 171 175 176 156 143 139 140 242 249 245 246 226 233 229 230 210 217 213 214 194 201 197 198 178 185 181 182 162 169 165 166 146 153 149 150 130 137 133 134 3 7 8 122 129 125 126 106 113 109 110 90 97 93 94 74 81 77 78 58 65 61 62 42 49 45 46 26 33 29 30 14 13 17 10 
1 6 5 9 2 22 21 25 18 38 37 41 34 54 53 57 50 70 69 73 66 86 85 89 82 102 101 105 98 118 119 115 114 12 11 15 138 145 141 142 158 157 161 154 174 173 177 170 190 189 193 186 206 205 209 202 222 221 225 218 238 237 241 234 254 255 251 250 136 135 131 148 168 167 163 180 200 199 195 212 232 231 227 244 243 247 248 228 211 215 216 196 179 183 184 164 147 151 152 132 28 48 47 43 60 80 79 75 92 112 111 107 124 123 127 128 108 91 95 96 76 59 63 64 44 27 31 32 16 
6
129
0 4 24 23 19 36 56 55 51 68 88 87 83 100 120 119 115 116 99 103 104 84 67 71 72 52 35 39 40 20 144 160 159 155 172 192 191 187 204 224 223 219 236 256 255 251 252 235 239 240 220 203 207 208 188 171 175 176 156 143 139 140 242 249 245 246 226 233 229 230 210 217 213 214 194 201 197 198 178 185 181 182 162 169 165 166 146 153 149 150 130 137 133 134 3 7 8 122 123 127 126 106 113 109 110 90 97 93 94 74 81 77 78 58 65 61 62 42 49 45 46 26 33 29 30 14 13 17 10 
1 6 5 9 2 22 21 25 18 38 37 41 34 54 53 57 50 70 69 73 66 86 85 89 82 102 101 105 98 118 117 121 114 12 11 15 138 145 141 142 158 157 161 154 174 173 177 170 190 189 193 186 206 205 209 202 222 221 225 218 238 237 241 234 254 253 257 250 136 135 131 148 168 167 163 180 200 199 195 212 232 231 227 244 243 247 248 228 211 215 216 196 179 183 184 164 147 151 152 132 28 48 47 43 60 80 79 75 92 112 111 107 124 125 129 128 108 91 95 96 76 59 63 64 44 27 31 32 16 
7
129
0 4 24 23 19 36 56 55 51 68 88 87 83 100 120 119 115 116 99 103 104 84 67 71 72 52 35 39 40 20 144 160 159 155 172 192 191 187 204 224 223 219 236 256 255 251 252 235 239 240 220 203 207 208 188 171 175 176 156 143 139 140 242 249 245 246 226 233 229 230 210 217 213 214 194 201 197 198 178 185 181 182 162 169 165 166 146 153 149 150 130 137 133 134 3 7 8 122 129 125 126 106 113 109 110 90 97 93 94 74 81 77 78 58 65 61 62 42 49 45 46 26 33 29 30 14 13 17 10 
1 6 5 9 2 22 21 25 18 38 37 41 34 54 53 57 50 70 69 73 66 86 85 89 82 102 101 105 98 118 117 121 114 12 11 15 138 145 141 142 158 157 161 154 174 173 177 170 190 189 193 186 206 205 209 202 222 221 225 218 238 237 241 234 254 253 257 250 136 135 131 148 168 167 163 180 200 199 195 212 232 231 227 244 243 247 248 228 211 215 216 196 179 183 184 164 147 151 152 132 28 48 47 43 60 80 79 75 92 112 111 107 124 123 127 128 108 91 95 96 76 59 63 64 44 27 31 32 16 
8
129
0 4 24 23 19 36 56 55 51 68 88 87 83 100 120 121 117 116 99 103 104 84 67 71 72 52 35 39 40 20 144 160 159 155 172 192 191 187 204 224 223 219 236 256 255 251 252 235 239 240 220 203 207 208 188 171 175 176 156 143 139 140 242 249 245 246 226 233 229 230 210 217 213 214 194 201 197 198 178 185 181 182 162 169 165 166 146 153 149 150 130 137 133 134 3 7 8 122 123 127 126 106 113 109 110 90 97 93 94 74 81 77 78 58 65 61 62 42 49 45 46 26 33 29 30 14 13 17 10 
1 6 5 9 2 22 21 25 18 38 37 41 34 54 53 57 50 70 69 73 66 86 85 89 82 102 101 105 98 118 119 115 114 12 11 15 138 145 141 142 158 157 161 154 174 173 177 170 190 189 193 186 206 205 209 202 222 221 225 218 238 237 241 234 254 253 257 250 136 135 131 148 168 167 163 180 200 199 195 212 232 231 227 244 243 247 248 228 211 215 216 196 179 183 184 164 147 151 152 132 28 48 47 43 60 80 79 75 92 112 111 107 124 125 129 128 108 91 95 96 76 59 63 64 44 27 31 32 16 
9
129
0 4 24 23 19 36 56 55 51 68 88 87 83 100 120 121 117 116 99 103 104 84 67 71 72 52 35 39 40 20 144 160 159 155 172 192 191 187 204 224 223 219 236 256 255 251 252 235 239 240 220 203 207 208 188 171 175 176 156 143 139 140 242 249 245 246 226 233 229 230 210 217 213 214 194 201 197 198 178 185 181 182 162 169 165 166 146 153 149 150 130 137 133 134 3 7 8 122 129 125 126 106 113 109 110 90 97 93 94 74 81 77 78 58 65 61 62 42 49 45 46 26 33 29 30 14 13 17 10 
1 6 5 9 2 22 21 25 18 38 37 41 34 54 53 57 50 70 69 73 66 86 85 89 82 102 101 105 98 118 119 115 114 12 11 15 138 145 141 142 158 157 161 154 174 173 177 170 190 189 193 186 206 205 209 202 222 221 225 218 238 237 241 234 254 253 257 250 136 135 131 148 168 167 163 180 200 199 195 212 232 231 227 244 243 247 248 228 211 215 216 196 179 183 184 164 147 151 152 132 28 48 47 43 60 80 79 75 92 112 111 107 124 123 127 128 108 91 95 96 76 59 63 64 44 27 31 32 16 
10
129
0 4 24 23 19 36 56 55 51 68 88 87 83 100 120 119 115 116 99 103 104 84 67 71 72 52 35 39 40 20 144 160 159 155 172 192 191 187 204 224 223 219 236 256 255 251 252 235 239 240 220 203 207 208 188 171 175 176 156 143 139 140 242 243 247 246 226 233 229 230 210 217 213 214 194 201 197 198 178 185 181 182 162 169 165 166 146 153 149 150 130 137 133 134 3 7 8 122 123 127 126 106 113 109 110 90 97 93 94 74 81 77 78 58 65 61 62 42 49 45 46 26 33 29 30 14 13 17 10 
1 6 5 9 2 22 21 25 18 38 37 41 34 54 53 57 50 70 69 73 66 86 85 89 82 102 101 105 98 118 117 121 114 12 11 15 138 145 141 142 158 157 161 154 174 173 177 170 190 189 193 186 206 205 209 202 222 221 225 218 238 237 241 234 254 253 257 250 136 135 131 148 168 167 163 180 200 199 195 212 232 231 227 244 245 249 248 228 211 215 216 196 179 183 184 164 147 151 152 132 28 48 47 43 60 80 79 75 92 112 111 107 124 125 129 128 108 91 95 96 76 59 63 64 44 27 31 32 16 
11
129
0 4 24 23 19 36 56 55 51 68 88 87 83 100 120 119 115 116 99 103 104 84 67 71 72 52 35 39 40 20 144 160 159 155 172 192 191 187 204 224 223 219 236 256 255 251 252 235 239 240 220 203 207 208 188 171 175 176 156 143 139 140 242 243 247 246 226 233 229 230 210 217 213 214 194 201 197 198 178 185 181 182 162 169 165 166 146 153 149 150 130 137 133 134 3 7 8 122 129 125 126 106 113 109 110 90 97 93 94 74 81 77 78 58 65 61 62 42 49 45 46 26 33 29 30 14 13 17 10 
1 6 5 9 2 22 21 25 18 38 37 41 34 54 53 57 50 70 69 73 66 86 85 89 82 102 101 105 98 118 117 121 114 12 11 15 138 145 141 142 158 157 161 154 174 173 177 170 190 189 193 186 206 205 209 202 222 221 225 218 238 237 241 234 254 253 257 250 136 135 131 148 168 167 163 180 200 199 195 212 232 231 227 244 245 249 248 228 211 215 216 196 179 183 184 164 147 151 152 132 28 48 47 43 60 80 79 75 92 112 111 107 124 123 127 128 108 91 95 96 76 59 63 64 44 27 31 32 16 
12
129
0 4 24 23 19 36 56 55 51 68 88 87 83 100 120 121 117 116 99 103 104 84 67 71 72 52 35 39 40 20 144 160 159 155 172 192 191 187 204 224 223 219 236 256 255 251 252 235 239 240 220 203 207 208 188 171 175 176 156 143 139 140 242 243 247 246 226 233 229 230 210 217 213 214 194 201 197 198 178 185 181 182 162 169 165 166 146 153 149 150 130 137 133 134 3 7 8 122 123 127 126 106 113 109 110 90 97 93 94 74 81 77 78 58 65 61 62 42 49 45 46 26 33 29 30 14 13 17 10 
1 6 5 9 2 22 21 25 18 38 37 41 34 54 53 57 50 70 69 73 66 86 85 89 82 102 101 105 98 118 119 115 114 12 11 15 138 145 141 142 158 157 161 154 174 173 177 170 190 189 193 186 206 205 209 202 222 221 225 218 238 237 241 234 254 253 257 250 136 135 131 148 168 167 163 180 200 199 195 212 232 231 227 244 245 249 248 228 211 215 216 196 179 183 184 164 147 151 152 132 28 48 47 43 60 80 79 75 92 112 111 107 124 125 129 128 108 91 95 96 76 59 63 64 44 27 31 32 16 
13
129
0 4 24 23 19 36 56 55 51 68 88 87 83 100 120 121 117 116 99 103 104 84 67 71 72 52 35 39 40 20 144 160 159 155 172 192 191 187 204 224 223 219 236 256 255 251 252 235 239 240 220 203 207 208 188 171 175 176 156 143 139 140 242 243 247 246 226 233 229 230 210 217 213 214 194 201 197 198 178 185 181 182 162 169 165 166 146 153 149 150 130 137 133 134 3 7 8 122 129 125 126 106 113 109 110 90 97 93 94 74 81 77 78 58 65 61 62 42 49 45 46 26 33 29 30 14 13 17 10 
1 6 5 9 2 22 21 25 18 38 37 41 34 54 53 57 50 70 69 73 66 86 85 89 82 102 101 105 98 118 119 115 114 12 11 15 138 145 141 142 158 157 161 154 174 173 177 170 190 189 193 186 206 205 209 202 222 221 225 218 238 237 241 234 254 253 257 250 136 135 131 148 168 167 163 180 200 199 195 212 232 231 227 244 245 249 248 228 211 215 216 196 179 183 184 164 147 151 152 132 28 48 47 43 60 80 79 75 92 112 111 107 124 123 127 128 108 91 95 96 76 59 63 64 44 27 31 32 16 
14
129
0 4 24 23 19 36 56 55 51 68 88 87 83 100 120 119 115 116 99 103 104 84 67 71 72 52 35 39 40 20 144 160 159 155 172 192 191 187 204 224 223 219 236 256 257 253 252 235 239 240 220 203 207 208 188 171 175 176 156 143 139 140 242 243 247 246 226 233 229 230 210 217 213 214 194 201 197 198 178 185 181 182 162 169 165 166 146 153 149 150 130 137 133 134 3 7 8 122 123 127 126 106 113 109 110 90 97 93 94 74 81 77 78 58 65 61 62 42 49 45 46 26 33 29 30 14 13 17 10 
1 6 5 9 2 22 21 25 18 38 37 41 34 54 53 57 50 70 69 73 66 86 85 89 82 102 101 105 98 118 117 121 114 12 11 15 138 145 141 142 158 157 161 154 174 173 177 170 190 189 193 186 206 205 209 202 222 221 225 218 238 237 241 234 254 255 251 250 136 135 131 148 168 167 163 180 200 199 195 212 232 231 227 244 245 249 248 228 211 215 216 196 179 183 184 164 147 151 152 132 28 48 47 43 60 80 79 75 92 112 111 107 124 125 129 128 108 91 95 96 76 59 63 64 44 27 31 32 16 
15
129
0 4 24 23 19 36 56 55 51 68 88 87 83 100 120 121 117 116 99 103 104 84 67 71 72 52 35 39 40 20 144 160 159 155 172 192 191 187 204 224 223 219 236 256 257 253 252 235 239 240 220 203 207 208 188 171 175 176 156 143 139 140 242 243 247 246 226 233 229 230 210 217 213 214 194 201 197 198 178 185 181 182 162 169 165 166 146 153 149 150 130 137 133 134 3 7 8 122 123 127 126 106 113 109 110 90 97 93 94 74 81 77 78 58 65 61 62 42 49 45 46 26 33 29 30 14 13 17 10 
1 6 5 9 2 22 21 25 18 38 37 41 34 54 53 57 50 70 69 73 66 86 85 89 82 102 101 105 98 118 119 115 114 12 11 15 138 145 141 142 158 157 161 154 174 173 177 170 190 189 193 186 206 205 209 202 222 221 225 218 238 237 241 234 254 255 251 250 136 135 131 148 168 167 163 180 200 199 195 212 232 231 227 244 245 249 248 228 211 215 216 196 179 183 184 164 147 151 152 132 28 48 47 43 60 80 79 75 92 112 111 107 124 125 129 128 108 91 95 96 76 59 63 64 44 27 31 32 16 
16
129
0 4 24 23 19 36 56 55 51 68 88 87 83 100 120 121 117 116 99 103 104 84 67 71 72 52 35 39 40 20 144 160 159 155 172 192 191 187 204 224 223 219 236 256 257 253 252 235 239 240 220 203 207 208 188 171 175 176 156 143 139 140 242 243 247 246 226 233 229 230 210 217 213 214 194 201 197 198 178 185 181 182 162 169 165 166 146 153 149 150 130 137 133 134 3 7 8 122 129 125 126 106 113 109 110 90 97 93 94 74 81 77 78 58 65 61 62 42 49 45 46 26 33 29 30 14 13 17 10 
1 6 5 9 2 22 21 25 18 38 37 41 34 54 53 57 50 70 69 73 66 86 85 89 82 102 101 105 98 118 119 115 114 12 11 15 138 145 141 142 158 157 161 154 174 173 177 170 190 189 193 186 206 205 209 202 222 221 225 218 238 237 241 234 254 255 251 250 136 135 131 148 168 167 163 180 200 199 195 212 232 231 227 244 245 249 248 228 211 215 216 196 179 183 184 164 147 151 152 132 28 48 47 43 60 80 79 75 92 112 111 107 124 123 127 128 108 91 95 96 76 59 63 64 44 27 31 32 16 
