4
1
57
1 6 5 9 2 22 21 25 18 38 37 41 34 54 53 57 50 70 69 73 66 86 85 89 82 102 101 105 98 12 11 15 28 48 47 43 60 80 79 75 92 112 111 107 108 91 95 96 76 59 63 64 44 27 31 32 16 
0 4 24 23 19 36 56 55 51 68 88 87 83 100 99 103 104 84 67 71 72 52 35 39 40 20 3 7 8 106 113 109 110 90 97 93 94 74 81 77 78 58 65 61 62 42 49 45 46 26 33 29 30 14 13 17 10 
2
57
1 6 5 9 2 22 21 25 18 38 37 41 34 54 53 57 50 70 69 73 66 86 85 89 82 102 103 99 98 12 11 15 28 48 47 43 60 80 79 75 92 112 113 109 108 91 95 96 76 59 63 64 44 27 31 32 16 
0 4 24 23 19 36 56 55 51 68 88 87 83 100 101 105 104 84 67 71 72 52 35 39 40 20 3 7 8 106 107 111 110 90 97 93 94 74 81 77 78 58 65 61 62 42 49 45 46 26 33 29 30 14 13 17 10 
3
57
1 6 5 9 2 22 21 25 18 38 37 41 34 54 53 57 50 70 69 73 66 86 85 89 82 102 103 99 98 12 11 15 28 48 47 43 60 80 79 75 92 112 111 107 108 91 95 96 76 59 63 64 44 27 31 32 16 
0 4 24 23 19 36 56 55 51 68 88 87 83 100 101 105 104 84 67 71 72 52 35 39 40 20 3 7 8 106 113 109 110 90 97 93 94 74 81 77 78 58 65 61 62 42 49 45 46 26 33 29 30 14 13 17 10 
4
57
1 6 5 9 2 22 21 25 18 38 37 41 34 54 53 57 50 70 69 73 66 86 85 89 82 102 101 105 98 12 11 15 28 48 47 43 60 80 79 75 92 112 113 109 108 91 95 96 76 59 63 64 44 27 31 32 16 
0 4 24 23 19 36 56 55 51 68 88 87 83 100 99 103 104 84 67 71 72 52 35 39 40 20 3 7 8 106 107 111 110 90 97 93 94 74 81 77 78 58 65 61 62 42 49 45 46 26 33 29 30 14 13 17 10 
