4
1
65
1 6 5 9 2 22 21 25 18 38 39 35 34 54 53 57 50 70 88 87 83 100 101 105 104 118 117 121 114 84 71 67 66 12 11 15 28 48 49 60 106 107 111 124 123 127 128 110 90 97 93 94 80 81 77 76 59 63 64 45 44 27 31 32 16 
0 4 24 23 19 36 37 56 55 51 68 69 73 72 86 85 89 82 102 120 119 115 116 103 99 98 52 41 40 20 3 7 8 74 75 79 92 122 129 125 126 112 113 109 108 91 95 96 78 58 65 61 62 42 43 47 46 26 33 29 30 14 13 17 10 
2
65
1 6 5 9 2 22 21 25 18 38 39 35 34 54 53 57 50 70 88 87 83 100 101 105 104 118 119 115 114 84 71 67 66 12 11 15 28 48 49 60 106 107 111 124 123 127 128 110 90 97 93 94 80 81 77 76 59 63 64 45 44 27 31 32 16 
0 4 24 23 19 36 37 56 55 51 68 69 73 72 86 85 89 82 102 120 121 117 116 103 99 98 52 41 40 20 3 7 8 74 75 79 92 122 129 125 126 112 113 109 108 91 95 96 78 58 65 61 62 42 43 47 46 26 33 29 30 14 13 17 10 
3
65
1 6 5 9 2 22 21 25 18 38 39 35 34 54 53 57 50 70 88 87 83 100 101 105 104 118 119 115 114 84 71 67 66 12 11 15 28 48 49 60 106 107 111 124 125 129 128 110 90 97 93 94 80 81 77 76 59 63 64 45 44 27 31 32 16 
0 4 24 23 19 36 37 56 55 51 68 69 73 72 86 85 89 82 102 120 121 117 116 103 99 98 52 41 40 20 3 7 8 74 75 79 92 122 123 127 126 112 113 109 108 91 95 96 78 58 65 61 62 42 43 47 46 26 33 29 30 14 13 17 10 
4
65
1 6 5 9 2 22 21 25 18 38 39 35 34 54 53 57 50 70 88 87 83 100 101 105 104 118 117 121 114 84 71 67 66 12 11 15 28 48 49 60 106 107 111 124 125 129 128 110 90 97 93 94 80 81 77 76 59 63 64 45 44 27 31 32 16 
0 4 24 23 19 36 37 56 55 51 68 69 73 72 86 85 89 82 102 120 119 115 116 103 99 98 52 41 40 20 3 7 8 74 75 79 92 122 123 127 126 112 113 109 108 91 95 96 78 58 65 61 62 42 43 47 46 26 33 29 30 14 13 17 10 
