4
1
57
0 4 5 24 25 36 37 56 55 72 73 84 104 103 99 100 83 87 88 69 68 51 52 41 40 21 20 9 8 106 107 111 110 90 97 93 94 74 75 79 78 58 65 61 62 42 43 47 46 26 27 31 30 14 15 11 10 
1 6 7 3 2 22 23 19 18 38 39 35 34 54 53 57 50 70 71 67 66 86 85 89 82 102 101 105 98 12 13 28 29 48 49 60 59 76 77 96 95 91 108 109 113 112 92 81 80 63 64 45 44 33 32 17 16 
2
57
1 6 7 3 2 22 23 19 18 38 39 35 34 54 53 57 50 70 71 67 66 86 85 89 82 102 103 99 98 12 13 28 29 48 49 60 59 76 77 96 95 91 108 107 111 112 92 81 80 63 64 45 44 33 32 17 16 
0 4 5 24 25 36 37 56 55 72 73 84 104 105 101 100 83 87 88 69 68 51 52 41 40 21 20 9 8 106 113 109 110 90 97 93 94 74 75 79 78 58 65 61 62 42 43 47 46 26 27 31 30 14 15 11 10 
3
57
1 6 7 3 2 22 23 19 18 38 39 35 34 54 53 57 50 70 71 67 66 86 85 89 82 102 103 99 98 12 13 28 29 48 49 60 59 76 77 96 95 91 108 109 113 112 92 81 80 63 64 45 44 33 32 17 16 
0 4 5 24 25 36 37 56 55 72 73 84 104 105 101 100 83 87 88 69 68 51 52 41 40 21 20 9 8 106 107 111 110 90 97 93 94 74 75 79 78 58 65 61 62 42 43 47 46 26 27 31 30 14 15 11 10 
4
57
1 6 7 3 2 22 23 19 18 38 39 35 34 54 53 57 50 70 71 67 66 86 85 89 82 102 101 105 98 12 13 28 29 48 49 60 59 76 77 96 95 91 108 107 111 112 92 81 80 63 64 45 44 33 32 17 16 
0 4 5 24 25 36 37 56 55 72 73 84 104 103 99 100 83 87 88 69 68 51 52 41 40 21 20 9 8 106 113 109 110 90 97 93 94 74 75 79 78 58 65 61 62 42 43 47 46 26 27 31 30 14 15 11 10 
