4
1
65
0 4 24 23 40 39 114 115 119 118 98 105 101 102 82 89 85 86 66 73 69 70 56 57 53 52 35 36 19 20 3 7 8 58 59 63 76 75 92 91 108 128 129 125 124 107 111 112 95 96 79 80 62 42 49 45 46 26 33 29 30 14 13 17 10 
1 6 5 9 2 22 21 25 18 38 37 41 34 54 72 71 88 87 104 103 99 116 117 121 120 100 83 84 67 68 55 51 50 12 11 15 28 27 44 43 60 61 65 64 78 77 81 74 94 93 97 90 110 109 113 106 126 127 123 122 47 48 31 32 16 
2
65
0 4 24 23 40 39 114 115 119 118 98 105 101 102 82 89 85 86 66 73 69 70 56 57 53 52 35 36 19 20 3 7 8 58 59 63 76 75 92 91 108 128 127 123 124 107 111 112 95 96 79 80 62 42 49 45 46 26 33 29 30 14 13 17 10 
1 6 5 9 2 22 21 25 18 38 37 41 34 54 72 71 88 87 104 103 99 116 117 121 120 100 83 84 67 68 55 51 50 12 11 15 28 27 44 43 60 61 65 64 78 77 81 74 94 93 97 90 110 109 113 106 126 125 129 122 47 48 31 32 16 
3
65
0 4 24 23 40 39 114 121 117 118 98 105 101 102 82 89 85 86 66 73 69 70 56 57 53 52 35 36 19 20 3 7 8 58 59 63 76 75 92 91 108 128 129 125 124 107 111 112 95 96 79 80 62 42 49 45 46 26 33 29 30 14 13 17 10 
1 6 5 9 2 22 21 25 18 38 37 41 34 54 72 71 88 87 104 103 99 116 115 119 120 100 83 84 67 68 55 51 50 12 11 15 28 27 44 43 60 61 65 64 78 77 81 74 94 93 97 90 110 109 113 106 126 127 123 122 47 48 31 32 16 
4
65
0 4 24 23 40 39 114 121 117 118 98 105 101 102 82 89 85 86 66 73 69 70 56 57 53 52 35 36 19 20 3 7 8 58 59 63 76 75 92 91 108 128 127 123 124 107 111 112 95 96 79 80 62 42 49 45 46 26 33 29 30 14 13 17 10 
1 6 5 9 2 22 21 25 18 38 37 41 34 54 72 71 88 87 104 103 99 116 115 119 120 100 83 84 67 68 55 51 50 12 11 15 28 27 44 43 60 61 65 64 78 77 81 74 94 93 97 90 110 109 113 106 126 125 129 122 47 48 31 32 16 
