4
1
57
1 6 7 3 2 22 50 51 55 68 69 73 72 86 104 103 99 100 87 83 82 54 40 41 37 36 23 19 18 12 13 28 29 33 32 46 74 75 79 92 93 97 96 110 111 107 106 78 64 65 61 60 47 43 42 17 16 
0 4 5 34 35 39 52 53 57 56 70 98 105 101 102 88 89 85 84 71 67 66 38 24 25 21 20 9 8 26 27 31 44 45 49 48 62 90 91 95 108 109 113 112 94 80 81 77 76 63 59 58 30 14 15 11 10 
2
57
1 6 7 3 2 22 50 51 55 68 69 73 72 86 104 105 101 100 87 83 82 54 40 41 37 36 23 19 18 12 13 28 29 33 32 46 74 75 79 92 93 97 96 110 109 113 106 78 64 65 61 60 47 43 42 17 16 
0 4 5 34 35 39 52 53 57 56 70 98 99 103 102 88 89 85 84 71 67 66 38 24 25 21 20 9 8 26 27 31 44 45 49 48 62 90 91 95 108 107 111 112 94 80 81 77 76 63 59 58 30 14 15 11 10 
3
57
1 6 7 3 2 22 50 51 55 68 69 73 72 86 104 105 101 100 87 83 82 54 40 41 37 36 23 19 18 12 13 28 29 33 32 46 74 75 79 92 93 97 96 110 111 107 106 78 64 65 61 60 47 43 42 17 16 
0 4 5 34 35 39 52 53 57 56 70 98 99 103 102 88 89 85 84 71 67 66 38 24 25 21 20 9 8 26 27 31 44 45 49 48 62 90 91 95 108 109 113 112 94 80 81 77 76 63 59 58 30 14 15 11 10 
4
57
1 6 7 3 2 22 50 51 55 68 69 73 72 86 104 103 99 100 87 83 82 54 40 41 37 36 23 19 18 12 13 28 29 33 32 46 74 75 79 92 93 97 96 110 109 113 106 78 64 65 61 60 47 43 42 17 16 
0 4 5 34 35 39 52 53 57 56 70 98 105 101 102 88 89 85 84 71 67 66 38 24 25 21 20 9 8 26 27 31 44 45 49 48 62 90 91 95 108 107 111 112 94 80 81 77 76 63 59 58 30 14 15 11 10 
