256
1
{[17, 16, 15, 14, 0]}
{[5, 4, 2, 1, 0]}
34
19 10 4
8 3 27
7 4 6
1 4 22
0 2 3
19 9 6
2 5 21
14 2 18
1 10 16
12 5 23
0 12 8
20 13 15
20 9 10
14 11 17
7 13 16
11 16 18
8 14 15
13 18 24
7 15 17
0 5 20
19 11 12
22 25 6
21 26 3
24 25 9
23 31 17
21 23 30
22 28 32
29 32 1
26 29 30
27 28 31
25 28 33
24 29 33
26 27 33
30 31 32
2
{[17, 16, 15, 14, 0]}
{[6, 3, 2, 1, 0]}
34
19 10 4
8 3 21
7 4 6
1 4 25
0 2 3
19 9 6
2 5 22
14 2 18
1 10 16
12 5 26
0 12 8
20 13 15
20 9 10
14 11 17
7 13 16
11 16 18
8 14 15
13 18 23
7 15 17
0 5 20
19 11 12
22 24 1
21 27 6
24 25 17
21 23 31
23 30 3
28 32 9
22 29 32
26 29 30
27 28 31
25 28 33
24 29 33
26 27 33
30 31 32
3
{[17, 16, 15, 14, 0]}
{[8, 7, 4, 2, 0]}
34
19 10 4
8 3 22
7 4 6
1 4 23
0 2 3
19 9 6
2 5 25
14 2 18
1 10 16
12 5 31
0 12 8
20 13 15
20 9 10
14 11 17
7 13 16
11 16 18
8 14 15
13 18 21
7 15 17
0 5 20
19 11 12
23 24 17
24 25 1
21 27 3
21 22 26
22 30 6
24 28 32
23 29 32
26 29 30
27 28 31
25 28 33
29 33 9
26 27 33
30 31 32
4
{[17, 16, 15, 14, 0]}
{[9, 7, 3, 2, 0]}
34
19 10 4
8 3 30
7 4 6
1 4 25
0 2 3
19 9 6
2 5 22
14 2 18
1 10 16
12 5 21
0 12 8
20 13 15
20 9 10
14 11 17
7 13 16
11 16 18
8 14 15
13 18 24
7 15 17
0 5 20
19 11 12
23 24 9
23 25 6
21 22 27
21 26 17
22 31 3
24 28 32
23 29 32
26 29 30
27 28 31
28 33 1
25 29 33
26 27 33
30 31 32
5
{[17, 16, 15, 14, 0]}
{[6, 3, 2, 1, 0]}
34
19 10 4
8 3 26
7 4 6
1 4 25
0 2 3
19 9 6
2 5 23
14 2 18
1 10 16
12 5 21
0 12 8
20 13 15
20 9 10
14 11 17
7 13 16
11 16 18
8 14 15
13 18 22
7 15 17
0 5 20
19 11 12
22 24 9
21 27 17
24 25 6
21 23 31
23 30 3
28 32 1
22 29 32
26 29 30
27 28 31
25 28 33
24 29 33
26 27 33
30 31 32
6
{[17, 16, 15, 14, 0]}
{[9, 7, 3, 2, 0]}
34
19 10 4
8 3 21
7 4 6
1 4 25
0 2 3
19 9 6
2 5 24
14 2 18
1 10 16
12 5 30
0 12 8
20 13 15
20 9 10
14 11 17
7 13 16
11 16 18
8 14 15
13 18 22
7 15 17
0 5 20
19 11 12
23 24 1
23 25 17
21 22 27
21 26 6
22 31 3
24 28 32
23 29 32
26 29 30
27 28 31
28 33 9
25 29 33
26 27 33
30 31 32
7
{[17, 16, 15, 14, 0]}
{[5, 4, 2, 1, 0]}
34
19 10 4
8 3 23
7 4 6
1 4 22
0 2 3
19 9 6
2 5 24
14 2 18
1 10 16
12 5 27
0 12 8
20 13 15
20 9 10
14 11 17
7 13 16
11 16 18
8 14 15
13 18 21
7 15 17
0 5 20
19 11 12
22 25 17
21 26 3
24 25 1
23 31 6
21 23 30
22 28 32
29 32 9
26 29 30
27 28 31
25 28 33
24 29 33
26 27 33
30 31 32
8
{[17, 16, 15, 14, 0]}
{[8, 7, 4, 2, 0]}
34
19 10 4
8 3 31
7 4 6
1 4 23
0 2 3
19 9 6
2 5 21
14 2 18
1 10 16
12 5 22
0 12 8
20 13 15
20 9 10
14 11 17
7 13 16
11 16 18
8 14 15
13 18 25
7 15 17
0 5 20
19 11 12
23 24 6
24 25 9
21 27 3
21 22 26
22 30 17
24 28 32
23 29 32
26 29 30
27 28 31
25 28 33
29 33 1
26 27 33
30 31 32
9
{[17, 16, 15, 14, 0]}
{[16, 13, 12, 11, 10]}
34
19 10 4
8 3 26
7 4 6
1 4 32
0 2 3
19 9 6
2 5 27
14 2 18
1 10 16
12 5 31
0 12 8
20 13 15
20 9 10
14 11 17
7 13 16
11 16 18
8 14 15
13 18 33
7 15 17
0 5 20
19 11 12
23 24 25
23 26 27
21 22 28
21 27 30
21 26 29
22 25 1
22 24 6
23 29 30
25 28 32
24 28 31
30 33 9
29 33 3
31 32 17
10
{[17, 16, 15, 14, 0]}
{[17, 16, 14, 12, 10]}
34
19 10 4
8 3 27
7 4 6
1 4 31
0 2 3
19 9 6
2 5 30
14 2 18
1 10 16
12 5 33
0 12 8
20 13 15
20 9 10
14 11 17
7 13 16
11 16 18
8 14 15
13 18 32
7 15 17
0 5 20
19 11 12
23 24 25
23 26 27
21 22 28
21 27 30
21 26 29
22 25 31
22 24 1
23 29 30
25 28 33
24 28 6
26 32 3
31 33 17
29 32 9
11
{[17, 16, 15, 14, 0]}
{[16, 13, 12, 11, 10]}
34
19 10 4
8 3 31
7 4 6
1 4 32
0 2 3
19 9 6
2 5 33
14 2 18
1 10 16
12 5 26
0 12 8
20 13 15
20 9 10
14 11 17
7 13 16
11 16 18
8 14 15
13 18 27
7 15 17
0 5 20
19 11 12
23 24 25
23 26 27
21 22 28
21 27 30
21 26 29
22 25 9
22 24 17
23 29 30
25 28 32
24 28 31
30 33 1
29 33 3
31 32 6
12
{[17, 16, 15, 14, 0]}
{[17, 16, 14, 12, 10]}
34
19 10 4
8 3 33
7 4 6
1 4 31
0 2 3
19 9 6
2 5 32
14 2 18
1 10 16
12 5 27
0 12 8
20 13 15
20 9 10
14 11 17
7 13 16
11 16 18
8 14 15
13 18 30
7 15 17
0 5 20
19 11 12
23 24 25
23 26 27
21 22 28
21 27 30
21 26 29
22 25 31
22 24 9
23 29 30
25 28 33
24 28 17
26 32 3
31 33 6
29 32 1
13
{[17, 16, 15, 14, 0]}
{[17, 16, 15, 13, 11]}
34
19 10 4
8 3 31
7 4 6
1 4 33
0 2 3
19 9 6
2 5 32
14 2 18
1 10 16
12 5 29
0 12 8
20 13 15
20 9 10
14 11 17
7 13 16
11 16 18
8 14 15
13 18 26
7 15 17
0 5 20
19 11 12
23 24 25
23 26 27
21 22 28
21 27 30
21 26 29
22 25 17
22 24 31
23 29 30
25 28 9
24 28 33
27 32 1
31 33 6
30 32 3
14
{[17, 16, 15, 14, 0]}
{[17, 16, 15, 13, 11]}
34
19 10 4
8 3 29
7 4 6
1 4 33
0 2 3
19 9 6
2 5 26
14 2 18
1 10 16
12 5 31
0 12 8
20 13 15
20 9 10
14 11 17
7 13 16
11 16 18
8 14 15
13 18 32
7 15 17
0 5 20
19 11 12
23 24 25
23 26 27
21 22 28
21 27 30
21 26 29
22 25 6
22 24 31
23 29 30
25 28 1
24 28 33
27 32 9
31 33 17
30 32 3
15
{[17, 16, 15, 14, 0]}
{[17, 15, 14, 13, 12]}
34
19 10 4
8 3 32
7 4 6
1 4 31
0 2 3
19 9 6
2 5 33
14 2 18
1 10 16
12 5 30
0 12 8
20 13 15
20 9 10
14 11 17
7 13 16
11 16 18
8 14 15
13 18 29
7 15 17
0 5 20
19 11 12
23 24 25
23 26 27
21 22 28
21 27 30
21 26 29
22 25 32
22 24 31
23 29 30
25 28 17
24 28 9
27 33 3
26 33 1
31 32 6
16
{[17, 16, 15, 14, 0]}
{[17, 15, 14, 13, 12]}
34
19 10 4
8 3 30
7 4 6
1 4 31
0 2 3
19 9 6
2 5 29
14 2 18
1 10 16
12 5 32
0 12 8
20 13 15
20 9 10
14 11 17
7 13 16
11 16 18
8 14 15
13 18 33
7 15 17
0 5 20
19 11 12
23 24 25
23 26 27
21 22 28
21 27 30
21 26 29
22 25 32
22 24 31
23 29 30
25 28 6
24 28 1
27 33 3
26 33 9
31 32 17
17
{[17, 16, 15, 14, 0]}
{[5, 4, 2, 1, 0]}
34
19 10 4
8 3 23
7 4 6
1 4 22
0 2 3
19 9 6
2 5 24
14 2 18
1 10 16
12 5 27
0 12 8
20 13 15
20 9 10
14 11 17
7 13 16
11 16 18
8 14 15
13 18 21
7 15 17
0 5 20
19 11 12
22 25 17
21 26 3
24 25 1
23 31 6
21 23 30
22 28 32
29 32 9
26 29 30
27 28 31
25 28 33
24 29 33
26 27 33
30 31 32
18
{[17, 16, 15, 14, 0]}
{[6, 3, 2, 1, 0]}
34
19 10 4
8 3 26
7 4 6
1 4 25
0 2 3
19 9 6
2 5 23
14 2 18
1 10 16
12 5 21
0 12 8
20 13 15
20 9 10
14 11 17
7 13 16
11 16 18
8 14 15
13 18 22
7 15 17
0 5 20
19 11 12
22 24 9
21 27 17
24 25 6
21 23 31
23 30 3
28 32 1
22 29 32
26 29 30
27 28 31
25 28 33
24 29 33
26 27 33
30 31 32
19
{[17, 16, 15, 14, 0]}
{[8, 7, 4, 2, 0]}
34
19 10 4
8 3 31
7 4 6
1 4 23
0 2 3
19 9 6
2 5 21
14 2 18
1 10 16
12 5 22
0 12 8
20 13 15
20 9 10
14 11 17
7 13 16
11 16 18
8 14 15
13 18 25
7 15 17
0 5 20
19 11 12
23 24 6
24 25 9
21 27 3
21 22 26
22 30 17
24 28 32
23 29 32
26 29 30
27 28 31
25 28 33
29 33 1
26 27 33
30 31 32
20
{[17, 16, 15, 14, 0]}
{[9, 7, 3, 2, 0]}
34
19 10 4
8 3 21
7 4 6
1 4 25
0 2 3
19 9 6
2 5 24
14 2 18
1 10 16
12 5 30
0 12 8
20 13 15
20 9 10
14 11 17
7 13 16
11 16 18
8 14 15
13 18 22
7 15 17
0 5 20
19 11 12
23 24 1
23 25 17
21 22 27
21 26 6
22 31 3
24 28 32
23 29 32
26 29 30
27 28 31
28 33 9
25 29 33
26 27 33
30 31 32
21
{[17, 16, 15, 14, 0]}
{[6, 3, 2, 1, 0]}
34
19 10 4
8 3 21
7 4 6
1 4 25
0 2 3
19 9 6
2 5 22
14 2 18
1 10 16
12 5 26
0 12 8
20 13 15
20 9 10
14 11 17
7 13 16
11 16 18
8 14 15
13 18 23
7 15 17
0 5 20
19 11 12
22 24 1
21 27 6
24 25 17
21 23 31
23 30 3
28 32 9
22 29 32
26 29 30
27 28 31
25 28 33
24 29 33
26 27 33
30 31 32
22
{[17, 16, 15, 14, 0]}
{[9, 7, 3, 2, 0]}
34
19 10 4
8 3 30
7 4 6
1 4 25
0 2 3
19 9 6
2 5 22
14 2 18
1 10 16
12 5 21
0 12 8
20 13 15
20 9 10
14 11 17
7 13 16
11 16 18
8 14 15
13 18 24
7 15 17
0 5 20
19 11 12
23 24 9
23 25 6
21 22 27
21 26 17
22 31 3
24 28 32
23 29 32
26 29 30
27 28 31
28 33 1
25 29 33
26 27 33
30 31 32
23
{[17, 16, 15, 14, 0]}
{[5, 4, 2, 1, 0]}
34
19 10 4
8 3 27
7 4 6
1 4 22
0 2 3
19 9 6
2 5 21
14 2 18
1 10 16
12 5 23
0 12 8
20 13 15
20 9 10
14 11 17
7 13 16
11 16 18
8 14 15
13 18 24
7 15 17
0 5 20
19 11 12
22 25 6
21 26 3
24 25 9
23 31 17
21 23 30
22 28 32
29 32 1
26 29 30
27 28 31
25 28 33
24 29 33
26 27 33
30 31 32
24
{[17, 16, 15, 14, 0]}
{[8, 7, 4, 2, 0]}
34
19 10 4
8 3 22
7 4 6
1 4 23
0 2 3
19 9 6
2 5 25
14 2 18
1 10 16
12 5 31
0 12 8
20 13 15
20 9 10
14 11 17
7 13 16
11 16 18
8 14 15
13 18 21
7 15 17
0 5 20
19 11 12
23 24 17
24 25 1
21 27 3
21 22 26
22 30 6
24 28 32
23 29 32
26 29 30
27 28 31
25 28 33
29 33 9
26 27 33
30 31 32
25
{[17, 16, 15, 14, 0]}
{[16, 13, 12, 11, 10]}
34
19 10 4
8 3 31
7 4 6
1 4 32
0 2 3
19 9 6
2 5 33
14 2 18
1 10 16
12 5 26
0 12 8
20 13 15
20 9 10
14 11 17
7 13 16
11 16 18
8 14 15
13 18 27
7 15 17
0 5 20
19 11 12
23 24 25
23 26 27
21 22 28
21 27 30
21 26 29
22 25 9
22 24 17
23 29 30
25 28 32
24 28 31
30 33 1
29 33 3
31 32 6
26
{[17, 16, 15, 14, 0]}
{[17, 16, 14, 12, 10]}
34
19 10 4
8 3 33
7 4 6
1 4 31
0 2 3
19 9 6
2 5 32
14 2 18
1 10 16
12 5 27
0 12 8
20 13 15
20 9 10
14 11 17
7 13 16
11 16 18
8 14 15
13 18 30
7 15 17
0 5 20
19 11 12
23 24 25
23 26 27
21 22 28
21 27 30
21 26 29
22 25 31
22 24 9
23 29 30
25 28 33
24 28 17
26 32 3
31 33 6
29 32 1
27
{[17, 16, 15, 14, 0]}
{[16, 13, 12, 11, 10]}
34
19 10 4
8 3 26
7 4 6
1 4 32
0 2 3
19 9 6
2 5 27
14 2 18
1 10 16
12 5 31
0 12 8
20 13 15
20 9 10
14 11 17
7 13 16
11 16 18
8 14 15
13 18 33
7 15 17
0 5 20
19 11 12
23 24 25
23 26 27
21 22 28
21 27 30
21 26 29
22 25 1
22 24 6
23 29 30
25 28 32
24 28 31
30 33 9
29 33 3
31 32 17
28
{[17, 16, 15, 14, 0]}
{[17, 16, 14, 12, 10]}
34
19 10 4
8 3 27
7 4 6
1 4 31
0 2 3
19 9 6
2 5 30
14 2 18
1 10 16
12 5 33
0 12 8
20 13 15
20 9 10
14 11 17
7 13 16
11 16 18
8 14 15
13 18 32
7 15 17
0 5 20
19 11 12
23 24 25
23 26 27
21 22 28
21 27 30
21 26 29
22 25 31
22 24 1
23 29 30
25 28 33
24 28 6
26 32 3
31 33 17
29 32 9
29
{[17, 16, 15, 14, 0]}
{[17, 16, 15, 13, 11]}
34
19 10 4
8 3 29
7 4 6
1 4 33
0 2 3
19 9 6
2 5 26
14 2 18
1 10 16
12 5 31
0 12 8
20 13 15
20 9 10
14 11 17
7 13 16
11 16 18
8 14 15
13 18 32
7 15 17
0 5 20
19 11 12
23 24 25
23 26 27
21 22 28
21 27 30
21 26 29
22 25 6
22 24 31
23 29 30
25 28 1
24 28 33
27 32 9
31 33 17
30 32 3
30
{[17, 16, 15, 14, 0]}
{[17, 16, 15, 13, 11]}
34
19 10 4
8 3 31
7 4 6
1 4 33
0 2 3
19 9 6
2 5 32
14 2 18
1 10 16
12 5 29
0 12 8
20 13 15
20 9 10
14 11 17
7 13 16
11 16 18
8 14 15
13 18 26
7 15 17
0 5 20
19 11 12
23 24 25
23 26 27
21 22 28
21 27 30
21 26 29
22 25 17
22 24 31
23 29 30
25 28 9
24 28 33
27 32 1
31 33 6
30 32 3
31
{[17, 16, 15, 14, 0]}
{[17, 15, 14, 13, 12]}
34
19 10 4
8 3 30
7 4 6
1 4 31
0 2 3
19 9 6
2 5 29
14 2 18
1 10 16
12 5 32
0 12 8
20 13 15
20 9 10
14 11 17
7 13 16
11 16 18
8 14 15
13 18 33
7 15 17
0 5 20
19 11 12
23 24 25
23 26 27
21 22 28
21 27 30
21 26 29
22 25 32
22 24 31
23 29 30
25 28 6
24 28 1
27 33 3
26 33 9
31 32 17
32
{[17, 16, 15, 14, 0]}
{[17, 15, 14, 13, 12]}
34
19 10 4
8 3 32
7 4 6
1 4 31
0 2 3
19 9 6
2 5 33
14 2 18
1 10 16
12 5 30
0 12 8
20 13 15
20 9 10
14 11 17
7 13 16
11 16 18
8 14 15
13 18 29
7 15 17
0 5 20
19 11 12
23 24 25
23 26 27
21 22 28
21 27 30
21 26 29
22 25 32
22 24 31
23 29 30
25 28 17
24 28 9
27 33 3
26 33 1
31 32 6
33
{[25, 24, 13, 11, 1]}
{[5, 4, 2, 1, 0]}
34
13 19 11
8 3 12
7 4 6
13 1 4
2 3 22
9 6 21
14 2 5
16 2 20
1 18 24
11 5 23
15 17 27
0 9 12
14 1 11
0 14 3
13 12 6
16 10 19
7 15 18
10 18 20
8 16 17
0 15 20
7 17 19
22 25 5
21 26 4
24 25 9
23 31 8
21 23 30
22 28 32
29 32 10
26 29 30
27 28 31
25 28 33
24 29 33
26 27 33
30 31 32
34
{[25, 24, 13, 11, 1]}
{[6, 3, 2, 1, 0]}
34
13 19 11
8 3 12
7 4 6
13 1 4
2 3 25
9 6 22
14 2 5
16 2 20
1 18 23
11 5 26
15 17 21
0 9 12
14 1 11
0 14 3
13 12 6
16 10 19
7 15 18
10 18 20
8 16 17
0 15 20
7 17 19
22 24 10
21 27 5
24 25 8
21 23 31
23 30 4
28 32 9
22 29 32
26 29 30
27 28 31
25 28 33
24 29 33
26 27 33
30 31 32
35
{[25, 24, 13, 11, 1]}
{[8, 7, 4, 2, 0]}
34
13 19 11
8 3 12
7 4 6
13 1 4
2 3 23
9 6 25
14 2 5
16 2 20
1 18 21
11 5 31
15 17 22
0 9 12
14 1 11
0 14 3
13 12 6
16 10 19
7 15 18
10 18 20
8 16 17
0 15 20
7 17 19
23 24 8
24 25 10
21 27 4
21 22 26
22 30 5
24 28 32
23 29 32
26 29 30
27 28 31
25 28 33
29 33 9
26 27 33
30 31 32
36
{[25, 24, 13, 11, 1]}
{[9, 7, 3, 2, 0]}
34
13 19 11
8 3 12
7 4 6
13 1 4
2 3 25
9 6 22
14 2 5
16 2 20
1 18 24
11 5 21
15 17 30
0 9 12
14 1 11
0 14 3
13 12 6
16 10 19
7 15 18
10 18 20
8 16 17
0 15 20
7 17 19
23 24 9
23 25 5
21 22 27
21 26 8
22 31 4
24 28 32
23 29 32
26 29 30
27 28 31
28 33 10
25 29 33
26 27 33
30 31 32
37
{[25, 24, 13, 11, 1]}
{[6, 3, 2, 1, 0]}
34
13 19 11
8 3 12
7 4 6
13 1 4
2 3 25
9 6 23
14 2 5
16 2 20
1 18 22
11 5 21
15 17 26
0 9 12
14 1 11
0 14 3
13 12 6
16 10 19
7 15 18
10 18 20
8 16 17
0 15 20
7 17 19
22 24 9
21 27 8
24 25 5
21 23 31
23 30 4
28 32 10
22 29 32
26 29 30
27 28 31
25 28 33
24 29 33
26 27 33
30 31 32
38
{[25, 24, 13, 11, 1]}
{[9, 7, 3, 2, 0]}
34
13 19 11
8 3 12
7 4 6
13 1 4
2 3 25
9 6 24
14 2 5
16 2 20
1 18 22
11 5 30
15 17 21
0 9 12
14 1 11
0 14 3
13 12 6
16 10 19
7 15 18
10 18 20
8 16 17
0 15 20
7 17 19
23 24 10
23 25 8
21 22 27
21 26 5
22 31 4
24 28 32
23 29 32
26 29 30
27 28 31
28 33 9
25 29 33
26 27 33
30 31 32
39
{[25, 24, 13, 11, 1]}
{[5, 4, 2, 1, 0]}
34
13 19 11
8 3 12
7 4 6
13 1 4
2 3 22
9 6 24
14 2 5
16 2 20
1 18 21
11 5 27
15 17 23
0 9 12
14 1 11
0 14 3
13 12 6
16 10 19
7 15 18
10 18 20
8 16 17
0 15 20
7 17 19
22 25 8
21 26 4
24 25 10
23 31 5
21 23 30
22 28 32
29 32 9
26 29 30
27 28 31
25 28 33
24 29 33
26 27 33
30 31 32
40
{[25, 24, 13, 11, 1]}
{[8, 7, 4, 2, 0]}
34
13 19 11
8 3 12
7 4 6
13 1 4
2 3 23
9 6 21
14 2 5
16 2 20
1 18 25
11 5 22
15 17 31
0 9 12
14 1 11
0 14 3
13 12 6
16 10 19
7 15 18
10 18 20
8 16 17
0 15 20
7 17 19
23 24 5
24 25 9
21 27 4
21 22 26
22 30 8
24 28 32
23 29 32
26 29 30
27 28 31
25 28 33
29 33 10
26 27 33
30 31 32
41
{[25, 24, 13, 11, 1]}
{[16, 13, 12, 11, 10]}
34
13 19 11
8 3 12
7 4 6
13 1 4
2 3 32
9 6 27
14 2 5
16 2 20
1 18 33
11 5 31
15 17 26
0 9 12
14 1 11
0 14 3
13 12 6
16 10 19
7 15 18
10 18 20
8 16 17
0 15 20
7 17 19
23 24 25
23 26 27
21 22 28
21 27 30
21 26 29
22 25 10
22 24 5
23 29 30
25 28 32
24 28 31
30 33 9
29 33 4
31 32 8
42
{[25, 24, 13, 11, 1]}
{[17, 16, 14, 12, 10]}
34
13 19 11
8 3 12
7 4 6
13 1 4
2 3 31
9 6 30
14 2 5
16 2 20
1 18 32
11 5 33
15 17 27
0 9 12
14 1 11
0 14 3
13 12 6
16 10 19
7 15 18
10 18 20
8 16 17
0 15 20
7 17 19
23 24 25
23 26 27
21 22 28
21 27 30
21 26 29
22 25 31
22 24 10
23 29 30
25 28 33
24 28 5
26 32 4
31 33 8
29 32 9
43
{[25, 24, 13, 11, 1]}
{[16, 13, 12, 11, 10]}
34
13 19 11
8 3 12
7 4 6
13 1 4
2 3 32
9 6 33
14 2 5
16 2 20
1 18 27
11 5 26
15 17 31
0 9 12
14 1 11
0 14 3
13 12 6
16 10 19
7 15 18
10 18 20
8 16 17
0 15 20
7 17 19
23 24 25
23 26 27
21 22 28
21 27 30
21 26 29
22 25 9
22 24 8
23 29 30
25 28 32
24 28 31
30 33 10
29 33 4
31 32 5
44
{[25, 24, 13, 11, 1]}
{[17, 16, 14, 12, 10]}
34
13 19 11
8 3 12
7 4 6
13 1 4
2 3 31
9 6 32
14 2 5
16 2 20
1 18 30
11 5 27
15 17 33
0 9 12
14 1 11
0 14 3
13 12 6
16 10 19
7 15 18
10 18 20
8 16 17
0 15 20
7 17 19
23 24 25
23 26 27
21 22 28
21 27 30
21 26 29
22 25 31
22 24 9
23 29 30
25 28 33
24 28 8
26 32 4
31 33 5
29 32 10
45
{[25, 24, 13, 11, 1]}
{[17, 16, 15, 13, 11]}
34
13 19 11
8 3 12
7 4 6
13 1 4
2 3 33
9 6 32
14 2 5
16 2 20
1 18 26
11 5 29
15 17 31
0 9 12
14 1 11
0 14 3
13 12 6
16 10 19
7 15 18
10 18 20
8 16 17
0 15 20
7 17 19
23 24 25
23 26 27
21 22 28
21 27 30
21 26 29
22 25 8
22 24 31
23 29 30
25 28 9
24 28 33
27 32 10
31 33 5
30 32 4
46
{[25, 24, 13, 11, 1]}
{[17, 16, 15, 13, 11]}
34
13 19 11
8 3 12
7 4 6
13 1 4
2 3 33
9 6 26
14 2 5
16 2 20
1 18 32
11 5 31
15 17 29
0 9 12
14 1 11
0 14 3
13 12 6
16 10 19
7 15 18
10 18 20
8 16 17
0 15 20
7 17 19
23 24 25
23 26 27
21 22 28
21 27 30
21 26 29
22 25 5
22 24 31
23 29 30
25 28 10
24 28 33
27 32 9
31 33 8
30 32 4
47
{[25, 24, 13, 11, 1]}
{[17, 15, 14, 13, 12]}
34
13 19 11
8 3 12
7 4 6
13 1 4
2 3 31
9 6 33
14 2 5
16 2 20
1 18 29
11 5 30
15 17 32
0 9 12
14 1 11
0 14 3
13 12 6
16 10 19
7 15 18
10 18 20
8 16 17
0 15 20
7 17 19
23 24 25
23 26 27
21 22 28
21 27 30
21 26 29
22 25 32
22 24 31
23 29 30
25 28 8
24 28 9
27 33 4
26 33 10
31 32 5
48
{[25, 24, 13, 11, 1]}
{[17, 15, 14, 13, 12]}
34
13 19 11
8 3 12
7 4 6
13 1 4
2 3 31
9 6 29
14 2 5
16 2 20
1 18 33
11 5 32
15 17 30
0 9 12
14 1 11
0 14 3
13 12 6
16 10 19
7 15 18
10 18 20
8 16 17
0 15 20
7 17 19
23 24 25
23 26 27
21 22 28
21 27 30
21 26 29
22 25 32
22 24 31
23 29 30
25 28 5
24 28 10
27 33 4
26 33 9
31 32 8
49
{[25, 24, 13, 11, 1]}
{[5, 4, 2, 1, 0]}
34
13 19 11
8 3 12
7 4 6
13 1 4
2 3 22
9 6 24
14 2 5
16 2 20
1 18 21
11 5 27
15 17 23
0 9 12
14 1 11
0 14 3
13 12 6
16 10 19
7 15 18
10 18 20
8 16 17
0 15 20
7 17 19
22 25 8
21 26 4
24 25 10
23 31 5
21 23 30
22 28 32
29 32 9
26 29 30
27 28 31
25 28 33
24 29 33
26 27 33
30 31 32
50
{[25, 24, 13, 11, 1]}
{[6, 3, 2, 1, 0]}
34
13 19 11
8 3 12
7 4 6
13 1 4
2 3 25
9 6 23
14 2 5
16 2 20
1 18 22
11 5 21
15 17 26
0 9 12
14 1 11
0 14 3
13 12 6
16 10 19
7 15 18
10 18 20
8 16 17
0 15 20
7 17 19
22 24 9
21 27 8
24 25 5
21 23 31
23 30 4
28 32 10
22 29 32
26 29 30
27 28 31
25 28 33
24 29 33
26 27 33
30 31 32
51
{[25, 24, 13, 11, 1]}
{[8, 7, 4, 2, 0]}
34
13 19 11
8 3 12
7 4 6
13 1 4
2 3 23
9 6 21
14 2 5
16 2 20
1 18 25
11 5 22
15 17 31
0 9 12
14 1 11
0 14 3
13 12 6
16 10 19
7 15 18
10 18 20
8 16 17
0 15 20
7 17 19
23 24 5
24 25 9
21 27 4
21 22 26
22 30 8
24 28 32
23 29 32
26 29 30
27 28 31
25 28 33
29 33 10
26 27 33
30 31 32
52
{[25, 24, 13, 11, 1]}
{[9, 7, 3, 2, 0]}
34
13 19 11
8 3 12
7 4 6
13 1 4
2 3 25
9 6 24
14 2 5
16 2 20
1 18 22
11 5 30
15 17 21
0 9 12
14 1 11
0 14 3
13 12 6
16 10 19
7 15 18
10 18 20
8 16 17
0 15 20
7 17 19
23 24 10
23 25 8
21 22 27
21 26 5
22 31 4
24 28 32
23 29 32
26 29 30
27 28 31
28 33 9
25 29 33
26 27 33
30 31 32
53
{[25, 24, 13, 11, 1]}
{[6, 3, 2, 1, 0]}
34
13 19 11
8 3 12
7 4 6
13 1 4
2 3 25
9 6 22
14 2 5
16 2 20
1 18 23
11 5 26
15 17 21
0 9 12
14 1 11
0 14 3
13 12 6
16 10 19
7 15 18
10 18 20
8 16 17
0 15 20
7 17 19
22 24 10
21 27 5
24 25 8
21 23 31
23 30 4
28 32 9
22 29 32
26 29 30
27 28 31
25 28 33
24 29 33
26 27 33
30 31 32
54
{[25, 24, 13, 11, 1]}
{[9, 7, 3, 2, 0]}
34
13 19 11
8 3 12
7 4 6
13 1 4
2 3 25
9 6 22
14 2 5
16 2 20
1 18 24
11 5 21
15 17 30
0 9 12
14 1 11
0 14 3
13 12 6
16 10 19
7 15 18
10 18 20
8 16 17
0 15 20
7 17 19
23 24 9
23 25 5
21 22 27
21 26 8
22 31 4
24 28 32
23 29 32
26 29 30
27 28 31
28 33 10
25 29 33
26 27 33
30 31 32
55
{[25, 24, 13, 11, 1]}
{[5, 4, 2, 1, 0]}
34
13 19 11
8 3 12
7 4 6
13 1 4
2 3 22
9 6 21
14 2 5
16 2 20
1 18 24
11 5 23
15 17 27
0 9 12
14 1 11
0 14 3
13 12 6
16 10 19
7 15 18
10 18 20
8 16 17
0 15 20
7 17 19
22 25 5
21 26 4
24 25 9
23 31 8
21 23 30
22 28 32
29 32 10
26 29 30
27 28 31
25 28 33
24 29 33
26 27 33
30 31 32
56
{[25, 24, 13, 11, 1]}
{[8, 7, 4, 2, 0]}
34
13 19 11
8 3 12
7 4 6
13 1 4
2 3 23
9 6 25
14 2 5
16 2 20
1 18 21
11 5 31
15 17 22
0 9 12
14 1 11
0 14 3
13 12 6
16 10 19
7 15 18
10 18 20
8 16 17
0 15 20
7 17 19
23 24 8
24 25 10
21 27 4
21 22 26
22 30 5
24 28 32
23 29 32
26 29 30
27 28 31
25 28 33
29 33 9
26 27 33
30 31 32
57
{[25, 24, 13, 11, 1]}
{[16, 13, 12, 11, 10]}
34
13 19 11
8 3 12
7 4 6
13 1 4
2 3 32
9 6 33
14 2 5
16 2 20
1 18 27
11 5 26
15 17 31
0 9 12
14 1 11
0 14 3
13 12 6
16 10 19
7 15 18
10 18 20
8 16 17
0 15 20
7 17 19
23 24 25
23 26 27
21 22 28
21 27 30
21 26 29
22 25 9
22 24 8
23 29 30
25 28 32
24 28 31
30 33 10
29 33 4
31 32 5
58
{[25, 24, 13, 11, 1]}
{[17, 16, 14, 12, 10]}
34
13 19 11
8 3 12
7 4 6
13 1 4
2 3 31
9 6 32
14 2 5
16 2 20
1 18 30
11 5 27
15 17 33
0 9 12
14 1 11
0 14 3
13 12 6
16 10 19
7 15 18
10 18 20
8 16 17
0 15 20
7 17 19
23 24 25
23 26 27
21 22 28
21 27 30
21 26 29
22 25 31
22 24 9
23 29 30
25 28 33
24 28 8
26 32 4
31 33 5
29 32 10
59
{[25, 24, 13, 11, 1]}
{[16, 13, 12, 11, 10]}
34
13 19 11
8 3 12
7 4 6
13 1 4
2 3 32
9 6 27
14 2 5
16 2 20
1 18 33
11 5 31
15 17 26
0 9 12
14 1 11
0 14 3
13 12 6
16 10 19
7 15 18
10 18 20
8 16 17
0 15 20
7 17 19
23 24 25
23 26 27
21 22 28
21 27 30
21 26 29
22 25 10
22 24 5
23 29 30
25 28 32
24 28 31
30 33 9
29 33 4
31 32 8
60
{[25, 24, 13, 11, 1]}
{[17, 16, 14, 12, 10]}
34
13 19 11
8 3 12
7 4 6
13 1 4
2 3 31
9 6 30
14 2 5
16 2 20
1 18 32
11 5 33
15 17 27
0 9 12
14 1 11
0 14 3
13 12 6
16 10 19
7 15 18
10 18 20
8 16 17
0 15 20
7 17 19
23 24 25
23 26 27
21 22 28
21 27 30
21 26 29
22 25 31
22 24 10
23 29 30
25 28 33
24 28 5
26 32 4
31 33 8
29 32 9
61
{[25, 24, 13, 11, 1]}
{[17, 16, 15, 13, 11]}
34
13 19 11
8 3 12
7 4 6
13 1 4
2 3 33
9 6 26
14 2 5
16 2 20
1 18 32
11 5 31
15 17 29
0 9 12
14 1 11
0 14 3
13 12 6
16 10 19
7 15 18
10 18 20
8 16 17
0 15 20
7 17 19
23 24 25
23 26 27
21 22 28
21 27 30
21 26 29
22 25 5
22 24 31
23 29 30
25 28 10
24 28 33
27 32 9
31 33 8
30 32 4
62
{[25, 24, 13, 11, 1]}
{[17, 16, 15, 13, 11]}
34
13 19 11
8 3 12
7 4 6
13 1 4
2 3 33
9 6 32
14 2 5
16 2 20
1 18 26
11 5 29
15 17 31
0 9 12
14 1 11
0 14 3
13 12 6
16 10 19
7 15 18
10 18 20
8 16 17
0 15 20
7 17 19
23 24 25
23 26 27
21 22 28
21 27 30
21 26 29
22 25 8
22 24 31
23 29 30
25 28 9
24 28 33
27 32 10
31 33 5
30 32 4
63
{[25, 24, 13, 11, 1]}
{[17, 15, 14, 13, 12]}
34
13 19 11
8 3 12
7 4 6
13 1 4
2 3 31
9 6 29
14 2 5
16 2 20
1 18 33
11 5 32
15 17 30
0 9 12
14 1 11
0 14 3
13 12 6
16 10 19
7 15 18
10 18 20
8 16 17
0 15 20
7 17 19
23 24 25
23 26 27
21 22 28
21 27 30
21 26 29
22 25 32
22 24 31
23 29 30
25 28 5
24 28 10
27 33 4
26 33 9
31 32 8
64
{[25, 24, 13, 11, 1]}
{[17, 15, 14, 13, 12]}
34
13 19 11
8 3 12
7 4 6
13 1 4
2 3 31
9 6 33
14 2 5
16 2 20
1 18 29
11 5 30
15 17 32
0 9 12
14 1 11
0 14 3
13 12 6
16 10 19
7 15 18
10 18 20
8 16 17
0 15 20
7 17 19
23 24 25
23 26 27
21 22 28
21 27 30
21 26 29
22 25 32
22 24 31
23 29 30
25 28 8
24 28 9
27 33 4
26 33 10
31 32 5
65
{[17, 16, 15, 4, 2]}
{[5, 4, 2, 1, 0]}
34
17 12 23
19 9 3
6 3 5
1 2 24
19 8 5
2 4 27
14 2 18
9 16 22
12 11 4
1 11 7
20 13 15
20 8 9
0 8 21
14 10 17
6 13 16
10 16 18
7 14 15
0 13 18
6 15 17
1 4 20
19 10 11
22 25 12
21 26 7
24 25 0
23 31 3
21 23 30
22 28 32
29 32 5
26 29 30
27 28 31
25 28 33
24 29 33
26 27 33
30 31 32
66
{[17, 16, 15, 4, 2]}
{[6, 3, 2, 1, 0]}
34
17 12 26
19 9 3
6 3 5
1 2 23
19 8 5
2 4 21
14 2 18
9 16 25
12 11 4
1 11 7
20 13 15
20 8 9
0 8 22
14 10 17
6 13 16
10 16 18
7 14 15
0 13 18
6 15 17
1 4 20
19 10 11
22 24 5
21 27 12
24 25 3
21 23 31
23 30 7
28 32 0
22 29 32
26 29 30
27 28 31
25 28 33
24 29 33
26 27 33
30 31 32
67
{[17, 16, 15, 4, 2]}
{[8, 7, 4, 2, 0]}
34
17 12 31
19 9 3
6 3 5
1 2 21
19 8 5
2 4 22
14 2 18
9 16 23
12 11 4
1 11 7
20 13 15
20 8 9
0 8 25
14 10 17
6 13 16
10 16 18
7 14 15
0 13 18
6 15 17
1 4 20
19 10 11
23 24 3
24 25 5
21 27 7
21 22 26
22 30 12
24 28 32
23 29 32
26 29 30
27 28 31
25 28 33
29 33 0
26 27 33
30 31 32
68
{[17, 16, 15, 4, 2]}
{[9, 7, 3, 2, 0]}
34
17 12 21
19 9 3
6 3 5
1 2 24
19 8 5
2 4 30
14 2 18
9 16 25
12 11 4
1 11 7
20 13 15
20 8 9
0 8 22
14 10 17
6 13 16
10 16 18
7 14 15
0 13 18
6 15 17
1 4 20
19 10 11
23 24 0
23 25 12
21 22 27
21 26 3
22 31 7
24 28 32
23 29 32
26 29 30
27 28 31
28 33 5
25 29 33
26 27 33
30 31 32
69
{[17, 16, 15, 4, 2]}
{[6, 3, 2, 1, 0]}
34
17 12 21
19 9 3
6 3 5
1 2 22
19 8 5
2 4 26
14 2 18
9 16 25
12 11 4
1 11 7
20 13 15
20 8 9
0 8 23
14 10 17
6 13 16
10 16 18
7 14 15
0 13 18
6 15 17
1 4 20
19 10 11
22 24 0
21 27 3
24 25 12
21 23 31
23 30 7
28 32 5
22 29 32
26 29 30
27 28 31
25 28 33
24 29 33
26 27 33
30 31 32
70
{[17, 16, 15, 4, 2]}
{[9, 7, 3, 2, 0]}
34
17 12 30
19 9 3
6 3 5
1 2 22
19 8 5
2 4 21
14 2 18
9 16 25
12 11 4
1 11 7
20 13 15
20 8 9
0 8 24
14 10 17
6 13 16
10 16 18
7 14 15
0 13 18
6 15 17
1 4 20
19 10 11
23 24 5
23 25 3
21 22 27
21 26 12
22 31 7
24 28 32
23 29 32
26 29 30
27 28 31
28 33 0
25 29 33
26 27 33
30 31 32
71
{[17, 16, 15, 4, 2]}
{[5, 4, 2, 1, 0]}
34
17 12 27
19 9 3
6 3 5
1 2 21
19 8 5
2 4 23
14 2 18
9 16 22
12 11 4
1 11 7
20 13 15
20 8 9
0 8 24
14 10 17
6 13 16
10 16 18
7 14 15
0 13 18
6 15 17
1 4 20
19 10 11
22 25 3
21 26 7
24 25 5
23 31 12
21 23 30
22 28 32
29 32 0
26 29 30
27 28 31
25 28 33
24 29 33
26 27 33
30 31 32
72
{[17, 16, 15, 4, 2]}
{[8, 7, 4, 2, 0]}
34
17 12 22
19 9 3
6 3 5
1 2 25
19 8 5
2 4 31
14 2 18
9 16 23
12 11 4
1 11 7
20 13 15
20 8 9
0 8 21
14 10 17
6 13 16
10 16 18
7 14 15
0 13 18
6 15 17
1 4 20
19 10 11
23 24 12
24 25 0
21 27 7
21 22 26
22 30 3
24 28 32
23 29 32
26 29 30
27 28 31
25 28 33
29 33 5
26 27 33
30 31 32
73
{[17, 16, 15, 4, 2]}
{[16, 13, 12, 11, 10]}
34
17 12 31
19 9 3
6 3 5
1 2 33
19 8 5
2 4 26
14 2 18
9 16 32
12 11 4
1 11 7
20 13 15
20 8 9
0 8 27
14 10 17
6 13 16
10 16 18
7 14 15
0 13 18
6 15 17
1 4 20
19 10 11
23 24 25
23 26 27
21 22 28
21 27 30
21 26 29
22 25 5
22 24 12
23 29 30
25 28 32
24 28 31
30 33 0
29 33 7
31 32 3
74
{[17, 16, 15, 4, 2]}
{[17, 16, 14, 12, 10]}
34
17 12 33
19 9 3
6 3 5
1 2 32
19 8 5
2 4 27
14 2 18
9 16 31
12 11 4
1 11 7
20 13 15
20 8 9
0 8 30
14 10 17
6 13 16
10 16 18
7 14 15
0 13 18
6 15 17
1 4 20
19 10 11
23 24 25
23 26 27
21 22 28
21 27 30
21 26 29
22 25 31
22 24 5
23 29 30
25 28 33
24 28 12
26 32 7
31 33 3
29 32 0
75
{[17, 16, 15, 4, 2]}
{[16, 13, 12, 11, 10]}
34
17 12 26
19 9 3
6 3 5
1 2 27
19 8 5
2 4 31
14 2 18
9 16 32
12 11 4
1 11 7
20 13 15
20 8 9
0 8 33
14 10 17
6 13 16
10 16 18
7 14 15
0 13 18
6 15 17
1 4 20
19 10 11
23 24 25
23 26 27
21 22 28
21 27 30
21 26 29
22 25 0
22 24 3
23 29 30
25 28 32
24 28 31
30 33 5
29 33 7
31 32 12
76
{[17, 16, 15, 4, 2]}
{[17, 16, 14, 12, 10]}
34
17 12 27
19 9 3
6 3 5
1 2 30
19 8 5
2 4 33
14 2 18
9 16 31
12 11 4
1 11 7
20 13 15
20 8 9
0 8 32
14 10 17
6 13 16
10 16 18
7 14 15
0 13 18
6 15 17
1 4 20
19 10 11
23 24 25
23 26 27
21 22 28
21 27 30
21 26 29
22 25 31
22 24 0
23 29 30
25 28 33
24 28 3
26 32 7
31 33 12
29 32 5
77
{[17, 16, 15, 4, 2]}
{[17, 16, 15, 13, 11]}
34
17 12 29
19 9 3
6 3 5
1 2 26
19 8 5
2 4 31
14 2 18
9 16 33
12 11 4
1 11 7
20 13 15
20 8 9
0 8 32
14 10 17
6 13 16
10 16 18
7 14 15
0 13 18
6 15 17
1 4 20
19 10 11
23 24 25
23 26 27
21 22 28
21 27 30
21 26 29
22 25 3
22 24 31
23 29 30
25 28 0
24 28 33
27 32 5
31 33 12
30 32 7
78
{[17, 16, 15, 4, 2]}
{[17, 16, 15, 13, 11]}
34
17 12 31
19 9 3
6 3 5
1 2 32
19 8 5
2 4 29
14 2 18
9 16 33
12 11 4
1 11 7
20 13 15
20 8 9
0 8 26
14 10 17
6 13 16
10 16 18
7 14 15
0 13 18
6 15 17
1 4 20
19 10 11
23 24 25
23 26 27
21 22 28
21 27 30
21 26 29
22 25 12
22 24 31
23 29 30
25 28 5
24 28 33
27 32 0
31 33 3
30 32 7
79
{[17, 16, 15, 4, 2]}
{[17, 15, 14, 13, 12]}
34
17 12 30
19 9 3
6 3 5
1 2 29
19 8 5
2 4 32
14 2 18
9 16 31
12 11 4
1 11 7
20 13 15
20 8 9
0 8 33
14 10 17
6 13 16
10 16 18
7 14 15
0 13 18
6 15 17
1 4 20
19 10 11
23 24 25
23 26 27
21 22 28
21 27 30
21 26 29
22 25 32
22 24 31
23 29 30
25 28 3
24 28 0
27 33 7
26 33 5
31 32 12
80
{[17, 16, 15, 4, 2]}
{[17, 15, 14, 13, 12]}
34
17 12 32
19 9 3
6 3 5
1 2 33
19 8 5
2 4 30
14 2 18
9 16 31
12 11 4
1 11 7
20 13 15
20 8 9
0 8 29
14 10 17
6 13 16
10 16 18
7 14 15
0 13 18
6 15 17
1 4 20
19 10 11
23 24 25
23 26 27
21 22 28
21 27 30
21 26 29
22 25 32
22 24 31
23 29 30
25 28 12
24 28 5
27 33 7
26 33 0
31 32 3
81
{[17, 16, 15, 4, 2]}
{[5, 4, 2, 1, 0]}
34
17 12 27
19 9 3
6 3 5
1 2 21
19 8 5
2 4 23
14 2 18
9 16 22
12 11 4
1 11 7
20 13 15
20 8 9
0 8 24
14 10 17
6 13 16
10 16 18
7 14 15
0 13 18
6 15 17
1 4 20
19 10 11
22 25 3
21 26 7
24 25 5
23 31 12
21 23 30
22 28 32
29 32 0
26 29 30
27 28 31
25 28 33
24 29 33
26 27 33
30 31 32
82
{[17, 16, 15, 4, 2]}
{[6, 3, 2, 1, 0]}
34
17 12 21
19 9 3
6 3 5
1 2 22
19 8 5
2 4 26
14 2 18
9 16 25
12 11 4
1 11 7
20 13 15
20 8 9
0 8 23
14 10 17
6 13 16
10 16 18
7 14 15
0 13 18
6 15 17
1 4 20
19 10 11
22 24 0
21 27 3
24 25 12
21 23 31
23 30 7
28 32 5
22 29 32
26 29 30
27 28 31
25 28 33
24 29 33
26 27 33
30 31 32
83
{[17, 16, 15, 4, 2]}
{[8, 7, 4, 2, 0]}
34
17 12 22
19 9 3
6 3 5
1 2 25
19 8 5
2 4 31
14 2 18
9 16 23
12 11 4
1 11 7
20 13 15
20 8 9
0 8 21
14 10 17
6 13 16
10 16 18
7 14 15
0 13 18
6 15 17
1 4 20
19 10 11
23 24 12
24 25 0
21 27 7
21 22 26
22 30 3
24 28 32
23 29 32
26 29 30
27 28 31
25 28 33
29 33 5
26 27 33
30 31 32
84
{[17, 16, 15, 4, 2]}
{[9, 7, 3, 2, 0]}
34
17 12 30
19 9 3
6 3 5
1 2 22
19 8 5
2 4 21
14 2 18
9 16 25
12 11 4
1 11 7
20 13 15
20 8 9
0 8 24
14 10 17
6 13 16
10 16 18
7 14 15
0 13 18
6 15 17
1 4 20
19 10 11
23 24 5
23 25 3
21 22 27
21 26 12
22 31 7
24 28 32
23 29 32
26 29 30
27 28 31
28 33 0
25 29 33
26 27 33
30 31 32
85
{[17, 16, 15, 4, 2]}
{[6, 3, 2, 1, 0]}
34
17 12 26
19 9 3
6 3 5
1 2 23
19 8 5
2 4 21
14 2 18
9 16 25
12 11 4
1 11 7
20 13 15
20 8 9
0 8 22
14 10 17
6 13 16
10 16 18
7 14 15
0 13 18
6 15 17
1 4 20
19 10 11
22 24 5
21 27 12
24 25 3
21 23 31
23 30 7
28 32 0
22 29 32
26 29 30
27 28 31
25 28 33
24 29 33
26 27 33
30 31 32
86
{[17, 16, 15, 4, 2]}
{[9, 7, 3, 2, 0]}
34
17 12 21
19 9 3
6 3 5
1 2 24
19 8 5
2 4 30
14 2 18
9 16 25
12 11 4
1 11 7
20 13 15
20 8 9
0 8 22
14 10 17
6 13 16
10 16 18
7 14 15
0 13 18
6 15 17
1 4 20
19 10 11
23 24 0
23 25 12
21 22 27
21 26 3
22 31 7
24 28 32
23 29 32
26 29 30
27 28 31
28 33 5
25 29 33
26 27 33
30 31 32
87
{[17, 16, 15, 4, 2]}
{[5, 4, 2, 1, 0]}
34
17 12 23
19 9 3
6 3 5
1 2 24
19 8 5
2 4 27
14 2 18
9 16 22
12 11 4
1 11 7
20 13 15
20 8 9
0 8 21
14 10 17
6 13 16
10 16 18
7 14 15
0 13 18
6 15 17
1 4 20
19 10 11
22 25 12
21 26 7
24 25 0
23 31 3
21 23 30
22 28 32
29 32 5
26 29 30
27 28 31
25 28 33
24 29 33
26 27 33
30 31 32
88
{[17, 16, 15, 4, 2]}
{[8, 7, 4, 2, 0]}
34
17 12 31
19 9 3
6 3 5
1 2 21
19 8 5
2 4 22
14 2 18
9 16 23
12 11 4
1 11 7
20 13 15
20 8 9
0 8 25
14 10 17
6 13 16
10 16 18
7 14 15
0 13 18
6 15 17
1 4 20
19 10 11
23 24 3
24 25 5
21 27 7
21 22 26
22 30 12
24 28 32
23 29 32
26 29 30
27 28 31
25 28 33
29 33 0
26 27 33
30 31 32
89
{[17, 16, 15, 4, 2]}
{[16, 13, 12, 11, 10]}
34
17 12 26
19 9 3
6 3 5
1 2 27
19 8 5
2 4 31
14 2 18
9 16 32
12 11 4
1 11 7
20 13 15
20 8 9
0 8 33
14 10 17
6 13 16
10 16 18
7 14 15
0 13 18
6 15 17
1 4 20
19 10 11
23 24 25
23 26 27
21 22 28
21 27 30
21 26 29
22 25 0
22 24 3
23 29 30
25 28 32
24 28 31
30 33 5
29 33 7
31 32 12
90
{[17, 16, 15, 4, 2]}
{[17, 16, 14, 12, 10]}
34
17 12 27
19 9 3
6 3 5
1 2 30
19 8 5
2 4 33
14 2 18
9 16 31
12 11 4
1 11 7
20 13 15
20 8 9
0 8 32
14 10 17
6 13 16
10 16 18
7 14 15
0 13 18
6 15 17
1 4 20
19 10 11
23 24 25
23 26 27
21 22 28
21 27 30
21 26 29
22 25 31
22 24 0
23 29 30
25 28 33
24 28 3
26 32 7
31 33 12
29 32 5
91
{[17, 16, 15, 4, 2]}
{[16, 13, 12, 11, 10]}
34
17 12 31
19 9 3
6 3 5
1 2 33
19 8 5
2 4 26
14 2 18
9 16 32
12 11 4
1 11 7
20 13 15
20 8 9
0 8 27
14 10 17
6 13 16
10 16 18
7 14 15
0 13 18
6 15 17
1 4 20
19 10 11
23 24 25
23 26 27
21 22 28
21 27 30
21 26 29
22 25 5
22 24 12
23 29 30
25 28 32
24 28 31
30 33 0
29 33 7
31 32 3
92
{[17, 16, 15, 4, 2]}
{[17, 16, 14, 12, 10]}
34
17 12 33
19 9 3
6 3 5
1 2 32
19 8 5
2 4 27
14 2 18
9 16 31
12 11 4
1 11 7
20 13 15
20 8 9
0 8 30
14 10 17
6 13 16
10 16 18
7 14 15
0 13 18
6 15 17
1 4 20
19 10 11
23 24 25
23 26 27
21 22 28
21 27 30
21 26 29
22 25 31
22 24 5
23 29 30
25 28 33
24 28 12
26 32 7
31 33 3
29 32 0
93
{[17, 16, 15, 4, 2]}
{[17, 16, 15, 13, 11]}
34
17 12 31
19 9 3
6 3 5
1 2 32
19 8 5
2 4 29
14 2 18
9 16 33
12 11 4
1 11 7
20 13 15
20 8 9
0 8 26
14 10 17
6 13 16
10 16 18
7 14 15
0 13 18
6 15 17
1 4 20
19 10 11
23 24 25
23 26 27
21 22 28
21 27 30
21 26 29
22 25 12
22 24 31
23 29 30
25 28 5
24 28 33
27 32 0
31 33 3
30 32 7
94
{[17, 16, 15, 4, 2]}
{[17, 16, 15, 13, 11]}
34
17 12 29
19 9 3
6 3 5
1 2 26
19 8 5
2 4 31
14 2 18
9 16 33
12 11 4
1 11 7
20 13 15
20 8 9
0 8 32
14 10 17
6 13 16
10 16 18
7 14 15
0 13 18
6 15 17
1 4 20
19 10 11
23 24 25
23 26 27
21 22 28
21 27 30
21 26 29
22 25 3
22 24 31
23 29 30
25 28 0
24 28 33
27 32 5
31 33 12
30 32 7
95
{[17, 16, 15, 4, 2]}
{[17, 15, 14, 13, 12]}
34
17 12 32
19 9 3
6 3 5
1 2 33
19 8 5
2 4 30
14 2 18
9 16 31
12 11 4
1 11 7
20 13 15
20 8 9
0 8 29
14 10 17
6 13 16
10 16 18
7 14 15
0 13 18
6 15 17
1 4 20
19 10 11
23 24 25
23 26 27
21 22 28
21 27 30
21 26 29
22 25 32
22 24 31
23 29 30
25 28 12
24 28 5
27 33 7
26 33 0
31 32 3
96
{[17, 16, 15, 4, 2]}
{[17, 15, 14, 13, 12]}
34
17 12 30
19 9 3
6 3 5
1 2 29
19 8 5
2 4 32
14 2 18
9 16 31
12 11 4
1 11 7
20 13 15
20 8 9
0 8 33
14 10 17
6 13 16
10 16 18
7 14 15
0 13 18
6 15 17
1 4 20
19 10 11
23 24 25
23 26 27
21 22 28
21 27 30
21 26 29
22 25 32
22 24 31
23 29 30
25 28 3
24 28 0
27 33 7
26 33 5
31 32 12
97
{[25, 24, 13, 10, 6]}
{[5, 4, 2, 1, 0]}
34
13 19 11
9 5 23
8 4 12
7 5 6
13 2 5
1 3 4
14 3 27
16 3 20
2 9 18
1 8 22
15 17 24
0 12 21
14 2 11
0 14 4
13 12 6
16 10 19
7 15 18
10 18 20
8 16 17
0 15 20
7 17 19
22 25 11
21 26 9
24 25 1
23 31 10
21 23 30
22 28 32
29 32 6
26 29 30
27 28 31
25 28 33
24 29 33
26 27 33
30 31 32
98
{[25, 24, 13, 10, 6]}
{[6, 3, 2, 1, 0]}
34
13 19 11
9 5 26
8 4 12
7 5 6
13 2 5
1 3 4
14 3 21
16 3 20
2 9 18
1 8 25
15 17 23
0 12 22
14 2 11
0 14 4
13 12 6
16 10 19
7 15 18
10 18 20
8 16 17
0 15 20
7 17 19
22 24 6
21 27 11
24 25 10
21 23 31
23 30 9
28 32 1
22 29 32
26 29 30
27 28 31
25 28 33
24 29 33
26 27 33
30 31 32
99
{[25, 24, 13, 10, 6]}
{[8, 7, 4, 2, 0]}
34
13 19 11
9 5 31
8 4 12
7 5 6
13 2 5
1 3 4
14 3 22
16 3 20
2 9 18
1 8 23
15 17 21
0 12 25
14 2 11
0 14 4
13 12 6
16 10 19
7 15 18
10 18 20
8 16 17
0 15 20
7 17 19
23 24 10
24 25 6
21 27 9
21 22 26
22 30 11
24 28 32
23 29 32
26 29 30
27 28 31
25 28 33
29 33 1
26 27 33
30 31 32
100
{[25, 24, 13, 10, 6]}
{[9, 7, 3, 2, 0]}
34
13 19 11
9 5 21
8 4 12
7 5 6
13 2 5
1 3 4
14 3 30
16 3 20
2 9 18
1 8 25
15 17 24
0 12 22
14 2 11
0 14 4
13 12 6
16 10 19
7 15 18
10 18 20
8 16 17
0 15 20
7 17 19
23 24 1
23 25 11
21 22 27
21 26 10
22 31 9
24 28 32
23 29 32
26 29 30
27 28 31
28 33 6
25 29 33
26 27 33
30 31 32
101
{[25, 24, 13, 10, 6]}
{[6, 3, 2, 1, 0]}
34
13 19 11
9 5 21
8 4 12
7 5 6
13 2 5
1 3 4
14 3 26
16 3 20
2 9 18
1 8 25
15 17 22
0 12 23
14 2 11
0 14 4
13 12 6
16 10 19
7 15 18
10 18 20
8 16 17
0 15 20
7 17 19
22 24 1
21 27 10
24 25 11
21 23 31
23 30 9
28 32 6
22 29 32
26 29 30
27 28 31
25 28 33
24 29 33
26 27 33
30 31 32
102
{[25, 24, 13, 10, 6]}
{[9, 7, 3, 2, 0]}
34
13 19 11
9 5 30
8 4 12
7 5 6
13 2 5
1 3 4
14 3 21
16 3 20
2 9 18
1 8 25
15 17 22
0 12 24
14 2 11
0 14 4
13 12 6
16 10 19
7 15 18
10 18 20
8 16 17
0 15 20
7 17 19
23 24 6
23 25 10
21 22 27
21 26 11
22 31 9
24 28 32
23 29 32
26 29 30
27 28 31
28 33 1
25 29 33
26 27 33
30 31 32
103
{[25, 24, 13, 10, 6]}
{[5, 4, 2, 1, 0]}
34
13 19 11
9 5 27
8 4 12
7 5 6
13 2 5
1 3 4
14 3 23
16 3 20
2 9 18
1 8 22
15 17 21
0 12 24
14 2 11
0 14 4
13 12 6
16 10 19
7 15 18
10 18 20
8 16 17
0 15 20
7 17 19
22 25 10
21 26 9
24 25 6
23 31 11
21 23 30
22 28 32
29 32 1
26 29 30
27 28 31
25 28 33
24 29 33
26 27 33
30 31 32
104
{[25, 24, 13, 10, 6]}
{[8, 7, 4, 2, 0]}
34
13 19 11
9 5 22
8 4 12
7 5 6
13 2 5
1 3 4
14 3 31
16 3 20
2 9 18
1 8 23
15 17 25
0 12 21
14 2 11
0 14 4
13 12 6
16 10 19
7 15 18
10 18 20
8 16 17
0 15 20
7 17 19
23 24 11
24 25 1
21 27 9
21 22 26
22 30 10
24 28 32
23 29 32
26 29 30
27 28 31
25 28 33
29 33 6
26 27 33
30 31 32
105
{[25, 24, 13, 10, 6]}
{[16, 13, 12, 11, 10]}
34
13 19 11
9 5 31
8 4 12
7 5 6
13 2 5
1 3 4
14 3 26
16 3 20
2 9 18
1 8 32
15 17 33
0 12 27
14 2 11
0 14 4
13 12 6
16 10 19
7 15 18
10 18 20
8 16 17
0 15 20
7 17 19
23 24 25
23 26 27
21 22 28
21 27 30
21 26 29
22 25 6
22 24 11
23 29 30
25 28 32
24 28 31
30 33 1
29 33 9
31 32 10
106
{[25, 24, 13, 10, 6]}
{[17, 16, 14, 12, 10]}
34
13 19 11
9 5 33
8 4 12
7 5 6
13 2 5
1 3 4
14 3 27
16 3 20
2 9 18
1 8 31
15 17 32
0 12 30
14 2 11
0 14 4
13 12 6
16 10 19
7 15 18
10 18 20
8 16 17
0 15 20
7 17 19
23 24 25
23 26 27
21 22 28
21 27 30
21 26 29
22 25 31
22 24 6
23 29 30
25 28 33
24 28 11
26 32 9
31 33 10
29 32 1
107
{[25, 24, 13, 10, 6]}
{[16, 13, 12, 11, 10]}
34
13 19 11
9 5 26
8 4 12
7 5 6
13 2 5
1 3 4
14 3 31
16 3 20
2 9 18
1 8 32
15 17 27
0 12 33
14 2 11
0 14 4
13 12 6
16 10 19
7 15 18
10 18 20
8 16 17
0 15 20
7 17 19
23 24 25
23 26 27
21 22 28
21 27 30
21 26 29
22 25 1
22 24 10
23 29 30
25 28 32
24 28 31
30 33 6
29 33 9
31 32 11
108
{[25, 24, 13, 10, 6]}
{[17, 16, 14, 12, 10]}
34
13 19 11
9 5 27
8 4 12
7 5 6
13 2 5
1 3 4
14 3 33
16 3 20
2 9 18
1 8 31
15 17 30
0 12 32
14 2 11
0 14 4
13 12 6
16 10 19
7 15 18
10 18 20
8 16 17
0 15 20
7 17 19
23 24 25
23 26 27
21 22 28
21 27 30
21 26 29
22 25 31
22 24 1
23 29 30
25 28 33
24 28 10
26 32 9
31 33 11
29 32 6
109
{[25, 24, 13, 10, 6]}
{[17, 16, 15, 13, 11]}
34
13 19 11
9 5 29
8 4 12
7 5 6
13 2 5
1 3 4
14 3 31
16 3 20
2 9 18
1 8 33
15 17 26
0 12 32
14 2 11
0 14 4
13 12 6
16 10 19
7 15 18
10 18 20
8 16 17
0 15 20
7 17 19
23 24 25
23 26 27
21 22 28
21 27 30
21 26 29
22 25 10
22 24 31
23 29 30
25 28 1
24 28 33
27 32 6
31 33 11
30 32 9
110
{[25, 24, 13, 10, 6]}
{[17, 16, 15, 13, 11]}
34
13 19 11
9 5 31
8 4 12
7 5 6
13 2 5
1 3 4
14 3 29
16 3 20
2 9 18
1 8 33
15 17 32
0 12 26
14 2 11
0 14 4
13 12 6
16 10 19
7 15 18
10 18 20
8 16 17
0 15 20
7 17 19
23 24 25
23 26 27
21 22 28
21 27 30
21 26 29
22 25 11
22 24 31
23 29 30
25 28 6
24 28 33
27 32 1
31 33 10
30 32 9
111
{[25, 24, 13, 10, 6]}
{[17, 15, 14, 13, 12]}
34
13 19 11
9 5 30
8 4 12
7 5 6
13 2 5
1 3 4
14 3 32
16 3 20
2 9 18
1 8 31
15 17 29
0 12 33
14 2 11
0 14 4
13 12 6
16 10 19
7 15 18
10 18 20
8 16 17
0 15 20
7 17 19
23 24 25
23 26 27
21 22 28
21 27 30
21 26 29
22 25 32
22 24 31
23 29 30
25 28 10
24 28 1
27 33 9
26 33 6
31 32 11
112
{[25, 24, 13, 10, 6]}
{[17, 15, 14, 13, 12]}
34
13 19 11
9 5 32
8 4 12
7 5 6
13 2 5
1 3 4
14 3 30
16 3 20
2 9 18
1 8 31
15 17 33
0 12 29
14 2 11
0 14 4
13 12 6
16 10 19
7 15 18
10 18 20
8 16 17
0 15 20
7 17 19
23 24 25
23 26 27
21 22 28
21 27 30
21 26 29
22 25 32
22 24 31
23 29 30
25 28 11
24 28 6
27 33 9
26 33 1
31 32 10
113
{[25, 24, 13, 10, 6]}
{[5, 4, 2, 1, 0]}
34
13 19 11
9 5 27
8 4 12
7 5 6
13 2 5
1 3 4
14 3 23
16 3 20
2 9 18
1 8 22
15 17 21
0 12 24
14 2 11
0 14 4
13 12 6
16 10 19
7 15 18
10 18 20
8 16 17
0 15 20
7 17 19
22 25 10
21 26 9
24 25 6
23 31 11
21 23 30
22 28 32
29 32 1
26 29 30
27 28 31
25 28 33
24 29 33
26 27 33
30 31 32
114
{[25, 24, 13, 10, 6]}
{[6, 3, 2, 1, 0]}
34
13 19 11
9 5 21
8 4 12
7 5 6
13 2 5
1 3 4
14 3 26
16 3 20
2 9 18
1 8 25
15 17 22
0 12 23
14 2 11
0 14 4
13 12 6
16 10 19
7 15 18
10 18 20
8 16 17
0 15 20
7 17 19
22 24 1
21 27 10
24 25 11
21 23 31
23 30 9
28 32 6
22 29 32
26 29 30
27 28 31
25 28 33
24 29 33
26 27 33
30 31 32
115
{[25, 24, 13, 10, 6]}
{[8, 7, 4, 2, 0]}
34
13 19 11
9 5 22
8 4 12
7 5 6
13 2 5
1 3 4
14 3 31
16 3 20
2 9 18
1 8 23
15 17 25
0 12 21
14 2 11
0 14 4
13 12 6
16 10 19
7 15 18
10 18 20
8 16 17
0 15 20
7 17 19
23 24 11
24 25 1
21 27 9
21 22 26
22 30 10
24 28 32
23 29 32
26 29 30
27 28 31
25 28 33
29 33 6
26 27 33
30 31 32
116
{[25, 24, 13, 10, 6]}
{[9, 7, 3, 2, 0]}
34
13 19 11
9 5 30
8 4 12
7 5 6
13 2 5
1 3 4
14 3 21
16 3 20
2 9 18
1 8 25
15 17 22
0 12 24
14 2 11
0 14 4
13 12 6
16 10 19
7 15 18
10 18 20
8 16 17
0 15 20
7 17 19
23 24 6
23 25 10
21 22 27
21 26 11
22 31 9
24 28 32
23 29 32
26 29 30
27 28 31
28 33 1
25 29 33
26 27 33
30 31 32
117
{[25, 24, 13, 10, 6]}
{[6, 3, 2, 1, 0]}
34
13 19 11
9 5 26
8 4 12
7 5 6
13 2 5
1 3 4
14 3 21
16 3 20
2 9 18
1 8 25
15 17 23
0 12 22
14 2 11
0 14 4
13 12 6
16 10 19
7 15 18
10 18 20
8 16 17
0 15 20
7 17 19
22 24 6
21 27 11
24 25 10
21 23 31
23 30 9
28 32 1
22 29 32
26 29 30
27 28 31
25 28 33
24 29 33
26 27 33
30 31 32
118
{[25, 24, 13, 10, 6]}
{[9, 7, 3, 2, 0]}
34
13 19 11
9 5 21
8 4 12
7 5 6
13 2 5
1 3 4
14 3 30
16 3 20
2 9 18
1 8 25
15 17 24
0 12 22
14 2 11
0 14 4
13 12 6
16 10 19
7 15 18
10 18 20
8 16 17
0 15 20
7 17 19
23 24 1
23 25 11
21 22 27
21 26 10
22 31 9
24 28 32
23 29 32
26 29 30
27 28 31
28 33 6
25 29 33
26 27 33
30 31 32
119
{[25, 24, 13, 10, 6]}
{[5, 4, 2, 1, 0]}
34
13 19 11
9 5 23
8 4 12
7 5 6
13 2 5
1 3 4
14 3 27
16 3 20
2 9 18
1 8 22
15 17 24
0 12 21
14 2 11
0 14 4
13 12 6
16 10 19
7 15 18
10 18 20
8 16 17
0 15 20
7 17 19
22 25 11
21 26 9
24 25 1
23 31 10
21 23 30
22 28 32
29 32 6
26 29 30
27 28 31
25 28 33
24 29 33
26 27 33
30 31 32
120
{[25, 24, 13, 10, 6]}
{[8, 7, 4, 2, 0]}
34
13 19 11
9 5 31
8 4 12
7 5 6
13 2 5
1 3 4
14 3 22
16 3 20
2 9 18
1 8 23
15 17 21
0 12 25
14 2 11
0 14 4
13 12 6
16 10 19
7 15 18
10 18 20
8 16 17
0 15 20
7 17 19
23 24 10
24 25 6
21 27 9
21 22 26
22 30 11
24 28 32
23 29 32
26 29 30
27 28 31
25 28 33
29 33 1
26 27 33
30 31 32
121
{[25, 24, 13, 10, 6]}
{[16, 13, 12, 11, 10]}
34
13 19 11
9 5 26
8 4 12
7 5 6
13 2 5
1 3 4
14 3 31
16 3 20
2 9 18
1 8 32
15 17 27
0 12 33
14 2 11
0 14 4
13 12 6
16 10 19
7 15 18
10 18 20
8 16 17
0 15 20
7 17 19
23 24 25
23 26 27
21 22 28
21 27 30
21 26 29
22 25 1
22 24 10
23 29 30
25 28 32
24 28 31
30 33 6
29 33 9
31 32 11
122
{[25, 24, 13, 10, 6]}
{[17, 16, 14, 12, 10]}
34
13 19 11
9 5 27
8 4 12
7 5 6
13 2 5
1 3 4
14 3 33
16 3 20
2 9 18
1 8 31
15 17 30
0 12 32
14 2 11
0 14 4
13 12 6
16 10 19
7 15 18
10 18 20
8 16 17
0 15 20
7 17 19
23 24 25
23 26 27
21 22 28
21 27 30
21 26 29
22 25 31
22 24 1
23 29 30
25 28 33
24 28 10
26 32 9
31 33 11
29 32 6
123
{[25, 24, 13, 10, 6]}
{[16, 13, 12, 11, 10]}
34
13 19 11
9 5 31
8 4 12
7 5 6
13 2 5
1 3 4
14 3 26
16 3 20
2 9 18
1 8 32
15 17 33
0 12 27
14 2 11
0 14 4
13 12 6
16 10 19
7 15 18
10 18 20
8 16 17
0 15 20
7 17 19
23 24 25
23 26 27
21 22 28
21 27 30
21 26 29
22 25 6
22 24 11
23 29 30
25 28 32
24 28 31
30 33 1
29 33 9
31 32 10
124
{[25, 24, 13, 10, 6]}
{[17, 16, 14, 12, 10]}
34
13 19 11
9 5 33
8 4 12
7 5 6
13 2 5
1 3 4
14 3 27
16 3 20
2 9 18
1 8 31
15 17 32
0 12 30
14 2 11
0 14 4
13 12 6
16 10 19
7 15 18
10 18 20
8 16 17
0 15 20
7 17 19
23 24 25
23 26 27
21 22 28
21 27 30
21 26 29
22 25 31
22 24 6
23 29 30
25 28 33
24 28 11
26 32 9
31 33 10
29 32 1
125
{[25, 24, 13, 10, 6]}
{[17, 16, 15, 13, 11]}
34
13 19 11
9 5 31
8 4 12
7 5 6
13 2 5
1 3 4
14 3 29
16 3 20
2 9 18
1 8 33
15 17 32
0 12 26
14 2 11
0 14 4
13 12 6
16 10 19
7 15 18
10 18 20
8 16 17
0 15 20
7 17 19
23 24 25
23 26 27
21 22 28
21 27 30
21 26 29
22 25 11
22 24 31
23 29 30
25 28 6
24 28 33
27 32 1
31 33 10
30 32 9
126
{[25, 24, 13, 10, 6]}
{[17, 16, 15, 13, 11]}
34
13 19 11
9 5 29
8 4 12
7 5 6
13 2 5
1 3 4
14 3 31
16 3 20
2 9 18
1 8 33
15 17 26
0 12 32
14 2 11
0 14 4
13 12 6
16 10 19
7 15 18
10 18 20
8 16 17
0 15 20
7 17 19
23 24 25
23 26 27
21 22 28
21 27 30
21 26 29
22 25 10
22 24 31
23 29 30
25 28 1
24 28 33
27 32 6
31 33 11
30 32 9
127
{[25, 24, 13, 10, 6]}
{[17, 15, 14, 13, 12]}
34
13 19 11
9 5 32
8 4 12
7 5 6
13 2 5
1 3 4
14 3 30
16 3 20
2 9 18
1 8 31
15 17 33
0 12 29
14 2 11
0 14 4
13 12 6
16 10 19
7 15 18
10 18 20
8 16 17
0 15 20
7 17 19
23 24 25
23 26 27
21 22 28
21 27 30
21 26 29
22 25 32
22 24 31
23 29 30
25 28 11
24 28 6
27 33 9
26 33 1
31 32 10
128
{[25, 24, 13, 10, 6]}
{[17, 15, 14, 13, 12]}
34
13 19 11
9 5 30
8 4 12
7 5 6
13 2 5
1 3 4
14 3 32
16 3 20
2 9 18
1 8 31
15 17 29
0 12 33
14 2 11
0 14 4
13 12 6
16 10 19
7 15 18
10 18 20
8 16 17
0 15 20
7 17 19
23 24 25
23 26 27
21 22 28
21 27 30
21 26 29
22 25 32
22 24 31
23 29 30
25 28 10
24 28 1
27 33 9
26 33 6
31 32 11
129
{[23, 22, 19, 18, 8]}
{[5, 4, 2, 1, 0]}
34
15 13 23
19 10 5
8 4 14
5 7 21
15 2 5
1 3 4
19 9 7
16 3 6
2 10 18
13 12 6
1 12 8
20 17 24
20 9 10
0 9 14
16 2 13
0 16 4
15 14 7
11 18 27
8 17 22
1 6 20
19 11 12
22 25 3
21 26 18
24 25 0
23 31 11
21 23 30
22 28 32
29 32 17
26 29 30
27 28 31
25 28 33
24 29 33
26 27 33
30 31 32
130
{[23, 22, 19, 18, 8]}
{[6, 3, 2, 1, 0]}
34
15 13 26
19 10 5
8 4 14
5 7 22
15 2 5
1 3 4
19 9 7
16 3 6
2 10 18
13 12 6
1 12 8
20 17 23
20 9 10
0 9 14
16 2 13
0 16 4
15 14 7
11 18 21
8 17 25
1 6 20
19 11 12
22 24 17
21 27 3
24 25 11
21 23 31
23 30 18
28 32 0
22 29 32
26 29 30
27 28 31
25 28 33
24 29 33
26 27 33
30 31 32
131
{[23, 22, 19, 18, 8]}
{[8, 7, 4, 2, 0]}
34
15 13 31
19 10 5
8 4 14
5 7 25
15 2 5
1 3 4
19 9 7
16 3 6
2 10 18
13 12 6
1 12 8
20 17 21
20 9 10
0 9 14
16 2 13
0 16 4
15 14 7
11 18 22
8 17 23
1 6 20
19 11 12
23 24 11
24 25 17
21 27 18
21 22 26
22 30 3
24 28 32
23 29 32
26 29 30
27 28 31
25 28 33
29 33 0
26 27 33
30 31 32
132
{[23, 22, 19, 18, 8]}
{[9, 7, 3, 2, 0]}
34
15 13 21
19 10 5
8 4 14
5 7 22
15 2 5
1 3 4
19 9 7
16 3 6
2 10 18
13 12 6
1 12 8
20 17 24
20 9 10
0 9 14
16 2 13
0 16 4
15 14 7
11 18 30
8 17 25
1 6 20
19 11 12
23 24 0
23 25 3
21 22 27
21 26 11
22 31 18
24 28 32
23 29 32
26 29 30
27 28 31
28 33 17
25 29 33
26 27 33
30 31 32
133
{[23, 22, 19, 18, 8]}
{[6, 3, 2, 1, 0]}
34
15 13 21
19 10 5
8 4 14
5 7 23
15 2 5
1 3 4
19 9 7
16 3 6
2 10 18
13 12 6
1 12 8
20 17 22
20 9 10
0 9 14
16 2 13
0 16 4
15 14 7
11 18 26
8 17 25
1 6 20
19 11 12
22 24 0
21 27 11
24 25 3
21 23 31
23 30 18
28 32 17
22 29 32
26 29 30
27 28 31
25 28 33
24 29 33
26 27 33
30 31 32
134
{[23, 22, 19, 18, 8]}
{[9, 7, 3, 2, 0]}
34
15 13 30
19 10 5
8 4 14
5 7 24
15 2 5
1 3 4
19 9 7
16 3 6
2 10 18
13 12 6
1 12 8
20 17 22
20 9 10
0 9 14
16 2 13
0 16 4
15 14 7
11 18 21
8 17 25
1 6 20
19 11 12
23 24 17
23 25 11
21 22 27
21 26 3
22 31 18
24 28 32
23 29 32
26 29 30
27 28 31
28 33 0
25 29 33
26 27 33
30 31 32
135
{[23, 22, 19, 18, 8]}
{[5, 4, 2, 1, 0]}
34
15 13 27
19 10 5
8 4 14
5 7 24
15 2 5
1 3 4
19 9 7
16 3 6
2 10 18
13 12 6
1 12 8
20 17 21
20 9 10
0 9 14
16 2 13
0 16 4
15 14 7
11 18 23
8 17 22
1 6 20
19 11 12
22 25 11
21 26 18
24 25 17
23 31 3
21 23 30
22 28 32
29 32 0
26 29 30
27 28 31
25 28 33
24 29 33
26 27 33
30 31 32
136
{[23, 22, 19, 18, 8]}
{[8, 7, 4, 2, 0]}
34
15 13 22
19 10 5
8 4 14
5 7 21
15 2 5
1 3 4
19 9 7
16 3 6
2 10 18
13 12 6
1 12 8
20 17 25
20 9 10
0 9 14
16 2 13
0 16 4
15 14 7
11 18 31
8 17 23
1 6 20
19 11 12
23 24 3
24 25 0
21 27 18
21 22 26
22 30 11
24 28 32
23 29 32
26 29 30
27 28 31
25 28 33
29 33 17
26 27 33
30 31 32
137
{[23, 22, 19, 18, 8]}
{[16, 13, 12, 11, 10]}
34
15 13 31
19 10 5
8 4 14
5 7 27
15 2 5
1 3 4
19 9 7
16 3 6
2 10 18
13 12 6
1 12 8
20 17 33
20 9 10
0 9 14
16 2 13
0 16 4
15 14 7
11 18 26
8 17 32
1 6 20
19 11 12
23 24 25
23 26 27
21 22 28
21 27 30
21 26 29
22 25 17
22 24 3
23 29 30
25 28 32
24 28 31
30 33 0
29 33 18
31 32 11
138
{[23, 22, 19, 18, 8]}
{[17, 16, 14, 12, 10]}
34
15 13 33
19 10 5
8 4 14
5 7 30
15 2 5
1 3 4
19 9 7
16 3 6
2 10 18
13 12 6
1 12 8
20 17 32
20 9 10
0 9 14
16 2 13
0 16 4
15 14 7
11 18 27
8 17 31
1 6 20
19 11 12
23 24 25
23 26 27
21 22 28
21 27 30
21 26 29
22 25 31
22 24 17
23 29 30
25 28 33
24 28 3
26 32 18
31 33 11
29 32 0
139
{[23, 22, 19, 18, 8]}
{[16, 13, 12, 11, 10]}
34
15 13 26
19 10 5
8 4 14
5 7 33
15 2 5
1 3 4
19 9 7
16 3 6
2 10 18
13 12 6
1 12 8
20 17 27
20 9 10
0 9 14
16 2 13
0 16 4
15 14 7
11 18 31
8 17 32
1 6 20
19 11 12
23 24 25
23 26 27
21 22 28
21 27 30
21 26 29
22 25 0
22 24 11
23 29 30
25 28 32
24 28 31
30 33 17
29 33 18
31 32 3
140
{[23, 22, 19, 18, 8]}
{[17, 16, 14, 12, 10]}
34
15 13 27
19 10 5
8 4 14
5 7 32
15 2 5
1 3 4
19 9 7
16 3 6
2 10 18
13 12 6
1 12 8
20 17 30
20 9 10
0 9 14
16 2 13
0 16 4
15 14 7
11 18 33
8 17 31
1 6 20
19 11 12
23 24 25
23 26 27
21 22 28
21 27 30
21 26 29
22 25 31
22 24 0
23 29 30
25 28 33
24 28 11
26 32 18
31 33 3
29 32 17
141
{[23, 22, 19, 18, 8]}
{[17, 16, 15, 13, 11]}
34
15 13 29
19 10 5
8 4 14
5 7 32
15 2 5
1 3 4
19 9 7
16 3 6
2 10 18
13 12 6
1 12 8
20 17 26
20 9 10
0 9 14
16 2 13
0 16 4
15 14 7
11 18 31
8 17 33
1 6 20
19 11 12
23 24 25
23 26 27
21 22 28
21 27 30
21 26 29
22 25 11
22 24 31
23 29 30
25 28 0
24 28 33
27 32 17
31 33 3
30 32 18
142
{[23, 22, 19, 18, 8]}
{[17, 16, 15, 13, 11]}
34
15 13 31
19 10 5
8 4 14
5 7 26
15 2 5
1 3 4
19 9 7
16 3 6
2 10 18
13 12 6
1 12 8
20 17 32
20 9 10
0 9 14
16 2 13
0 16 4
15 14 7
11 18 29
8 17 33
1 6 20
19 11 12
23 24 25
23 26 27
21 22 28
21 27 30
21 26 29
22 25 3
22 24 31
23 29 30
25 28 17
24 28 33
27 32 0
31 33 11
30 32 18
143
{[23, 22, 19, 18, 8]}
{[17, 15, 14, 13, 12]}
34
15 13 30
19 10 5
8 4 14
5 7 33
15 2 5
1 3 4
19 9 7
16 3 6
2 10 18
13 12 6
1 12 8
20 17 29
20 9 10
0 9 14
16 2 13
0 16 4
15 14 7
11 18 32
8 17 31
1 6 20
19 11 12
23 24 25
23 26 27
21 22 28
21 27 30
21 26 29
22 25 32
22 24 31
23 29 30
25 28 11
24 28 0
27 33 18
26 33 17
31 32 3
144
{[23, 22, 19, 18, 8]}
{[17, 15, 14, 13, 12]}
34
15 13 32
19 10 5
8 4 14
5 7 29
15 2 5
1 3 4
19 9 7
16 3 6
2 10 18
13 12 6
1 12 8
20 17 33
20 9 10
0 9 14
16 2 13
0 16 4
15 14 7
11 18 30
8 17 31
1 6 20
19 11 12
23 24 25
23 26 27
21 22 28
21 27 30
21 26 29
22 25 32
22 24 31
23 29 30
25 28 3
24 28 17
27 33 18
26 33 0
31 32 11
145
{[23, 21, 20, 19, 8]}
{[5, 4, 2, 1, 0]}
34
15 18 13
19 10 5
8 4 14
5 7 23
15 2 5
1 3 4
19 9 7
16 3 6
2 10 21
13 12 6
1 12 8
20 17 22
20 9 10
0 9 14
16 2 13
0 16 4
15 14 7
11 18 27
0 17 24
1 6 20
19 11 12
22 25 8
21 26 11
24 25 3
23 31 18
21 23 30
22 28 32
29 32 17
26 29 30
27 28 31
25 28 33
24 29 33
26 27 33
30 31 32
146
{[23, 21, 20, 19, 8]}
{[6, 3, 2, 1, 0]}
34
15 18 13
19 10 5
8 4 14
5 7 26
15 2 5
1 3 4
19 9 7
16 3 6
2 10 22
13 12 6
1 12 8
20 17 25
20 9 10
0 9 14
16 2 13
0 16 4
15 14 7
11 18 21
0 17 23
1 6 20
19 11 12
22 24 17
21 27 8
24 25 18
21 23 31
23 30 11
28 32 3
22 29 32
26 29 30
27 28 31
25 28 33
24 29 33
26 27 33
30 31 32
147
{[23, 21, 20, 19, 8]}
{[8, 7, 4, 2, 0]}
34
15 18 13
19 10 5
8 4 14
5 7 31
15 2 5
1 3 4
19 9 7
16 3 6
2 10 25
13 12 6
1 12 8
20 17 23
20 9 10
0 9 14
16 2 13
0 16 4
15 14 7
11 18 22
0 17 21
1 6 20
19 11 12
23 24 18
24 25 17
21 27 11
21 22 26
22 30 8
24 28 32
23 29 32
26 29 30
27 28 31
25 28 33
29 33 3
26 27 33
30 31 32
148
{[23, 21, 20, 19, 8]}
{[9, 7, 3, 2, 0]}
34
15 18 13
19 10 5
8 4 14
5 7 21
15 2 5
1 3 4
19 9 7
16 3 6
2 10 22
13 12 6
1 12 8
20 17 25
20 9 10
0 9 14
16 2 13
0 16 4
15 14 7
11 18 30
0 17 24
1 6 20
19 11 12
23 24 3
23 25 8
21 22 27
21 26 18
22 31 11
24 28 32
23 29 32
26 29 30
27 28 31
28 33 17
25 29 33
26 27 33
30 31 32
149
{[23, 21, 20, 19, 8]}
{[6, 3, 2, 1, 0]}
34
15 18 13
19 10 5
8 4 14
5 7 21
15 2 5
1 3 4
19 9 7
16 3 6
2 10 23
13 12 6
1 12 8
20 17 25
20 9 10
0 9 14
16 2 13
0 16 4
15 14 7
11 18 26
0 17 22
1 6 20
19 11 12
22 24 3
21 27 18
24 25 8
21 23 31
23 30 11
28 32 17
22 29 32
26 29 30
27 28 31
25 28 33
24 29 33
26 27 33
30 31 32
150
{[23, 21, 20, 19, 8]}
{[9, 7, 3, 2, 0]}
34
15 18 13
19 10 5
8 4 14
5 7 30
15 2 5
1 3 4
19 9 7
16 3 6
2 10 24
13 12 6
1 12 8
20 17 25
20 9 10
0 9 14
16 2 13
0 16 4
15 14 7
11 18 21
0 17 22
1 6 20
19 11 12
23 24 17
23 25 18
21 22 27
21 26 8
22 31 11
24 28 32
23 29 32
26 29 30
27 28 31
28 33 3
25 29 33
26 27 33
30 31 32
151
{[23, 21, 20, 19, 8]}
{[5, 4, 2, 1, 0]}
34
15 18 13
19 10 5
8 4 14
5 7 27
15 2 5
1 3 4
19 9 7
16 3 6
2 10 24
13 12 6
1 12 8
20 17 22
20 9 10
0 9 14
16 2 13
0 16 4
15 14 7
11 18 23
0 17 21
1 6 20
19 11 12
22 25 18
21 26 11
24 25 17
23 31 8
21 23 30
22 28 32
29 32 3
26 29 30
27 28 31
25 28 33
24 29 33
26 27 33
30 31 32
152
{[23, 21, 20, 19, 8]}
{[8, 7, 4, 2, 0]}
34
15 18 13
19 10 5
8 4 14
5 7 22
15 2 5
1 3 4
19 9 7
16 3 6
2 10 21
13 12 6
1 12 8
20 17 23
20 9 10
0 9 14
16 2 13
0 16 4
15 14 7
11 18 31
0 17 25
1 6 20
19 11 12
23 24 8
24 25 3
21 27 11
21 22 26
22 30 18
24 28 32
23 29 32
26 29 30
27 28 31
25 28 33
29 33 17
26 27 33
30 31 32
153
{[23, 21, 20, 19, 8]}
{[16, 13, 12, 11, 10]}
34
15 18 13
19 10 5
8 4 14
5 7 31
15 2 5
1 3 4
19 9 7
16 3 6
2 10 27
13 12 6
1 12 8
20 17 32
20 9 10
0 9 14
16 2 13
0 16 4
15 14 7
11 18 26
0 17 33
1 6 20
19 11 12
23 24 25
23 26 27
21 22 28
21 27 30
21 26 29
22 25 17
22 24 8
23 29 30
25 28 32
24 28 31
30 33 3
29 33 11
31 32 18
154
{[23, 21, 20, 19, 8]}
{[17, 16, 14, 12, 10]}
34
15 18 13
19 10 5
8 4 14
5 7 33
15 2 5
1 3 4
19 9 7
16 3 6
2 10 30
13 12 6
1 12 8
20 17 31
20 9 10
0 9 14
16 2 13
0 16 4
15 14 7
11 18 27
0 17 32
1 6 20
19 11 12
23 24 25
23 26 27
21 22 28
21 27 30
21 26 29
22 25 31
22 24 17
23 29 30
25 28 33
24 28 8
26 32 11
31 33 18
29 32 3
155
{[23, 21, 20, 19, 8]}
{[16, 13, 12, 11, 10]}
34
15 18 13
19 10 5
8 4 14
5 7 26
15 2 5
1 3 4
19 9 7
16 3 6
2 10 33
13 12 6
1 12 8
20 17 32
20 9 10
0 9 14
16 2 13
0 16 4
15 14 7
11 18 31
0 17 27
1 6 20
19 11 12
23 24 25
23 26 27
21 22 28
21 27 30
21 26 29
22 25 3
22 24 18
23 29 30
25 28 32
24 28 31
30 33 17
29 33 11
31 32 8
156
{[23, 21, 20, 19, 8]}
{[17, 16, 14, 12, 10]}
34
15 18 13
19 10 5
8 4 14
5 7 27
15 2 5
1 3 4
19 9 7
16 3 6
2 10 32
13 12 6
1 12 8
20 17 31
20 9 10
0 9 14
16 2 13
0 16 4
15 14 7
11 18 33
0 17 30
1 6 20
19 11 12
23 24 25
23 26 27
21 22 28
21 27 30
21 26 29
22 25 31
22 24 3
23 29 30
25 28 33
24 28 18
26 32 11
31 33 8
29 32 17
157
{[23, 21, 20, 19, 8]}
{[17, 16, 15, 13, 11]}
34
15 18 13
19 10 5
8 4 14
5 7 29
15 2 5
1 3 4
19 9 7
16 3 6
2 10 32
13 12 6
1 12 8
20 17 33
20 9 10
0 9 14
16 2 13
0 16 4
15 14 7
11 18 31
0 17 26
1 6 20
19 11 12
23 24 25
23 26 27
21 22 28
21 27 30
21 26 29
22 25 18
22 24 31
23 29 30
25 28 3
24 28 33
27 32 17
31 33 8
30 32 11
158
{[23, 21, 20, 19, 8]}
{[17, 16, 15, 13, 11]}
34
15 18 13
19 10 5
8 4 14
5 7 31
15 2 5
1 3 4
19 9 7
16 3 6
2 10 26
13 12 6
1 12 8
20 17 33
20 9 10
0 9 14
16 2 13
0 16 4
15 14 7
11 18 29
0 17 32
1 6 20
19 11 12
23 24 25
23 26 27
21 22 28
21 27 30
21 26 29
22 25 8
22 24 31
23 29 30
25 28 17
24 28 33
27 32 3
31 33 18
30 32 11
159
{[23, 21, 20, 19, 8]}
{[17, 15, 14, 13, 12]}
34
15 18 13
19 10 5
8 4 14
5 7 30
15 2 5
1 3 4
19 9 7
16 3 6
2 10 33
13 12 6
1 12 8
20 17 31
20 9 10
0 9 14
16 2 13
0 16 4
15 14 7
11 18 32
0 17 29
1 6 20
19 11 12
23 24 25
23 26 27
21 22 28
21 27 30
21 26 29
22 25 32
22 24 31
23 29 30
25 28 18
24 28 3
27 33 11
26 33 17
31 32 8
160
{[23, 21, 20, 19, 8]}
{[17, 15, 14, 13, 12]}
34
15 18 13
19 10 5
8 4 14
5 7 32
15 2 5
1 3 4
19 9 7
16 3 6
2 10 29
13 12 6
1 12 8
20 17 31
20 9 10
0 9 14
16 2 13
0 16 4
15 14 7
11 18 30
0 17 33
1 6 20
19 11 12
23 24 25
23 26 27
21 22 28
21 27 30
21 26 29
22 25 32
22 24 31
23 29 30
25 28 8
24 28 17
27 33 11
26 33 3
31 32 18
161
{[23, 21, 20, 19, 8]}
{[5, 4, 2, 1, 0]}
34
15 18 13
19 10 5
8 4 14
5 7 27
15 2 5
1 3 4
19 9 7
16 3 6
2 10 24
13 12 6
1 12 8
20 17 22
20 9 10
0 9 14
16 2 13
0 16 4
15 14 7
11 18 23
0 17 21
1 6 20
19 11 12
22 25 18
21 26 11
24 25 17
23 31 8
21 23 30
22 28 32
29 32 3
26 29 30
27 28 31
25 28 33
24 29 33
26 27 33
30 31 32
162
{[23, 21, 20, 19, 8]}
{[6, 3, 2, 1, 0]}
34
15 18 13
19 10 5
8 4 14
5 7 21
15 2 5
1 3 4
19 9 7
16 3 6
2 10 23
13 12 6
1 12 8
20 17 25
20 9 10
0 9 14
16 2 13
0 16 4
15 14 7
11 18 26
0 17 22
1 6 20
19 11 12
22 24 3
21 27 18
24 25 8
21 23 31
23 30 11
28 32 17
22 29 32
26 29 30
27 28 31
25 28 33
24 29 33
26 27 33
30 31 32
163
{[23, 21, 20, 19, 8]}
{[8, 7, 4, 2, 0]}
34
15 18 13
19 10 5
8 4 14
5 7 22
15 2 5
1 3 4
19 9 7
16 3 6
2 10 21
13 12 6
1 12 8
20 17 23
20 9 10
0 9 14
16 2 13
0 16 4
15 14 7
11 18 31
0 17 25
1 6 20
19 11 12
23 24 8
24 25 3
21 27 11
21 22 26
22 30 18
24 28 32
23 29 32
26 29 30
27 28 31
25 28 33
29 33 17
26 27 33
30 31 32
164
{[23, 21, 20, 19, 8]}
{[9, 7, 3, 2, 0]}
34
15 18 13
19 10 5
8 4 14
5 7 30
15 2 5
1 3 4
19 9 7
16 3 6
2 10 24
13 12 6
1 12 8
20 17 25
20 9 10
0 9 14
16 2 13
0 16 4
15 14 7
11 18 21
0 17 22
1 6 20
19 11 12
23 24 17
23 25 18
21 22 27
21 26 8
22 31 11
24 28 32
23 29 32
26 29 30
27 28 31
28 33 3
25 29 33
26 27 33
30 31 32
165
{[23, 21, 20, 19, 8]}
{[6, 3, 2, 1, 0]}
34
15 18 13
19 10 5
8 4 14
5 7 26
15 2 5
1 3 4
19 9 7
16 3 6
2 10 22
13 12 6
1 12 8
20 17 25
20 9 10
0 9 14
16 2 13
0 16 4
15 14 7
11 18 21
0 17 23
1 6 20
19 11 12
22 24 17
21 27 8
24 25 18
21 23 31
23 30 11
28 32 3
22 29 32
26 29 30
27 28 31
25 28 33
24 29 33
26 27 33
30 31 32
166
{[23, 21, 20, 19, 8]}
{[9, 7, 3, 2, 0]}
34
15 18 13
19 10 5
8 4 14
5 7 21
15 2 5
1 3 4
19 9 7
16 3 6
2 10 22
13 12 6
1 12 8
20 17 25
20 9 10
0 9 14
16 2 13
0 16 4
15 14 7
11 18 30
0 17 24
1 6 20
19 11 12
23 24 3
23 25 8
21 22 27
21 26 18
22 31 11
24 28 32
23 29 32
26 29 30
27 28 31
28 33 17
25 29 33
26 27 33
30 31 32
167
{[23, 21, 20, 19, 8]}
{[5, 4, 2, 1, 0]}
34
15 18 13
19 10 5
8 4 14
5 7 23
15 2 5
1 3 4
19 9 7
16 3 6
2 10 21
13 12 6
1 12 8
20 17 22
20 9 10
0 9 14
16 2 13
0 16 4
15 14 7
11 18 27
0 17 24
1 6 20
19 11 12
22 25 8
21 26 11
24 25 3
23 31 18
21 23 30
22 28 32
29 32 17
26 29 30
27 28 31
25 28 33
24 29 33
26 27 33
30 31 32
168
{[23, 21, 20, 19, 8]}
{[8, 7, 4, 2, 0]}
34
15 18 13
19 10 5
8 4 14
5 7 31
15 2 5
1 3 4
19 9 7
16 3 6
2 10 25
13 12 6
1 12 8
20 17 23
20 9 10
0 9 14
16 2 13
0 16 4
15 14 7
11 18 22
0 17 21
1 6 20
19 11 12
23 24 18
24 25 17
21 27 11
21 22 26
22 30 8
24 28 32
23 29 32
26 29 30
27 28 31
25 28 33
29 33 3
26 27 33
30 31 32
169
{[23, 21, 20, 19, 8]}
{[16, 13, 12, 11, 10]}
34
15 18 13
19 10 5
8 4 14
5 7 26
15 2 5
1 3 4
19 9 7
16 3 6
2 10 33
13 12 6
1 12 8
20 17 32
20 9 10
0 9 14
16 2 13
0 16 4
15 14 7
11 18 31
0 17 27
1 6 20
19 11 12
23 24 25
23 26 27
21 22 28
21 27 30
21 26 29
22 25 3
22 24 18
23 29 30
25 28 32
24 28 31
30 33 17
29 33 11
31 32 8
170
{[23, 21, 20, 19, 8]}
{[17, 16, 14, 12, 10]}
34
15 18 13
19 10 5
8 4 14
5 7 27
15 2 5
1 3 4
19 9 7
16 3 6
2 10 32
13 12 6
1 12 8
20 17 31
20 9 10
0 9 14
16 2 13
0 16 4
15 14 7
11 18 33
0 17 30
1 6 20
19 11 12
23 24 25
23 26 27
21 22 28
21 27 30
21 26 29
22 25 31
22 24 3
23 29 30
25 28 33
24 28 18
26 32 11
31 33 8
29 32 17
171
{[23, 21, 20, 19, 8]}
{[16, 13, 12, 11, 10]}
34
15 18 13
19 10 5
8 4 14
5 7 31
15 2 5
1 3 4
19 9 7
16 3 6
2 10 27
13 12 6
1 12 8
20 17 32
20 9 10
0 9 14
16 2 13
0 16 4
15 14 7
11 18 26
0 17 33
1 6 20
19 11 12
23 24 25
23 26 27
21 22 28
21 27 30
21 26 29
22 25 17
22 24 8
23 29 30
25 28 32
24 28 31
30 33 3
29 33 11
31 32 18
172
{[23, 21, 20, 19, 8]}
{[17, 16, 14, 12, 10]}
34
15 18 13
19 10 5
8 4 14
5 7 33
15 2 5
1 3 4
19 9 7
16 3 6
2 10 30
13 12 6
1 12 8
20 17 31
20 9 10
0 9 14
16 2 13
0 16 4
15 14 7
11 18 27
0 17 32
1 6 20
19 11 12
23 24 25
23 26 27
21 22 28
21 27 30
21 26 29
22 25 31
22 24 17
23 29 30
25 28 33
24 28 8
26 32 11
31 33 18
29 32 3
173
{[23, 21, 20, 19, 8]}
{[17, 16, 15, 13, 11]}
34
15 18 13
19 10 5
8 4 14
5 7 31
15 2 5
1 3 4
19 9 7
16 3 6
2 10 26
13 12 6
1 12 8
20 17 33
20 9 10
0 9 14
16 2 13
0 16 4
15 14 7
11 18 29
0 17 32
1 6 20
19 11 12
23 24 25
23 26 27
21 22 28
21 27 30
21 26 29
22 25 8
22 24 31
23 29 30
25 28 17
24 28 33
27 32 3
31 33 18
30 32 11
174
{[23, 21, 20, 19, 8]}
{[17, 16, 15, 13, 11]}
34
15 18 13
19 10 5
8 4 14
5 7 29
15 2 5
1 3 4
19 9 7
16 3 6
2 10 32
13 12 6
1 12 8
20 17 33
20 9 10
0 9 14
16 2 13
0 16 4
15 14 7
11 18 31
0 17 26
1 6 20
19 11 12
23 24 25
23 26 27
21 22 28
21 27 30
21 26 29
22 25 18
22 24 31
23 29 30
25 28 3
24 28 33
27 32 17
31 33 8
30 32 11
175
{[23, 21, 20, 19, 8]}
{[17, 15, 14, 13, 12]}
34
15 18 13
19 10 5
8 4 14
5 7 32
15 2 5
1 3 4
19 9 7
16 3 6
2 10 29
13 12 6
1 12 8
20 17 31
20 9 10
0 9 14
16 2 13
0 16 4
15 14 7
11 18 30
0 17 33
1 6 20
19 11 12
23 24 25
23 26 27
21 22 28
21 27 30
21 26 29
22 25 32
22 24 31
23 29 30
25 28 8
24 28 17
27 33 11
26 33 3
31 32 18
176
{[23, 21, 20, 19, 8]}
{[17, 15, 14, 13, 12]}
34
15 18 13
19 10 5
8 4 14
5 7 30
15 2 5
1 3 4
19 9 7
16 3 6
2 10 33
13 12 6
1 12 8
20 17 31
20 9 10
0 9 14
16 2 13
0 16 4
15 14 7
11 18 32
0 17 29
1 6 20
19 11 12
23 24 25
23 26 27
21 22 28
21 27 30
21 26 29
22 25 32
22 24 31
23 29 30
25 28 18
24 28 3
27 33 11
26 33 17
31 32 8
177
{[23, 22, 19, 18, 8]}
{[5, 4, 2, 1, 0]}
34
15 13 27
19 10 5
8 4 14
5 7 24
15 2 5
1 3 4
19 9 7
16 3 6
2 10 18
13 12 6
1 12 8
20 17 21
20 9 10
0 9 14
16 2 13
0 16 4
15 14 7
11 18 23
8 17 22
1 6 20
19 11 12
22 25 11
21 26 18
24 25 17
23 31 3
21 23 30
22 28 32
29 32 0
26 29 30
27 28 31
25 28 33
24 29 33
26 27 33
30 31 32
178
{[23, 22, 19, 18, 8]}
{[6, 3, 2, 1, 0]}
34
15 13 21
19 10 5
8 4 14
5 7 23
15 2 5
1 3 4
19 9 7
16 3 6
2 10 18
13 12 6
1 12 8
20 17 22
20 9 10
0 9 14
16 2 13
0 16 4
15 14 7
11 18 26
8 17 25
1 6 20
19 11 12
22 24 0
21 27 11
24 25 3
21 23 31
23 30 18
28 32 17
22 29 32
26 29 30
27 28 31
25 28 33
24 29 33
26 27 33
30 31 32
179
{[23, 22, 19, 18, 8]}
{[8, 7, 4, 2, 0]}
34
15 13 22
19 10 5
8 4 14
5 7 21
15 2 5
1 3 4
19 9 7
16 3 6
2 10 18
13 12 6
1 12 8
20 17 25
20 9 10
0 9 14
16 2 13
0 16 4
15 14 7
11 18 31
8 17 23
1 6 20
19 11 12
23 24 3
24 25 0
21 27 18
21 22 26
22 30 11
24 28 32
23 29 32
26 29 30
27 28 31
25 28 33
29 33 17
26 27 33
30 31 32
180
{[23, 22, 19, 18, 8]}
{[9, 7, 3, 2, 0]}
34
15 13 30
19 10 5
8 4 14
5 7 24
15 2 5
1 3 4
19 9 7
16 3 6
2 10 18
13 12 6
1 12 8
20 17 22
20 9 10
0 9 14
16 2 13
0 16 4
15 14 7
11 18 21
8 17 25
1 6 20
19 11 12
23 24 17
23 25 11
21 22 27
21 26 3
22 31 18
24 28 32
23 29 32
26 29 30
27 28 31
28 33 0
25 29 33
26 27 33
30 31 32
181
{[23, 22, 19, 18, 8]}
{[6, 3, 2, 1, 0]}
34
15 13 26
19 10 5
8 4 14
5 7 22
15 2 5
1 3 4
19 9 7
16 3 6
2 10 18
13 12 6
1 12 8
20 17 23
20 9 10
0 9 14
16 2 13
0 16 4
15 14 7
11 18 21
8 17 25
1 6 20
19 11 12
22 24 17
21 27 3
24 25 11
21 23 31
23 30 18
28 32 0
22 29 32
26 29 30
27 28 31
25 28 33
24 29 33
26 27 33
30 31 32
182
{[23, 22, 19, 18, 8]}
{[9, 7, 3, 2, 0]}
34
15 13 21
19 10 5
8 4 14
5 7 22
15 2 5
1 3 4
19 9 7
16 3 6
2 10 18
13 12 6
1 12 8
20 17 24
20 9 10
0 9 14
16 2 13
0 16 4
15 14 7
11 18 30
8 17 25
1 6 20
19 11 12
23 24 0
23 25 3
21 22 27
21 26 11
22 31 18
24 28 32
23 29 32
26 29 30
27 28 31
28 33 17
25 29 33
26 27 33
30 31 32
183
{[23, 22, 19, 18, 8]}
{[5, 4, 2, 1, 0]}
34
15 13 23
19 10 5
8 4 14
5 7 21
15 2 5
1 3 4
19 9 7
16 3 6
2 10 18
13 12 6
1 12 8
20 17 24
20 9 10
0 9 14
16 2 13
0 16 4
15 14 7
11 18 27
8 17 22
1 6 20
19 11 12
22 25 3
21 26 18
24 25 0
23 31 11
21 23 30
22 28 32
29 32 17
26 29 30
27 28 31
25 28 33
24 29 33
26 27 33
30 31 32
184
{[23, 22, 19, 18, 8]}
{[8, 7, 4, 2, 0]}
34
15 13 31
19 10 5
8 4 14
5 7 25
15 2 5
1 3 4
19 9 7
16 3 6
2 10 18
13 12 6
1 12 8
20 17 21
20 9 10
0 9 14
16 2 13
0 16 4
15 14 7
11 18 22
8 17 23
1 6 20
19 11 12
23 24 11
24 25 17
21 27 18
21 22 26
22 30 3
24 28 32
23 29 32
26 29 30
27 28 31
25 28 33
29 33 0
26 27 33
30 31 32
185
{[23, 22, 19, 18, 8]}
{[16, 13, 12, 11, 10]}
34
15 13 26
19 10 5
8 4 14
5 7 33
15 2 5
1 3 4
19 9 7
16 3 6
2 10 18
13 12 6
1 12 8
20 17 27
20 9 10
0 9 14
16 2 13
0 16 4
15 14 7
11 18 31
8 17 32
1 6 20
19 11 12
23 24 25
23 26 27
21 22 28
21 27 30
21 26 29
22 25 0
22 24 11
23 29 30
25 28 32
24 28 31
30 33 17
29 33 18
31 32 3
186
{[23, 22, 19, 18, 8]}
{[17, 16, 14, 12, 10]}
34
15 13 27
19 10 5
8 4 14
5 7 32
15 2 5
1 3 4
19 9 7
16 3 6
2 10 18
13 12 6
1 12 8
20 17 30
20 9 10
0 9 14
16 2 13
0 16 4
15 14 7
11 18 33
8 17 31
1 6 20
19 11 12
23 24 25
23 26 27
21 22 28
21 27 30
21 26 29
22 25 31
22 24 0
23 29 30
25 28 33
24 28 11
26 32 18
31 33 3
29 32 17
187
{[23, 22, 19, 18, 8]}
{[16, 13, 12, 11, 10]}
34
15 13 31
19 10 5
8 4 14
5 7 27
15 2 5
1 3 4
19 9 7
16 3 6
2 10 18
13 12 6
1 12 8
20 17 33
20 9 10
0 9 14
16 2 13
0 16 4
15 14 7
11 18 26
8 17 32
1 6 20
19 11 12
23 24 25
23 26 27
21 22 28
21 27 30
21 26 29
22 25 17
22 24 3
23 29 30
25 28 32
24 28 31
30 33 0
29 33 18
31 32 11
188
{[23, 22, 19, 18, 8]}
{[17, 16, 14, 12, 10]}
34
15 13 33
19 10 5
8 4 14
5 7 30
15 2 5
1 3 4
19 9 7
16 3 6
2 10 18
13 12 6
1 12 8
20 17 32
20 9 10
0 9 14
16 2 13
0 16 4
15 14 7
11 18 27
8 17 31
1 6 20
19 11 12
23 24 25
23 26 27
21 22 28
21 27 30
21 26 29
22 25 31
22 24 17
23 29 30
25 28 33
24 28 3
26 32 18
31 33 11
29 32 0
189
{[23, 22, 19, 18, 8]}
{[17, 16, 15, 13, 11]}
34
15 13 31
19 10 5
8 4 14
5 7 26
15 2 5
1 3 4
19 9 7
16 3 6
2 10 18
13 12 6
1 12 8
20 17 32
20 9 10
0 9 14
16 2 13
0 16 4
15 14 7
11 18 29
8 17 33
1 6 20
19 11 12
23 24 25
23 26 27
21 22 28
21 27 30
21 26 29
22 25 3
22 24 31
23 29 30
25 28 17
24 28 33
27 32 0
31 33 11
30 32 18
190
{[23, 22, 19, 18, 8]}
{[17, 16, 15, 13, 11]}
34
15 13 29
19 10 5
8 4 14
5 7 32
15 2 5
1 3 4
19 9 7
16 3 6
2 10 18
13 12 6
1 12 8
20 17 26
20 9 10
0 9 14
16 2 13
0 16 4
15 14 7
11 18 31
8 17 33
1 6 20
19 11 12
23 24 25
23 26 27
21 22 28
21 27 30
21 26 29
22 25 11
22 24 31
23 29 30
25 28 0
24 28 33
27 32 17
31 33 3
30 32 18
191
{[23, 22, 19, 18, 8]}
{[17, 15, 14, 13, 12]}
34
15 13 32
19 10 5
8 4 14
5 7 29
15 2 5
1 3 4
19 9 7
16 3 6
2 10 18
13 12 6
1 12 8
20 17 33
20 9 10
0 9 14
16 2 13
0 16 4
15 14 7
11 18 30
8 17 31
1 6 20
19 11 12
23 24 25
23 26 27
21 22 28
21 27 30
21 26 29
22 25 32
22 24 31
23 29 30
25 28 3
24 28 17
27 33 18
26 33 0
31 32 11
192
{[23, 22, 19, 18, 8]}
{[17, 15, 14, 13, 12]}
34
15 13 30
19 10 5
8 4 14
5 7 33
15 2 5
1 3 4
19 9 7
16 3 6
2 10 18
13 12 6
1 12 8
20 17 29
20 9 10
0 9 14
16 2 13
0 16 4
15 14 7
11 18 32
8 17 31
1 6 20
19 11 12
23 24 25
23 26 27
21 22 28
21 27 30
21 26 29
22 25 32
22 24 31
23 29 30
25 28 11
24 28 0
27 33 18
26 33 17
31 32 3
193
{[21, 20, 19, 18, 12]}
{[5, 4, 2, 1, 0]}
34
15 17 13
19 11 5
9 4 14
8 5 7
15 2 5
1 3 4
19 10 7
16 3 6
3 18 24
2 11 23
13 12 6
1 12 9
20 10 11
0 10 14
16 2 13
0 16 4
15 14 7
0 18 22
8 17 27
1 6 20
19 12 21
22 25 20
21 26 17
24 25 9
23 31 8
21 23 30
22 28 32
29 32 18
26 29 30
27 28 31
25 28 33
24 29 33
26 27 33
30 31 32
194
{[21, 20, 19, 18, 12]}
{[6, 3, 2, 1, 0]}
34
15 17 13
19 11 5
9 4 14
8 5 7
15 2 5
1 3 4
19 10 7
16 3 6
3 18 23
2 11 26
13 12 6
1 12 9
20 10 11
0 10 14
16 2 13
0 16 4
15 14 7
0 18 25
8 17 21
1 6 20
19 12 22
22 24 18
21 27 20
24 25 8
21 23 31
23 30 17
28 32 9
22 29 32
26 29 30
27 28 31
25 28 33
24 29 33
26 27 33
30 31 32
195
{[21, 20, 19, 18, 12]}
{[8, 7, 4, 2, 0]}
34
15 17 13
19 11 5
9 4 14
8 5 7
15 2 5
1 3 4
19 10 7
16 3 6
3 18 21
2 11 31
13 12 6
1 12 9
20 10 11
0 10 14
16 2 13
0 16 4
15 14 7
0 18 23
8 17 22
1 6 20
19 12 25
23 24 8
24 25 18
21 27 17
21 22 26
22 30 20
24 28 32
23 29 32
26 29 30
27 28 31
25 28 33
29 33 9
26 27 33
30 31 32
196
{[21, 20, 19, 18, 12]}
{[9, 7, 3, 2, 0]}
34
15 17 13
19 11 5
9 4 14
8 5 7
15 2 5
1 3 4
19 10 7
16 3 6
3 18 24
2 11 21
13 12 6
1 12 9
20 10 11
0 10 14
16 2 13
0 16 4
15 14 7
0 18 25
8 17 30
1 6 20
19 12 22
23 24 9
23 25 20
21 22 27
21 26 8
22 31 17
24 28 32
23 29 32
26 29 30
27 28 31
28 33 18
25 29 33
26 27 33
30 31 32
197
{[21, 20, 19, 18, 12]}
{[6, 3, 2, 1, 0]}
34
15 17 13
19 11 5
9 4 14
8 5 7
15 2 5
1 3 4
19 10 7
16 3 6
3 18 22
2 11 21
13 12 6
1 12 9
20 10 11
0 10 14
16 2 13
0 16 4
15 14 7
0 18 25
8 17 26
1 6 20
19 12 23
22 24 9
21 27 8
24 25 20
21 23 31
23 30 17
28 32 18
22 29 32
26 29 30
27 28 31
25 28 33
24 29 33
26 27 33
30 31 32
198
{[21, 20, 19, 18, 12]}
{[9, 7, 3, 2, 0]}
34
15 17 13
19 11 5
9 4 14
8 5 7
15 2 5
1 3 4
19 10 7
16 3 6
3 18 22
2 11 30
13 12 6
1 12 9
20 10 11
0 10 14
16 2 13
0 16 4
15 14 7
0 18 25
8 17 21
1 6 20
19 12 24
23 24 18
23 25 8
21 22 27
21 26 20
22 31 17
24 28 32
23 29 32
26 29 30
27 28 31
28 33 9
25 29 33
26 27 33
30 31 32
199
{[21, 20, 19, 18, 12]}
{[5, 4, 2, 1, 0]}
34
15 17 13
19 11 5
9 4 14
8 5 7
15 2 5
1 3 4
19 10 7
16 3 6
3 18 21
2 11 27
13 12 6
1 12 9
20 10 11
0 10 14
16 2 13
0 16 4
15 14 7
0 18 22
8 17 23
1 6 20
19 12 24
22 25 8
21 26 17
24 25 18
23 31 20
21 23 30
22 28 32
29 32 9
26 29 30
27 28 31
25 28 33
24 29 33
26 27 33
30 31 32
200
{[21, 20, 19, 18, 12]}
{[8, 7, 4, 2, 0]}
34
15 17 13
19 11 5
9 4 14
8 5 7
15 2 5
1 3 4
19 10 7
16 3 6
3 18 25
2 11 22
13 12 6
1 12 9
20 10 11
0 10 14
16 2 13
0 16 4
15 14 7
0 18 23
8 17 31
1 6 20
19 12 21
23 24 20
24 25 9
21 27 17
21 22 26
22 30 8
24 28 32
23 29 32
26 29 30
27 28 31
25 28 33
29 33 18
26 27 33
30 31 32
201
{[21, 20, 19, 18, 12]}
{[16, 13, 12, 11, 10]}
34
15 17 13
19 11 5
9 4 14
8 5 7
15 2 5
1 3 4
19 10 7
16 3 6
3 18 33
2 11 31
13 12 6
1 12 9
20 10 11
0 10 14
16 2 13
0 16 4
15 14 7
0 18 32
8 17 26
1 6 20
19 12 27
23 24 25
23 26 27
21 22 28
21 27 30
21 26 29
22 25 18
22 24 20
23 29 30
25 28 32
24 28 31
30 33 9
29 33 17
31 32 8
202
{[21, 20, 19, 18, 12]}
{[17, 16, 14, 12, 10]}
34
15 17 13
19 11 5
9 4 14
8 5 7
15 2 5
1 3 4
19 10 7
16 3 6
3 18 32
2 11 33
13 12 6
1 12 9
20 10 11
0 10 14
16 2 13
0 16 4
15 14 7
0 18 31
8 17 27
1 6 20
19 12 30
23 24 25
23 26 27
21 22 28
21 27 30
21 26 29
22 25 31
22 24 18
23 29 30
25 28 33
24 28 20
26 32 17
31 33 8
29 32 9
203
{[21, 20, 19, 18, 12]}
{[16, 13, 12, 11, 10]}
34
15 17 13
19 11 5
9 4 14
8 5 7
15 2 5
1 3 4
19 10 7
16 3 6
3 18 27
2 11 26
13 12 6
1 12 9
20 10 11
0 10 14
16 2 13
0 16 4
15 14 7
0 18 32
8 17 31
1 6 20
19 12 33
23 24 25
23 26 27
21 22 28
21 27 30
21 26 29
22 25 9
22 24 8
23 29 30
25 28 32
24 28 31
30 33 18
29 33 17
31 32 20
204
{[21, 20, 19, 18, 12]}
{[17, 16, 14, 12, 10]}
34
15 17 13
19 11 5
9 4 14
8 5 7
15 2 5
1 3 4
19 10 7
16 3 6
3 18 30
2 11 27
13 12 6
1 12 9
20 10 11
0 10 14
16 2 13
0 16 4
15 14 7
0 18 31
8 17 33
1 6 20
19 12 32
23 24 25
23 26 27
21 22 28
21 27 30
21 26 29
22 25 31
22 24 9
23 29 30
25 28 33
24 28 8
26 32 17
31 33 20
29 32 18
205
{[21, 20, 19, 18, 12]}
{[17, 16, 15, 13, 11]}
34
15 17 13
19 11 5
9 4 14
8 5 7
15 2 5
1 3 4
19 10 7
16 3 6
3 18 26
2 11 29
13 12 6
1 12 9
20 10 11
0 10 14
16 2 13
0 16 4
15 14 7
0 18 33
8 17 31
1 6 20
19 12 32
23 24 25
23 26 27
21 22 28
21 27 30
21 26 29
22 25 8
22 24 31
23 29 30
25 28 9
24 28 33
27 32 18
31 33 20
30 32 17
206
{[21, 20, 19, 18, 12]}
{[17, 16, 15, 13, 11]}
34
15 17 13
19 11 5
9 4 14
8 5 7
15 2 5
1 3 4
19 10 7
16 3 6
3 18 32
2 11 31
13 12 6
1 12 9
20 10 11
0 10 14
16 2 13
0 16 4
15 14 7
0 18 33
8 17 29
1 6 20
19 12 26
23 24 25
23 26 27
21 22 28
21 27 30
21 26 29
22 25 20
22 24 31
23 29 30
25 28 18
24 28 33
27 32 9
31 33 8
30 32 17
207
{[21, 20, 19, 18, 12]}
{[17, 15, 14, 13, 12]}
34
15 17 13
19 11 5
9 4 14
8 5 7
15 2 5
1 3 4
19 10 7
16 3 6
3 18 29
2 11 30
13 12 6
1 12 9
20 10 11
0 10 14
16 2 13
0 16 4
15 14 7
0 18 31
8 17 32
1 6 20
19 12 33
23 24 25
23 26 27
21 22 28
21 27 30
21 26 29
22 25 32
22 24 31
23 29 30
25 28 8
24 28 9
27 33 17
26 33 18
31 32 20
208
{[21, 20, 19, 18, 12]}
{[17, 15, 14, 13, 12]}
34
15 17 13
19 11 5
9 4 14
8 5 7
15 2 5
1 3 4
19 10 7
16 3 6
3 18 33
2 11 32
13 12 6
1 12 9
20 10 11
0 10 14
16 2 13
0 16 4
15 14 7
0 18 31
8 17 30
1 6 20
19 12 29
23 24 25
23 26 27
21 22 28
21 27 30
21 26 29
22 25 32
22 24 31
23 29 30
25 28 20
24 28 18
27 33 17
26 33 9
31 32 8
209
{[23, 22, 20, 18, 12]}
{[5, 4, 2, 1, 0]}
34
15 13 21
19 11 5
9 4 14
8 5 7
15 2 5
1 3 4
19 10 7
16 3 6
17 3 22
2 11 18
13 12 6
1 12 9
20 10 11
0 10 14
16 2 13
0 16 4
15 14 7
8 18 27
9 17 24
1 6 20
19 12 23
22 25 0
21 26 8
24 25 20
23 31 18
21 23 30
22 28 32
29 32 17
26 29 30
27 28 31
25 28 33
24 29 33
26 27 33
30 31 32
210
{[23, 22, 20, 18, 12]}
{[6, 3, 2, 1, 0]}
34
15 13 22
19 11 5
9 4 14
8 5 7
15 2 5
1 3 4
19 10 7
16 3 6
17 3 25
2 11 18
13 12 6
1 12 9
20 10 11
0 10 14
16 2 13
0 16 4
15 14 7
8 18 21
9 17 23
1 6 20
19 12 26
22 24 17
21 27 0
24 25 18
21 23 31
23 30 8
28 32 20
22 29 32
26 29 30
27 28 31
25 28 33
24 29 33
26 27 33
30 31 32
211
{[23, 22, 20, 18, 12]}
{[8, 7, 4, 2, 0]}
34
15 13 25
19 11 5
9 4 14
8 5 7
15 2 5
1 3 4
19 10 7
16 3 6
17 3 23
2 11 18
13 12 6
1 12 9
20 10 11
0 10 14
16 2 13
0 16 4
15 14 7
8 18 22
9 17 21
1 6 20
19 12 31
23 24 18
24 25 17
21 27 8
21 22 26
22 30 0
24 28 32
23 29 32
26 29 30
27 28 31
25 28 33
29 33 20
26 27 33
30 31 32
212
{[23, 22, 20, 18, 12]}
{[9, 7, 3, 2, 0]}
34
15 13 22
19 11 5
9 4 14
8 5 7
15 2 5
1 3 4
19 10 7
16 3 6
17 3 25
2 11 18
13 12 6
1 12 9
20 10 11
0 10 14
16 2 13
0 16 4
15 14 7
8 18 30
9 17 24
1 6 20
19 12 21
23 24 20
23 25 0
21 22 27
21 26 18
22 31 8
24 28 32
23 29 32
26 29 30
27 28 31
28 33 17
25 29 33
26 27 33
30 31 32
213
{[23, 22, 20, 18, 12]}
{[6, 3, 2, 1, 0]}
34
15 13 23
19 11 5
9 4 14
8 5 7
15 2 5
1 3 4
19 10 7
16 3 6
17 3 25
2 11 18
13 12 6
1 12 9
20 10 11
0 10 14
16 2 13
0 16 4
15 14 7
8 18 26
9 17 22
1 6 20
19 12 21
22 24 20
21 27 18
24 25 0
21 23 31
23 30 8
28 32 17
22 29 32
26 29 30
27 28 31
25 28 33
24 29 33
26 27 33
30 31 32
214
{[23, 22, 20, 18, 12]}
{[9, 7, 3, 2, 0]}
34
15 13 24
19 11 5
9 4 14
8 5 7
15 2 5
1 3 4
19 10 7
16 3 6
17 3 25
2 11 18
13 12 6
1 12 9
20 10 11
0 10 14
16 2 13
0 16 4
15 14 7
8 18 21
9 17 22
1 6 20
19 12 30
23 24 17
23 25 18
21 22 27
21 26 0
22 31 8
24 28 32
23 29 32
26 29 30
27 28 31
28 33 20
25 29 33
26 27 33
30 31 32
215
{[23, 22, 20, 18, 12]}
{[5, 4, 2, 1, 0]}
34
15 13 24
19 11 5
9 4 14
8 5 7
15 2 5
1 3 4
19 10 7
16 3 6
17 3 22
2 11 18
13 12 6
1 12 9
20 10 11
0 10 14
16 2 13
0 16 4
15 14 7
8 18 23
9 17 21
1 6 20
19 12 27
22 25 18
21 26 8
24 25 17
23 31 0
21 23 30
22 28 32
29 32 20
26 29 30
27 28 31
25 28 33
24 29 33
26 27 33
30 31 32
216
{[23, 22, 20, 18, 12]}
{[8, 7, 4, 2, 0]}
34
15 13 21
19 11 5
9 4 14
8 5 7
15 2 5
1 3 4
19 10 7
16 3 6
17 3 23
2 11 18
13 12 6
1 12 9
20 10 11
0 10 14
16 2 13
0 16 4
15 14 7
8 18 31
9 17 25
1 6 20
19 12 22
23 24 0
24 25 20
21 27 8
21 22 26
22 30 18
24 28 32
23 29 32
26 29 30
27 28 31
25 28 33
29 33 17
26 27 33
30 31 32
217
{[23, 22, 20, 18, 12]}
{[16, 13, 12, 11, 10]}
34
15 13 27
19 11 5
9 4 14
8 5 7
15 2 5
1 3 4
19 10 7
16 3 6
17 3 32
2 11 18
13 12 6
1 12 9
20 10 11
0 10 14
16 2 13
0 16 4
15 14 7
8 18 26
9 17 33
1 6 20
19 12 31
23 24 25
23 26 27
21 22 28
21 27 30
21 26 29
22 25 17
22 24 0
23 29 30
25 28 32
24 28 31
30 33 20
29 33 8
31 32 18
218
{[23, 22, 20, 18, 12]}
{[17, 16, 14, 12, 10]}
34
15 13 30
19 11 5
9 4 14
8 5 7
15 2 5
1 3 4
19 10 7
16 3 6
17 3 31
2 11 18
13 12 6
1 12 9
20 10 11
0 10 14
16 2 13
0 16 4
15 14 7
8 18 27
9 17 32
1 6 20
19 12 33
23 24 25
23 26 27
21 22 28
21 27 30
21 26 29
22 25 31
22 24 17
23 29 30
25 28 33
24 28 0
26 32 8
31 33 18
29 32 20
219
{[23, 22, 20, 18, 12]}
{[16, 13, 12, 11, 10]}
34
15 13 33
19 11 5
9 4 14
8 5 7
15 2 5
1 3 4
19 10 7
16 3 6
17 3 32
2 11 18
13 12 6
1 12 9
20 10 11
0 10 14
16 2 13
0 16 4
15 14 7
8 18 31
9 17 27
1 6 20
19 12 26
23 24 25
23 26 27
21 22 28
21 27 30
21 26 29
22 25 20
22 24 18
23 29 30
25 28 32
24 28 31
30 33 17
29 33 8
31 32 0
220
{[23, 22, 20, 18, 12]}
{[17, 16, 14, 12, 10]}
34
15 13 32
19 11 5
9 4 14
8 5 7
15 2 5
1 3 4
19 10 7
16 3 6
17 3 31
2 11 18
13 12 6
1 12 9
20 10 11
0 10 14
16 2 13
0 16 4
15 14 7
8 18 33
9 17 30
1 6 20
19 12 27
23 24 25
23 26 27
21 22 28
21 27 30
21 26 29
22 25 31
22 24 20
23 29 30
25 28 33
24 28 18
26 32 8
31 33 0
29 32 17
221
{[23, 22, 20, 18, 12]}
{[17, 16, 15, 13, 11]}
34
15 13 32
19 11 5
9 4 14
8 5 7
15 2 5
1 3 4
19 10 7
16 3 6
17 3 33
2 11 18
13 12 6
1 12 9
20 10 11
0 10 14
16 2 13
0 16 4
15 14 7
8 18 31
9 17 26
1 6 20
19 12 29
23 24 25
23 26 27
21 22 28
21 27 30
21 26 29
22 25 18
22 24 31
23 29 30
25 28 20
24 28 33
27 32 17
31 33 0
30 32 8
222
{[23, 22, 20, 18, 12]}
{[17, 16, 15, 13, 11]}
34
15 13 26
19 11 5
9 4 14
8 5 7
15 2 5
1 3 4
19 10 7
16 3 6
17 3 33
2 11 18
13 12 6
1 12 9
20 10 11
0 10 14
16 2 13
0 16 4
15 14 7
8 18 29
9 17 32
1 6 20
19 12 31
23 24 25
23 26 27
21 22 28
21 27 30
21 26 29
22 25 0
22 24 31
23 29 30
25 28 17
24 28 33
27 32 20
31 33 18
30 32 8
223
{[23, 22, 20, 18, 12]}
{[17, 15, 14, 13, 12]}
34
15 13 33
19 11 5
9 4 14
8 5 7
15 2 5
1 3 4
19 10 7
16 3 6
17 3 31
2 11 18
13 12 6
1 12 9
20 10 11
0 10 14
16 2 13
0 16 4
15 14 7
8 18 32
9 17 29
1 6 20
19 12 30
23 24 25
23 26 27
21 22 28
21 27 30
21 26 29
22 25 32
22 24 31
23 29 30
25 28 18
24 28 20
27 33 8
26 33 17
31 32 0
224
{[23, 22, 20, 18, 12]}
{[17, 15, 14, 13, 12]}
34
15 13 29
19 11 5
9 4 14
8 5 7
15 2 5
1 3 4
19 10 7
16 3 6
17 3 31
2 11 18
13 12 6
1 12 9
20 10 11
0 10 14
16 2 13
0 16 4
15 14 7
8 18 30
9 17 33
1 6 20
19 12 32
23 24 25
23 26 27
21 22 28
21 27 30
21 26 29
22 25 32
22 24 31
23 29 30
25 28 0
24 28 17
27 33 8
26 33 20
31 32 18
225
{[21, 20, 19, 18, 12]}
{[5, 4, 2, 1, 0]}
34
15 17 13
19 11 5
9 4 14
8 5 7
15 2 5
1 3 4
19 10 7
16 3 6
3 18 21
2 11 27
13 12 6
1 12 9
20 10 11
0 10 14
16 2 13
0 16 4
15 14 7
0 18 22
8 17 23
1 6 20
19 12 24
22 25 8
21 26 17
24 25 18
23 31 20
21 23 30
22 28 32
29 32 9
26 29 30
27 28 31
25 28 33
24 29 33
26 27 33
30 31 32
226
{[21, 20, 19, 18, 12]}
{[6, 3, 2, 1, 0]}
34
15 17 13
19 11 5
9 4 14
8 5 7
15 2 5
1 3 4
19 10 7
16 3 6
3 18 22
2 11 21
13 12 6
1 12 9
20 10 11
0 10 14
16 2 13
0 16 4
15 14 7
0 18 25
8 17 26
1 6 20
19 12 23
22 24 9
21 27 8
24 25 20
21 23 31
23 30 17
28 32 18
22 29 32
26 29 30
27 28 31
25 28 33
24 29 33
26 27 33
30 31 32
227
{[21, 20, 19, 18, 12]}
{[8, 7, 4, 2, 0]}
34
15 17 13
19 11 5
9 4 14
8 5 7
15 2 5
1 3 4
19 10 7
16 3 6
3 18 25
2 11 22
13 12 6
1 12 9
20 10 11
0 10 14
16 2 13
0 16 4
15 14 7
0 18 23
8 17 31
1 6 20
19 12 21
23 24 20
24 25 9
21 27 17
21 22 26
22 30 8
24 28 32
23 29 32
26 29 30
27 28 31
25 28 33
29 33 18
26 27 33
30 31 32
228
{[21, 20, 19, 18, 12]}
{[9, 7, 3, 2, 0]}
34
15 17 13
19 11 5
9 4 14
8 5 7
15 2 5
1 3 4
19 10 7
16 3 6
3 18 22
2 11 30
13 12 6
1 12 9
20 10 11
0 10 14
16 2 13
0 16 4
15 14 7
0 18 25
8 17 21
1 6 20
19 12 24
23 24 18
23 25 8
21 22 27
21 26 20
22 31 17
24 28 32
23 29 32
26 29 30
27 28 31
28 33 9
25 29 33
26 27 33
30 31 32
229
{[21, 20, 19, 18, 12]}
{[6, 3, 2, 1, 0]}
34
15 17 13
19 11 5
9 4 14
8 5 7
15 2 5
1 3 4
19 10 7
16 3 6
3 18 23
2 11 26
13 12 6
1 12 9
20 10 11
0 10 14
16 2 13
0 16 4
15 14 7
0 18 25
8 17 21
1 6 20
19 12 22
22 24 18
21 27 20
24 25 8
21 23 31
23 30 17
28 32 9
22 29 32
26 29 30
27 28 31
25 28 33
24 29 33
26 27 33
30 31 32
230
{[21, 20, 19, 18, 12]}
{[9, 7, 3, 2, 0]}
34
15 17 13
19 11 5
9 4 14
8 5 7
15 2 5
1 3 4
19 10 7
16 3 6
3 18 24
2 11 21
13 12 6
1 12 9
20 10 11
0 10 14
16 2 13
0 16 4
15 14 7
0 18 25
8 17 30
1 6 20
19 12 22
23 24 9
23 25 20
21 22 27
21 26 8
22 31 17
24 28 32
23 29 32
26 29 30
27 28 31
28 33 18
25 29 33
26 27 33
30 31 32
231
{[21, 20, 19, 18, 12]}
{[5, 4, 2, 1, 0]}
34
15 17 13
19 11 5
9 4 14
8 5 7
15 2 5
1 3 4
19 10 7
16 3 6
3 18 24
2 11 23
13 12 6
1 12 9
20 10 11
0 10 14
16 2 13
0 16 4
15 14 7
0 18 22
8 17 27
1 6 20
19 12 21
22 25 20
21 26 17
24 25 9
23 31 8
21 23 30
22 28 32
29 32 18
26 29 30
27 28 31
25 28 33
24 29 33
26 27 33
30 31 32
232
{[21, 20, 19, 18, 12]}
{[8, 7, 4, 2, 0]}
34
15 17 13
19 11 5
9 4 14
8 5 7
15 2 5
1 3 4
19 10 7
16 3 6
3 18 21
2 11 31
13 12 6
1 12 9
20 10 11
0 10 14
16 2 13
0 16 4
15 14 7
0 18 23
8 17 22
1 6 20
19 12 25
23 24 8
24 25 18
21 27 17
21 22 26
22 30 20
24 28 32
23 29 32
26 29 30
27 28 31
25 28 33
29 33 9
26 27 33
30 31 32
233
{[21, 20, 19, 18, 12]}
{[16, 13, 12, 11, 10]}
34
15 17 13
19 11 5
9 4 14
8 5 7
15 2 5
1 3 4
19 10 7
16 3 6
3 18 27
2 11 26
13 12 6
1 12 9
20 10 11
0 10 14
16 2 13
0 16 4
15 14 7
0 18 32
8 17 31
1 6 20
19 12 33
23 24 25
23 26 27
21 22 28
21 27 30
21 26 29
22 25 9
22 24 8
23 29 30
25 28 32
24 28 31
30 33 18
29 33 17
31 32 20
234
{[21, 20, 19, 18, 12]}
{[17, 16, 14, 12, 10]}
34
15 17 13
19 11 5
9 4 14
8 5 7
15 2 5
1 3 4
19 10 7
16 3 6
3 18 30
2 11 27
13 12 6
1 12 9
20 10 11
0 10 14
16 2 13
0 16 4
15 14 7
0 18 31
8 17 33
1 6 20
19 12 32
23 24 25
23 26 27
21 22 28
21 27 30
21 26 29
22 25 31
22 24 9
23 29 30
25 28 33
24 28 8
26 32 17
31 33 20
29 32 18
235
{[21, 20, 19, 18, 12]}
{[16, 13, 12, 11, 10]}
34
15 17 13
19 11 5
9 4 14
8 5 7
15 2 5
1 3 4
19 10 7
16 3 6
3 18 33
2 11 31
13 12 6
1 12 9
20 10 11
0 10 14
16 2 13
0 16 4
15 14 7
0 18 32
8 17 26
1 6 20
19 12 27
23 24 25
23 26 27
21 22 28
21 27 30
21 26 29
22 25 18
22 24 20
23 29 30
25 28 32
24 28 31
30 33 9
29 33 17
31 32 8
236
{[21, 20, 19, 18, 12]}
{[17, 16, 14, 12, 10]}
34
15 17 13
19 11 5
9 4 14
8 5 7
15 2 5
1 3 4
19 10 7
16 3 6
3 18 32
2 11 33
13 12 6
1 12 9
20 10 11
0 10 14
16 2 13
0 16 4
15 14 7
0 18 31
8 17 27
1 6 20
19 12 30
23 24 25
23 26 27
21 22 28
21 27 30
21 26 29
22 25 31
22 24 18
23 29 30
25 28 33
24 28 20
26 32 17
31 33 8
29 32 9
237
{[21, 20, 19, 18, 12]}
{[17, 16, 15, 13, 11]}
34
15 17 13
19 11 5
9 4 14
8 5 7
15 2 5
1 3 4
19 10 7
16 3 6
3 18 32
2 11 31
13 12 6
1 12 9
20 10 11
0 10 14
16 2 13
0 16 4
15 14 7
0 18 33
8 17 29
1 6 20
19 12 26
23 24 25
23 26 27
21 22 28
21 27 30
21 26 29
22 25 20
22 24 31
23 29 30
25 28 18
24 28 33
27 32 9
31 33 8
30 32 17
238
{[21, 20, 19, 18, 12]}
{[17, 16, 15, 13, 11]}
34
15 17 13
19 11 5
9 4 14
8 5 7
15 2 5
1 3 4
19 10 7
16 3 6
3 18 26
2 11 29
13 12 6
1 12 9
20 10 11
0 10 14
16 2 13
0 16 4
15 14 7
0 18 33
8 17 31
1 6 20
19 12 32
23 24 25
23 26 27
21 22 28
21 27 30
21 26 29
22 25 8
22 24 31
23 29 30
25 28 9
24 28 33
27 32 18
31 33 20
30 32 17
239
{[21, 20, 19, 18, 12]}
{[17, 15, 14, 13, 12]}
34
15 17 13
19 11 5
9 4 14
8 5 7
15 2 5
1 3 4
19 10 7
16 3 6
3 18 33
2 11 32
13 12 6
1 12 9
20 10 11
0 10 14
16 2 13
0 16 4
15 14 7
0 18 31
8 17 30
1 6 20
19 12 29
23 24 25
23 26 27
21 22 28
21 27 30
21 26 29
22 25 32
22 24 31
23 29 30
25 28 20
24 28 18
27 33 17
26 33 9
31 32 8
240
{[21, 20, 19, 18, 12]}
{[17, 15, 14, 13, 12]}
34
15 17 13
19 11 5
9 4 14
8 5 7
15 2 5
1 3 4
19 10 7
16 3 6
3 18 29
2 11 30
13 12 6
1 12 9
20 10 11
0 10 14
16 2 13
0 16 4
15 14 7
0 18 31
8 17 32
1 6 20
19 12 33
23 24 25
23 26 27
21 22 28
21 27 30
21 26 29
22 25 32
22 24 31
23 29 30
25 28 8
24 28 9
27 33 17
26 33 18
31 32 20
241
{[23, 22, 20, 18, 12]}
{[5, 4, 2, 1, 0]}
34
15 13 24
19 11 5
9 4 14
8 5 7
15 2 5
1 3 4
19 10 7
16 3 6
17 3 22
2 11 18
13 12 6
1 12 9
20 10 11
0 10 14
16 2 13
0 16 4
15 14 7
8 18 23
9 17 21
1 6 20
19 12 27
22 25 18
21 26 8
24 25 17
23 31 0
21 23 30
22 28 32
29 32 20
26 29 30
27 28 31
25 28 33
24 29 33
26 27 33
30 31 32
242
{[23, 22, 20, 18, 12]}
{[6, 3, 2, 1, 0]}
34
15 13 23
19 11 5
9 4 14
8 5 7
15 2 5
1 3 4
19 10 7
16 3 6
17 3 25
2 11 18
13 12 6
1 12 9
20 10 11
0 10 14
16 2 13
0 16 4
15 14 7
8 18 26
9 17 22
1 6 20
19 12 21
22 24 20
21 27 18
24 25 0
21 23 31
23 30 8
28 32 17
22 29 32
26 29 30
27 28 31
25 28 33
24 29 33
26 27 33
30 31 32
243
{[23, 22, 20, 18, 12]}
{[8, 7, 4, 2, 0]}
34
15 13 21
19 11 5
9 4 14
8 5 7
15 2 5
1 3 4
19 10 7
16 3 6
17 3 23
2 11 18
13 12 6
1 12 9
20 10 11
0 10 14
16 2 13
0 16 4
15 14 7
8 18 31
9 17 25
1 6 20
19 12 22
23 24 0
24 25 20
21 27 8
21 22 26
22 30 18
24 28 32
23 29 32
26 29 30
27 28 31
25 28 33
29 33 17
26 27 33
30 31 32
244
{[23, 22, 20, 18, 12]}
{[9, 7, 3, 2, 0]}
34
15 13 24
19 11 5
9 4 14
8 5 7
15 2 5
1 3 4
19 10 7
16 3 6
17 3 25
2 11 18
13 12 6
1 12 9
20 10 11
0 10 14
16 2 13
0 16 4
15 14 7
8 18 21
9 17 22
1 6 20
19 12 30
23 24 17
23 25 18
21 22 27
21 26 0
22 31 8
24 28 32
23 29 32
26 29 30
27 28 31
28 33 20
25 29 33
26 27 33
30 31 32
245
{[23, 22, 20, 18, 12]}
{[6, 3, 2, 1, 0]}
34
15 13 22
19 11 5
9 4 14
8 5 7
15 2 5
1 3 4
19 10 7
16 3 6
17 3 25
2 11 18
13 12 6
1 12 9
20 10 11
0 10 14
16 2 13
0 16 4
15 14 7
8 18 21
9 17 23
1 6 20
19 12 26
22 24 17
21 27 0
24 25 18
21 23 31
23 30 8
28 32 20
22 29 32
26 29 30
27 28 31
25 28 33
24 29 33
26 27 33
30 31 32
246
{[23, 22, 20, 18, 12]}
{[9, 7, 3, 2, 0]}
34
15 13 22
19 11 5
9 4 14
8 5 7
15 2 5
1 3 4
19 10 7
16 3 6
17 3 25
2 11 18
13 12 6
1 12 9
20 10 11
0 10 14
16 2 13
0 16 4
15 14 7
8 18 30
9 17 24
1 6 20
19 12 21
23 24 20
23 25 0
21 22 27
21 26 18
22 31 8
24 28 32
23 29 32
26 29 30
27 28 31
28 33 17
25 29 33
26 27 33
30 31 32
247
{[23, 22, 20, 18, 12]}
{[5, 4, 2, 1, 0]}
34
15 13 21
19 11 5
9 4 14
8 5 7
15 2 5
1 3 4
19 10 7
16 3 6
17 3 22
2 11 18
13 12 6
1 12 9
20 10 11
0 10 14
16 2 13
0 16 4
15 14 7
8 18 27
9 17 24
1 6 20
19 12 23
22 25 0
21 26 8
24 25 20
23 31 18
21 23 30
22 28 32
29 32 17
26 29 30
27 28 31
25 28 33
24 29 33
26 27 33
30 31 32
248
{[23, 22, 20, 18, 12]}
{[8, 7, 4, 2, 0]}
34
15 13 25
19 11 5
9 4 14
8 5 7
15 2 5
1 3 4
19 10 7
16 3 6
17 3 23
2 11 18
13 12 6
1 12 9
20 10 11
0 10 14
16 2 13
0 16 4
15 14 7
8 18 22
9 17 21
1 6 20
19 12 31
23 24 18
24 25 17
21 27 8
21 22 26
22 30 0
24 28 32
23 29 32
26 29 30
27 28 31
25 28 33
29 33 20
26 27 33
30 31 32
249
{[23, 22, 20, 18, 12]}
{[16, 13, 12, 11, 10]}
34
15 13 33
19 11 5
9 4 14
8 5 7
15 2 5
1 3 4
19 10 7
16 3 6
17 3 32
2 11 18
13 12 6
1 12 9
20 10 11
0 10 14
16 2 13
0 16 4
15 14 7
8 18 31
9 17 27
1 6 20
19 12 26
23 24 25
23 26 27
21 22 28
21 27 30
21 26 29
22 25 20
22 24 18
23 29 30
25 28 32
24 28 31
30 33 17
29 33 8
31 32 0
250
{[23, 22, 20, 18, 12]}
{[17, 16, 14, 12, 10]}
34
15 13 32
19 11 5
9 4 14
8 5 7
15 2 5
1 3 4
19 10 7
16 3 6
17 3 31
2 11 18
13 12 6
1 12 9
20 10 11
0 10 14
16 2 13
0 16 4
15 14 7
8 18 33
9 17 30
1 6 20
19 12 27
23 24 25
23 26 27
21 22 28
21 27 30
21 26 29
22 25 31
22 24 20
23 29 30
25 28 33
24 28 18
26 32 8
31 33 0
29 32 17
251
{[23, 22, 20, 18, 12]}
{[16, 13, 12, 11, 10]}
34
15 13 27
19 11 5
9 4 14
8 5 7
15 2 5
1 3 4
19 10 7
16 3 6
17 3 32
2 11 18
13 12 6
1 12 9
20 10 11
0 10 14
16 2 13
0 16 4
15 14 7
8 18 26
9 17 33
1 6 20
19 12 31
23 24 25
23 26 27
21 22 28
21 27 30
21 26 29
22 25 17
22 24 0
23 29 30
25 28 32
24 28 31
30 33 20
29 33 8
31 32 18
252
{[23, 22, 20, 18, 12]}
{[17, 16, 14, 12, 10]}
34
15 13 30
19 11 5
9 4 14
8 5 7
15 2 5
1 3 4
19 10 7
16 3 6
17 3 31
2 11 18
13 12 6
1 12 9
20 10 11
0 10 14
16 2 13
0 16 4
15 14 7
8 18 27
9 17 32
1 6 20
19 12 33
23 24 25
23 26 27
21 22 28
21 27 30
21 26 29
22 25 31
22 24 17
23 29 30
25 28 33
24 28 0
26 32 8
31 33 18
29 32 20
253
{[23, 22, 20, 18, 12]}
{[17, 16, 15, 13, 11]}
34
15 13 26
19 11 5
9 4 14
8 5 7
15 2 5
1 3 4
19 10 7
16 3 6
17 3 33
2 11 18
13 12 6
1 12 9
20 10 11
0 10 14
16 2 13
0 16 4
15 14 7
8 18 29
9 17 32
1 6 20
19 12 31
23 24 25
23 26 27
21 22 28
21 27 30
21 26 29
22 25 0
22 24 31
23 29 30
25 28 17
24 28 33
27 32 20
31 33 18
30 32 8
254
{[23, 22, 20, 18, 12]}
{[17, 16, 15, 13, 11]}
34
15 13 32
19 11 5
9 4 14
8 5 7
15 2 5
1 3 4
19 10 7
16 3 6
17 3 33
2 11 18
13 12 6
1 12 9
20 10 11
0 10 14
16 2 13
0 16 4
15 14 7
8 18 31
9 17 26
1 6 20
19 12 29
23 24 25
23 26 27
21 22 28
21 27 30
21 26 29
22 25 18
22 24 31
23 29 30
25 28 20
24 28 33
27 32 17
31 33 0
30 32 8
255
{[23, 22, 20, 18, 12]}
{[17, 15, 14, 13, 12]}
34
15 13 29
19 11 5
9 4 14
8 5 7
15 2 5
1 3 4
19 10 7
16 3 6
17 3 31
2 11 18
13 12 6
1 12 9
20 10 11
0 10 14
16 2 13
0 16 4
15 14 7
8 18 30
9 17 33
1 6 20
19 12 32
23 24 25
23 26 27
21 22 28
21 27 30
21 26 29
22 25 32
22 24 31
23 29 30
25 28 0
24 28 17
27 33 8
26 33 20
31 32 18
256
{[23, 22, 20, 18, 12]}
{[17, 15, 14, 13, 12]}
34
15 13 33
19 11 5
9 4 14
8 5 7
15 2 5
1 3 4
19 10 7
16 3 6
17 3 31
2 11 18
13 12 6
1 12 9
20 10 11
0 10 14
16 2 13
0 16 4
15 14 7
8 18 32
9 17 29
1 6 20
19 12 30
23 24 25
23 26 27
21 22 28
21 27 30
21 26 29
22 25 32
22 24 31
23 29 30
25 28 18
24 28 20
27 33 8
26 33 17
31 32 0
