288
1
{[25, 24, 15, 14, 0]}
{[5, 4, 2, 1, 0]}
34
10 4 5
8 3 24
7 4 6
13 1 4
0 2 3
0 9 6
14 2 5
16 2 20
1 10 18
12 5 21
0 12 8
15 17 12
9 10 11
14 3 23
13 6 22
16 11 19
7 15 18
11 18 20
8 16 17
15 20 27
7 17 19
22 25 9
21 26 14
24 25 13
23 31 1
21 23 30
22 28 32
29 32 19
26 29 30
27 28 31
25 28 33
24 29 33
26 27 33
30 31 32
2
{[25, 24, 15, 14, 0]}
{[6, 3, 2, 1, 0]}
34
10 4 5
8 3 23
7 4 6
13 1 4
0 2 3
0 9 6
14 2 5
16 2 20
1 10 18
12 5 22
0 12 8
15 17 12
9 10 11
14 3 26
13 6 25
16 11 19
7 15 18
11 18 20
8 16 17
15 20 21
7 17 19
22 24 19
21 27 9
24 25 1
21 23 31
23 30 14
28 32 13
22 29 32
26 29 30
27 28 31
25 28 33
24 29 33
26 27 33
30 31 32
3
{[25, 24, 15, 14, 0]}
{[8, 7, 4, 2, 0]}
34
10 4 5
8 3 21
7 4 6
13 1 4
0 2 3
0 9 6
14 2 5
16 2 20
1 10 18
12 5 25
0 12 8
15 17 12
9 10 11
14 3 31
13 6 23
16 11 19
7 15 18
11 18 20
8 16 17
15 20 22
7 17 19
23 24 1
24 25 19
21 27 14
21 22 26
22 30 9
24 28 32
23 29 32
26 29 30
27 28 31
25 28 33
29 33 13
26 27 33
30 31 32
4
{[25, 24, 15, 14, 0]}
{[9, 7, 3, 2, 0]}
34
10 4 5
8 3 24
7 4 6
13 1 4
0 2 3
0 9 6
14 2 5
16 2 20
1 10 18
12 5 22
0 12 8
15 17 12
9 10 11
14 3 21
13 6 25
16 11 19
7 15 18
11 18 20
8 16 17
15 20 30
7 17 19
23 24 13
23 25 9
21 22 27
21 26 1
22 31 14
24 28 32
23 29 32
26 29 30
27 28 31
28 33 19
25 29 33
26 27 33
30 31 32
5
{[25, 24, 15, 14, 0]}
{[6, 3, 2, 1, 0]}
34
10 4 5
8 3 22
7 4 6
13 1 4
0 2 3
0 9 6
14 2 5
16 2 20
1 10 18
12 5 23
0 12 8
15 17 12
9 10 11
14 3 21
13 6 25
16 11 19
7 15 18
11 18 20
8 16 17
15 20 26
7 17 19
22 24 13
21 27 1
24 25 9
21 23 31
23 30 14
28 32 19
22 29 32
26 29 30
27 28 31
25 28 33
24 29 33
26 27 33
30 31 32
6
{[25, 24, 15, 14, 0]}
{[9, 7, 3, 2, 0]}
34
10 4 5
8 3 22
7 4 6
13 1 4
0 2 3
0 9 6
14 2 5
16 2 20
1 10 18
12 5 24
0 12 8
15 17 12
9 10 11
14 3 30
13 6 25
16 11 19
7 15 18
11 18 20
8 16 17
15 20 21
7 17 19
23 24 19
23 25 1
21 22 27
21 26 9
22 31 14
24 28 32
23 29 32
26 29 30
27 28 31
28 33 13
25 29 33
26 27 33
30 31 32
7
{[25, 24, 15, 14, 0]}
{[5, 4, 2, 1, 0]}
34
10 4 5
8 3 21
7 4 6
13 1 4
0 2 3
0 9 6
14 2 5
16 2 20
1 10 18
12 5 24
0 12 8
15 17 12
9 10 11
14 3 27
13 6 22
16 11 19
7 15 18
11 18 20
8 16 17
15 20 23
7 17 19
22 25 1
21 26 14
24 25 19
23 31 9
21 23 30
22 28 32
29 32 13
26 29 30
27 28 31
25 28 33
24 29 33
26 27 33
30 31 32
8
{[25, 24, 15, 14, 0]}
{[8, 7, 4, 2, 0]}
34
10 4 5
8 3 25
7 4 6
13 1 4
0 2 3
0 9 6
14 2 5
16 2 20
1 10 18
12 5 21
0 12 8
15 17 12
9 10 11
14 3 22
13 6 23
16 11 19
7 15 18
11 18 20
8 16 17
15 20 31
7 17 19
23 24 9
24 25 13
21 27 14
21 22 26
22 30 1
24 28 32
23 29 32
26 29 30
27 28 31
25 28 33
29 33 19
26 27 33
30 31 32
9
{[25, 24, 15, 14, 0]}
{[16, 13, 12, 11, 10]}
34
10 4 5
8 3 33
7 4 6
13 1 4
0 2 3
0 9 6
14 2 5
16 2 20
1 10 18
12 5 27
0 12 8
15 17 12
9 10 11
14 3 31
13 6 32
16 11 19
7 15 18
11 18 20
8 16 17
15 20 26
7 17 19
23 24 25
23 26 27
21 22 28
21 27 30
21 26 29
22 25 19
22 24 9
23 29 30
25 28 32
24 28 31
30 33 13
29 33 14
31 32 1
10
{[25, 24, 15, 14, 0]}
{[17, 16, 14, 12, 10]}
34
10 4 5
8 3 32
7 4 6
13 1 4
0 2 3
0 9 6
14 2 5
16 2 20
1 10 18
12 5 30
0 12 8
15 17 12
9 10 11
14 3 33
13 6 31
16 11 19
7 15 18
11 18 20
8 16 17
15 20 27
7 17 19
23 24 25
23 26 27
21 22 28
21 27 30
21 26 29
22 25 31
22 24 19
23 29 30
25 28 33
24 28 9
26 32 14
31 33 1
29 32 13
11
{[25, 24, 15, 14, 0]}
{[16, 13, 12, 11, 10]}
34
10 4 5
8 3 27
7 4 6
13 1 4
0 2 3
0 9 6
14 2 5
16 2 20
1 10 18
12 5 33
0 12 8
15 17 12
9 10 11
14 3 26
13 6 32
16 11 19
7 15 18
11 18 20
8 16 17
15 20 31
7 17 19
23 24 25
23 26 27
21 22 28
21 27 30
21 26 29
22 25 13
22 24 1
23 29 30
25 28 32
24 28 31
30 33 19
29 33 14
31 32 9
12
{[25, 24, 15, 14, 0]}
{[17, 16, 14, 12, 10]}
34
10 4 5
8 3 30
7 4 6
13 1 4
0 2 3
0 9 6
14 2 5
16 2 20
1 10 18
12 5 32
0 12 8
15 17 12
9 10 11
14 3 27
13 6 31
16 11 19
7 15 18
11 18 20
8 16 17
15 20 33
7 17 19
23 24 25
23 26 27
21 22 28
21 27 30
21 26 29
22 25 31
22 24 13
23 29 30
25 28 33
24 28 1
26 32 14
31 33 9
29 32 19
13
{[25, 24, 15, 14, 0]}
{[17, 16, 15, 13, 11]}
34
10 4 5
8 3 26
7 4 6
13 1 4
0 2 3
0 9 6
14 2 5
16 2 20
1 10 18
12 5 32
0 12 8
15 17 12
9 10 11
14 3 29
13 6 33
16 11 19
7 15 18
11 18 20
8 16 17
15 20 31
7 17 19
23 24 25
23 26 27
21 22 28
21 27 30
21 26 29
22 25 1
22 24 31
23 29 30
25 28 13
24 28 33
27 32 19
31 33 9
30 32 14
14
{[25, 24, 15, 14, 0]}
{[17, 16, 15, 13, 11]}
34
10 4 5
8 3 32
7 4 6
13 1 4
0 2 3
0 9 6
14 2 5
16 2 20
1 10 18
12 5 26
0 12 8
15 17 12
9 10 11
14 3 31
13 6 33
16 11 19
7 15 18
11 18 20
8 16 17
15 20 29
7 17 19
23 24 25
23 26 27
21 22 28
21 27 30
21 26 29
22 25 9
22 24 31
23 29 30
25 28 19
24 28 33
27 32 13
31 33 1
30 32 14
15
{[25, 24, 15, 14, 0]}
{[17, 15, 14, 13, 12]}
34
10 4 5
8 3 29
7 4 6
13 1 4
0 2 3
0 9 6
14 2 5
16 2 20
1 10 18
12 5 33
0 12 8
15 17 12
9 10 11
14 3 30
13 6 31
16 11 19
7 15 18
11 18 20
8 16 17
15 20 32
7 17 19
23 24 25
23 26 27
21 22 28
21 27 30
21 26 29
22 25 32
22 24 31
23 29 30
25 28 1
24 28 13
27 33 14
26 33 19
31 32 9
16
{[25, 24, 15, 14, 0]}
{[17, 15, 14, 13, 12]}
34
10 4 5
8 3 33
7 4 6
13 1 4
0 2 3
0 9 6
14 2 5
16 2 20
1 10 18
12 5 29
0 12 8
15 17 12
9 10 11
14 3 32
13 6 31
16 11 19
7 15 18
11 18 20
8 16 17
15 20 30
7 17 19
23 24 25
23 26 27
21 22 28
21 27 30
21 26 29
22 25 32
22 24 31
23 29 30
25 28 9
24 28 19
27 33 14
26 33 13
31 32 1
17
{[25, 24, 15, 14, 0]}
{[5, 4, 2, 1, 0]}
34
10 4 5
8 3 21
7 4 6
13 1 4
0 2 3
0 9 6
14 2 5
16 2 20
1 10 18
12 5 24
0 12 8
15 17 12
9 10 11
14 3 27
13 6 22
16 11 19
7 15 18
11 18 20
8 16 17
15 20 23
7 17 19
22 25 1
21 26 14
24 25 19
23 31 9
21 23 30
22 28 32
29 32 13
26 29 30
27 28 31
25 28 33
24 29 33
26 27 33
30 31 32
18
{[25, 24, 15, 14, 0]}
{[6, 3, 2, 1, 0]}
34
10 4 5
8 3 22
7 4 6
13 1 4
0 2 3
0 9 6
14 2 5
16 2 20
1 10 18
12 5 23
0 12 8
15 17 12
9 10 11
14 3 21
13 6 25
16 11 19
7 15 18
11 18 20
8 16 17
15 20 26
7 17 19
22 24 13
21 27 1
24 25 9
21 23 31
23 30 14
28 32 19
22 29 32
26 29 30
27 28 31
25 28 33
24 29 33
26 27 33
30 31 32
19
{[25, 24, 15, 14, 0]}
{[8, 7, 4, 2, 0]}
34
10 4 5
8 3 25
7 4 6
13 1 4
0 2 3
0 9 6
14 2 5
16 2 20
1 10 18
12 5 21
0 12 8
15 17 12
9 10 11
14 3 22
13 6 23
16 11 19
7 15 18
11 18 20
8 16 17
15 20 31
7 17 19
23 24 9
24 25 13
21 27 14
21 22 26
22 30 1
24 28 32
23 29 32
26 29 30
27 28 31
25 28 33
29 33 19
26 27 33
30 31 32
20
{[25, 24, 15, 14, 0]}
{[9, 7, 3, 2, 0]}
34
10 4 5
8 3 22
7 4 6
13 1 4
0 2 3
0 9 6
14 2 5
16 2 20
1 10 18
12 5 24
0 12 8
15 17 12
9 10 11
14 3 30
13 6 25
16 11 19
7 15 18
11 18 20
8 16 17
15 20 21
7 17 19
23 24 19
23 25 1
21 22 27
21 26 9
22 31 14
24 28 32
23 29 32
26 29 30
27 28 31
28 33 13
25 29 33
26 27 33
30 31 32
21
{[25, 24, 15, 14, 0]}
{[6, 3, 2, 1, 0]}
34
10 4 5
8 3 23
7 4 6
13 1 4
0 2 3
0 9 6
14 2 5
16 2 20
1 10 18
12 5 22
0 12 8
15 17 12
9 10 11
14 3 26
13 6 25
16 11 19
7 15 18
11 18 20
8 16 17
15 20 21
7 17 19
22 24 19
21 27 9
24 25 1
21 23 31
23 30 14
28 32 13
22 29 32
26 29 30
27 28 31
25 28 33
24 29 33
26 27 33
30 31 32
22
{[25, 24, 15, 14, 0]}
{[9, 7, 3, 2, 0]}
34
10 4 5
8 3 24
7 4 6
13 1 4
0 2 3
0 9 6
14 2 5
16 2 20
1 10 18
12 5 22
0 12 8
15 17 12
9 10 11
14 3 21
13 6 25
16 11 19
7 15 18
11 18 20
8 16 17
15 20 30
7 17 19
23 24 13
23 25 9
21 22 27
21 26 1
22 31 14
24 28 32
23 29 32
26 29 30
27 28 31
28 33 19
25 29 33
26 27 33
30 31 32
23
{[25, 24, 15, 14, 0]}
{[5, 4, 2, 1, 0]}
34
10 4 5
8 3 24
7 4 6
13 1 4
0 2 3
0 9 6
14 2 5
16 2 20
1 10 18
12 5 21
0 12 8
15 17 12
9 10 11
14 3 23
13 6 22
16 11 19
7 15 18
11 18 20
8 16 17
15 20 27
7 17 19
22 25 9
21 26 14
24 25 13
23 31 1
21 23 30
22 28 32
29 32 19
26 29 30
27 28 31
25 28 33
24 29 33
26 27 33
30 31 32
24
{[25, 24, 15, 14, 0]}
{[8, 7, 4, 2, 0]}
34
10 4 5
8 3 21
7 4 6
13 1 4
0 2 3
0 9 6
14 2 5
16 2 20
1 10 18
12 5 25
0 12 8
15 17 12
9 10 11
14 3 31
13 6 23
16 11 19
7 15 18
11 18 20
8 16 17
15 20 22
7 17 19
23 24 1
24 25 19
21 27 14
21 22 26
22 30 9
24 28 32
23 29 32
26 29 30
27 28 31
25 28 33
29 33 13
26 27 33
30 31 32
25
{[25, 24, 15, 14, 0]}
{[16, 13, 12, 11, 10]}
34
10 4 5
8 3 27
7 4 6
13 1 4
0 2 3
0 9 6
14 2 5
16 2 20
1 10 18
12 5 33
0 12 8
15 17 12
9 10 11
14 3 26
13 6 32
16 11 19
7 15 18
11 18 20
8 16 17
15 20 31
7 17 19
23 24 25
23 26 27
21 22 28
21 27 30
21 26 29
22 25 13
22 24 1
23 29 30
25 28 32
24 28 31
30 33 19
29 33 14
31 32 9
26
{[25, 24, 15, 14, 0]}
{[17, 16, 14, 12, 10]}
34
10 4 5
8 3 30
7 4 6
13 1 4
0 2 3
0 9 6
14 2 5
16 2 20
1 10 18
12 5 32
0 12 8
15 17 12
9 10 11
14 3 27
13 6 31
16 11 19
7 15 18
11 18 20
8 16 17
15 20 33
7 17 19
23 24 25
23 26 27
21 22 28
21 27 30
21 26 29
22 25 31
22 24 13
23 29 30
25 28 33
24 28 1
26 32 14
31 33 9
29 32 19
27
{[25, 24, 15, 14, 0]}
{[16, 13, 12, 11, 10]}
34
10 4 5
8 3 33
7 4 6
13 1 4
0 2 3
0 9 6
14 2 5
16 2 20
1 10 18
12 5 27
0 12 8
15 17 12
9 10 11
14 3 31
13 6 32
16 11 19
7 15 18
11 18 20
8 16 17
15 20 26
7 17 19
23 24 25
23 26 27
21 22 28
21 27 30
21 26 29
22 25 19
22 24 9
23 29 30
25 28 32
24 28 31
30 33 13
29 33 14
31 32 1
28
{[25, 24, 15, 14, 0]}
{[17, 16, 14, 12, 10]}
34
10 4 5
8 3 32
7 4 6
13 1 4
0 2 3
0 9 6
14 2 5
16 2 20
1 10 18
12 5 30
0 12 8
15 17 12
9 10 11
14 3 33
13 6 31
16 11 19
7 15 18
11 18 20
8 16 17
15 20 27
7 17 19
23 24 25
23 26 27
21 22 28
21 27 30
21 26 29
22 25 31
22 24 19
23 29 30
25 28 33
24 28 9
26 32 14
31 33 1
29 32 13
29
{[25, 24, 15, 14, 0]}
{[17, 16, 15, 13, 11]}
34
10 4 5
8 3 32
7 4 6
13 1 4
0 2 3
0 9 6
14 2 5
16 2 20
1 10 18
12 5 26
0 12 8
15 17 12
9 10 11
14 3 31
13 6 33
16 11 19
7 15 18
11 18 20
8 16 17
15 20 29
7 17 19
23 24 25
23 26 27
21 22 28
21 27 30
21 26 29
22 25 9
22 24 31
23 29 30
25 28 19
24 28 33
27 32 13
31 33 1
30 32 14
30
{[25, 24, 15, 14, 0]}
{[17, 16, 15, 13, 11]}
34
10 4 5
8 3 26
7 4 6
13 1 4
0 2 3
0 9 6
14 2 5
16 2 20
1 10 18
12 5 32
0 12 8
15 17 12
9 10 11
14 3 29
13 6 33
16 11 19
7 15 18
11 18 20
8 16 17
15 20 31
7 17 19
23 24 25
23 26 27
21 22 28
21 27 30
21 26 29
22 25 1
22 24 31
23 29 30
25 28 13
24 28 33
27 32 19
31 33 9
30 32 14
31
{[25, 24, 15, 14, 0]}
{[17, 15, 14, 13, 12]}
34
10 4 5
8 3 33
7 4 6
13 1 4
0 2 3
0 9 6
14 2 5
16 2 20
1 10 18
12 5 29
0 12 8
15 17 12
9 10 11
14 3 32
13 6 31
16 11 19
7 15 18
11 18 20
8 16 17
15 20 30
7 17 19
23 24 25
23 26 27
21 22 28
21 27 30
21 26 29
22 25 32
22 24 31
23 29 30
25 28 9
24 28 19
27 33 14
26 33 13
31 32 1
32
{[25, 24, 15, 14, 0]}
{[17, 15, 14, 13, 12]}
34
10 4 5
8 3 29
7 4 6
13 1 4
0 2 3
0 9 6
14 2 5
16 2 20
1 10 18
12 5 33
0 12 8
15 17 12
9 10 11
14 3 30
13 6 31
16 11 19
7 15 18
11 18 20
8 16 17
15 20 32
7 17 19
23 24 25
23 26 27
21 22 28
21 27 30
21 26 29
22 25 32
22 24 31
23 29 30
25 28 1
24 28 13
27 33 14
26 33 19
31 32 9
33
{[7, 6, 5, 3, 1]}
{[5, 4, 2, 1, 0]}
34
19 17 9
4 2 20
11 1 23
14 18 27
1 6 16
9 8 22
8 4 24
13 15 8
5 6 7
0 5 10
12 9 20
19 12 2
11 10 21
14 7 17
3 13 16
7 16 18
4 14 15
0 13 18
3 15 17
0 11 20
19 1 10
22 25 12
21 26 5
24 25 2
23 31 6
21 23 30
22 28 32
29 32 3
26 29 30
27 28 31
25 28 33
24 29 33
26 27 33
30 31 32
34
{[7, 6, 5, 3, 1]}
{[6, 3, 2, 1, 0]}
34
19 17 9
4 2 20
11 1 26
14 18 21
1 6 16
9 8 25
8 4 23
13 15 8
5 6 7
0 5 10
12 9 20
19 12 2
11 10 22
14 7 17
3 13 16
7 16 18
4 14 15
0 13 18
3 15 17
0 11 20
19 1 10
22 24 3
21 27 12
24 25 6
21 23 31
23 30 5
28 32 2
22 29 32
26 29 30
27 28 31
25 28 33
24 29 33
26 27 33
30 31 32
35
{[7, 6, 5, 3, 1]}
{[8, 7, 4, 2, 0]}
34
19 17 9
4 2 20
11 1 31
14 18 22
1 6 16
9 8 23
8 4 21
13 15 8
5 6 7
0 5 10
12 9 20
19 12 2
11 10 25
14 7 17
3 13 16
7 16 18
4 14 15
0 13 18
3 15 17
0 11 20
19 1 10
23 24 6
24 25 3
21 27 5
21 22 26
22 30 12
24 28 32
23 29 32
26 29 30
27 28 31
25 28 33
29 33 2
26 27 33
30 31 32
36
{[7, 6, 5, 3, 1]}
{[9, 7, 3, 2, 0]}
34
19 17 9
4 2 20
11 1 21
14 18 30
1 6 16
9 8 25
8 4 24
13 15 8
5 6 7
0 5 10
12 9 20
19 12 2
11 10 22
14 7 17
3 13 16
7 16 18
4 14 15
0 13 18
3 15 17
0 11 20
19 1 10
23 24 2
23 25 12
21 22 27
21 26 6
22 31 5
24 28 32
23 29 32
26 29 30
27 28 31
28 33 3
25 29 33
26 27 33
30 31 32
37
{[7, 6, 5, 3, 1]}
{[6, 3, 2, 1, 0]}
34
19 17 9
4 2 20
11 1 21
14 18 26
1 6 16
9 8 25
8 4 22
13 15 8
5 6 7
0 5 10
12 9 20
19 12 2
11 10 23
14 7 17
3 13 16
7 16 18
4 14 15
0 13 18
3 15 17
0 11 20
19 1 10
22 24 2
21 27 6
24 25 12
21 23 31
23 30 5
28 32 3
22 29 32
26 29 30
27 28 31
25 28 33
24 29 33
26 27 33
30 31 32
38
{[7, 6, 5, 3, 1]}
{[9, 7, 3, 2, 0]}
34
19 17 9
4 2 20
11 1 30
14 18 21
1 6 16
9 8 25
8 4 22
13 15 8
5 6 7
0 5 10
12 9 20
19 12 2
11 10 24
14 7 17
3 13 16
7 16 18
4 14 15
0 13 18
3 15 17
0 11 20
19 1 10
23 24 3
23 25 6
21 22 27
21 26 12
22 31 5
24 28 32
23 29 32
26 29 30
27 28 31
28 33 2
25 29 33
26 27 33
30 31 32
39
{[7, 6, 5, 3, 1]}
{[5, 4, 2, 1, 0]}
34
19 17 9
4 2 20
11 1 27
14 18 23
1 6 16
9 8 22
8 4 21
13 15 8
5 6 7
0 5 10
12 9 20
19 12 2
11 10 24
14 7 17
3 13 16
7 16 18
4 14 15
0 13 18
3 15 17
0 11 20
19 1 10
22 25 6
21 26 5
24 25 3
23 31 12
21 23 30
22 28 32
29 32 2
26 29 30
27 28 31
25 28 33
24 29 33
26 27 33
30 31 32
40
{[7, 6, 5, 3, 1]}
{[8, 7, 4, 2, 0]}
34
19 17 9
4 2 20
11 1 22
14 18 31
1 6 16
9 8 23
8 4 25
13 15 8
5 6 7
0 5 10
12 9 20
19 12 2
11 10 21
14 7 17
3 13 16
7 16 18
4 14 15
0 13 18
3 15 17
0 11 20
19 1 10
23 24 12
24 25 2
21 27 5
21 22 26
22 30 6
24 28 32
23 29 32
26 29 30
27 28 31
25 28 33
29 33 3
26 27 33
30 31 32
41
{[7, 6, 5, 3, 1]}
{[16, 13, 12, 11, 10]}
34
19 17 9
4 2 20
11 1 31
14 18 26
1 6 16
9 8 32
8 4 33
13 15 8
5 6 7
0 5 10
12 9 20
19 12 2
11 10 27
14 7 17
3 13 16
7 16 18
4 14 15
0 13 18
3 15 17
0 11 20
19 1 10
23 24 25
23 26 27
21 22 28
21 27 30
21 26 29
22 25 3
22 24 12
23 29 30
25 28 32
24 28 31
30 33 2
29 33 5
31 32 6
42
{[7, 6, 5, 3, 1]}
{[17, 16, 14, 12, 10]}
34
19 17 9
4 2 20
11 1 33
14 18 27
1 6 16
9 8 31
8 4 32
13 15 8
5 6 7
0 5 10
12 9 20
19 12 2
11 10 30
14 7 17
3 13 16
7 16 18
4 14 15
0 13 18
3 15 17
0 11 20
19 1 10
23 24 25
23 26 27
21 22 28
21 27 30
21 26 29
22 25 31
22 24 3
23 29 30
25 28 33
24 28 12
26 32 5
31 33 6
29 32 2
43
{[7, 6, 5, 3, 1]}
{[16, 13, 12, 11, 10]}
34
19 17 9
4 2 20
11 1 26
14 18 31
1 6 16
9 8 32
8 4 27
13 15 8
5 6 7
0 5 10
12 9 20
19 12 2
11 10 33
14 7 17
3 13 16
7 16 18
4 14 15
0 13 18
3 15 17
0 11 20
19 1 10
23 24 25
23 26 27
21 22 28
21 27 30
21 26 29
22 25 2
22 24 6
23 29 30
25 28 32
24 28 31
30 33 3
29 33 5
31 32 12
44
{[7, 6, 5, 3, 1]}
{[17, 16, 14, 12, 10]}
34
19 17 9
4 2 20
11 1 27
14 18 33
1 6 16
9 8 31
8 4 30
13 15 8
5 6 7
0 5 10
12 9 20
19 12 2
11 10 32
14 7 17
3 13 16
7 16 18
4 14 15
0 13 18
3 15 17
0 11 20
19 1 10
23 24 25
23 26 27
21 22 28
21 27 30
21 26 29
22 25 31
22 24 2
23 29 30
25 28 33
24 28 6
26 32 5
31 33 12
29 32 3
45
{[7, 6, 5, 3, 1]}
{[17, 16, 15, 13, 11]}
34
19 17 9
4 2 20
11 1 29
14 18 31
1 6 16
9 8 33
8 4 26
13 15 8
5 6 7
0 5 10
12 9 20
19 12 2
11 10 32
14 7 17
3 13 16
7 16 18
4 14 15
0 13 18
3 15 17
0 11 20
19 1 10
23 24 25
23 26 27
21 22 28
21 27 30
21 26 29
22 25 6
22 24 31
23 29 30
25 28 2
24 28 33
27 32 3
31 33 12
30 32 5
46
{[7, 6, 5, 3, 1]}
{[17, 16, 15, 13, 11]}
34
19 17 9
4 2 20
11 1 31
14 18 29
1 6 16
9 8 33
8 4 32
13 15 8
5 6 7
0 5 10
12 9 20
19 12 2
11 10 26
14 7 17
3 13 16
7 16 18
4 14 15
0 13 18
3 15 17
0 11 20
19 1 10
23 24 25
23 26 27
21 22 28
21 27 30
21 26 29
22 25 12
22 24 31
23 29 30
25 28 3
24 28 33
27 32 2
31 33 6
30 32 5
47
{[7, 6, 5, 3, 1]}
{[17, 15, 14, 13, 12]}
34
19 17 9
4 2 20
11 1 30
14 18 32
1 6 16
9 8 31
8 4 29
13 15 8
5 6 7
0 5 10
12 9 20
19 12 2
11 10 33
14 7 17
3 13 16
7 16 18
4 14 15
0 13 18
3 15 17
0 11 20
19 1 10
23 24 25
23 26 27
21 22 28
21 27 30
21 26 29
22 25 32
22 24 31
23 29 30
25 28 6
24 28 2
27 33 5
26 33 3
31 32 12
48
{[7, 6, 5, 3, 1]}
{[17, 15, 14, 13, 12]}
34
19 17 9
4 2 20
11 1 32
14 18 30
1 6 16
9 8 31
8 4 33
13 15 8
5 6 7
0 5 10
12 9 20
19 12 2
11 10 29
14 7 17
3 13 16
7 16 18
4 14 15
0 13 18
3 15 17
0 11 20
19 1 10
23 24 25
23 26 27
21 22 28
21 27 30
21 26 29
22 25 32
22 24 31
23 29 30
25 28 12
24 28 3
27 33 5
26 33 2
31 32 6
49
{[7, 6, 5, 3, 1]}
{[5, 4, 2, 1, 0]}
34
19 17 9
4 2 20
11 1 27
14 18 23
1 6 16
9 8 22
8 4 21
13 15 8
5 6 7
0 5 10
12 9 20
19 12 2
11 10 24
14 7 17
3 13 16
7 16 18
4 14 15
0 13 18
3 15 17
0 11 20
19 1 10
22 25 6
21 26 5
24 25 3
23 31 12
21 23 30
22 28 32
29 32 2
26 29 30
27 28 31
25 28 33
24 29 33
26 27 33
30 31 32
50
{[7, 6, 5, 3, 1]}
{[6, 3, 2, 1, 0]}
34
19 17 9
4 2 20
11 1 21
14 18 26
1 6 16
9 8 25
8 4 22
13 15 8
5 6 7
0 5 10
12 9 20
19 12 2
11 10 23
14 7 17
3 13 16
7 16 18
4 14 15
0 13 18
3 15 17
0 11 20
19 1 10
22 24 2
21 27 6
24 25 12
21 23 31
23 30 5
28 32 3
22 29 32
26 29 30
27 28 31
25 28 33
24 29 33
26 27 33
30 31 32
51
{[7, 6, 5, 3, 1]}
{[8, 7, 4, 2, 0]}
34
19 17 9
4 2 20
11 1 22
14 18 31
1 6 16
9 8 23
8 4 25
13 15 8
5 6 7
0 5 10
12 9 20
19 12 2
11 10 21
14 7 17
3 13 16
7 16 18
4 14 15
0 13 18
3 15 17
0 11 20
19 1 10
23 24 12
24 25 2
21 27 5
21 22 26
22 30 6
24 28 32
23 29 32
26 29 30
27 28 31
25 28 33
29 33 3
26 27 33
30 31 32
52
{[7, 6, 5, 3, 1]}
{[9, 7, 3, 2, 0]}
34
19 17 9
4 2 20
11 1 30
14 18 21
1 6 16
9 8 25
8 4 22
13 15 8
5 6 7
0 5 10
12 9 20
19 12 2
11 10 24
14 7 17
3 13 16
7 16 18
4 14 15
0 13 18
3 15 17
0 11 20
19 1 10
23 24 3
23 25 6
21 22 27
21 26 12
22 31 5
24 28 32
23 29 32
26 29 30
27 28 31
28 33 2
25 29 33
26 27 33
30 31 32
53
{[7, 6, 5, 3, 1]}
{[6, 3, 2, 1, 0]}
34
19 17 9
4 2 20
11 1 26
14 18 21
1 6 16
9 8 25
8 4 23
13 15 8
5 6 7
0 5 10
12 9 20
19 12 2
11 10 22
14 7 17
3 13 16
7 16 18
4 14 15
0 13 18
3 15 17
0 11 20
19 1 10
22 24 3
21 27 12
24 25 6
21 23 31
23 30 5
28 32 2
22 29 32
26 29 30
27 28 31
25 28 33
24 29 33
26 27 33
30 31 32
54
{[7, 6, 5, 3, 1]}
{[9, 7, 3, 2, 0]}
34
19 17 9
4 2 20
11 1 21
14 18 30
1 6 16
9 8 25
8 4 24
13 15 8
5 6 7
0 5 10
12 9 20
19 12 2
11 10 22
14 7 17
3 13 16
7 16 18
4 14 15
0 13 18
3 15 17
0 11 20
19 1 10
23 24 2
23 25 12
21 22 27
21 26 6
22 31 5
24 28 32
23 29 32
26 29 30
27 28 31
28 33 3
25 29 33
26 27 33
30 31 32
55
{[7, 6, 5, 3, 1]}
{[5, 4, 2, 1, 0]}
34
19 17 9
4 2 20
11 1 23
14 18 27
1 6 16
9 8 22
8 4 24
13 15 8
5 6 7
0 5 10
12 9 20
19 12 2
11 10 21
14 7 17
3 13 16
7 16 18
4 14 15
0 13 18
3 15 17
0 11 20
19 1 10
22 25 12
21 26 5
24 25 2
23 31 6
21 23 30
22 28 32
29 32 3
26 29 30
27 28 31
25 28 33
24 29 33
26 27 33
30 31 32
56
{[7, 6, 5, 3, 1]}
{[8, 7, 4, 2, 0]}
34
19 17 9
4 2 20
11 1 31
14 18 22
1 6 16
9 8 23
8 4 21
13 15 8
5 6 7
0 5 10
12 9 20
19 12 2
11 10 25
14 7 17
3 13 16
7 16 18
4 14 15
0 13 18
3 15 17
0 11 20
19 1 10
23 24 6
24 25 3
21 27 5
21 22 26
22 30 12
24 28 32
23 29 32
26 29 30
27 28 31
25 28 33
29 33 2
26 27 33
30 31 32
57
{[7, 6, 5, 3, 1]}
{[16, 13, 12, 11, 10]}
34
19 17 9
4 2 20
11 1 26
14 18 31
1 6 16
9 8 32
8 4 27
13 15 8
5 6 7
0 5 10
12 9 20
19 12 2
11 10 33
14 7 17
3 13 16
7 16 18
4 14 15
0 13 18
3 15 17
0 11 20
19 1 10
23 24 25
23 26 27
21 22 28
21 27 30
21 26 29
22 25 2
22 24 6
23 29 30
25 28 32
24 28 31
30 33 3
29 33 5
31 32 12
58
{[7, 6, 5, 3, 1]}
{[17, 16, 14, 12, 10]}
34
19 17 9
4 2 20
11 1 27
14 18 33
1 6 16
9 8 31
8 4 30
13 15 8
5 6 7
0 5 10
12 9 20
19 12 2
11 10 32
14 7 17
3 13 16
7 16 18
4 14 15
0 13 18
3 15 17
0 11 20
19 1 10
23 24 25
23 26 27
21 22 28
21 27 30
21 26 29
22 25 31
22 24 2
23 29 30
25 28 33
24 28 6
26 32 5
31 33 12
29 32 3
59
{[7, 6, 5, 3, 1]}
{[16, 13, 12, 11, 10]}
34
19 17 9
4 2 20
11 1 31
14 18 26
1 6 16
9 8 32
8 4 33
13 15 8
5 6 7
0 5 10
12 9 20
19 12 2
11 10 27
14 7 17
3 13 16
7 16 18
4 14 15
0 13 18
3 15 17
0 11 20
19 1 10
23 24 25
23 26 27
21 22 28
21 27 30
21 26 29
22 25 3
22 24 12
23 29 30
25 28 32
24 28 31
30 33 2
29 33 5
31 32 6
60
{[7, 6, 5, 3, 1]}
{[17, 16, 14, 12, 10]}
34
19 17 9
4 2 20
11 1 33
14 18 27
1 6 16
9 8 31
8 4 32
13 15 8
5 6 7
0 5 10
12 9 20
19 12 2
11 10 30
14 7 17
3 13 16
7 16 18
4 14 15
0 13 18
3 15 17
0 11 20
19 1 10
23 24 25
23 26 27
21 22 28
21 27 30
21 26 29
22 25 31
22 24 3
23 29 30
25 28 33
24 28 12
26 32 5
31 33 6
29 32 2
61
{[7, 6, 5, 3, 1]}
{[17, 16, 15, 13, 11]}
34
19 17 9
4 2 20
11 1 31
14 18 29
1 6 16
9 8 33
8 4 32
13 15 8
5 6 7
0 5 10
12 9 20
19 12 2
11 10 26
14 7 17
3 13 16
7 16 18
4 14 15
0 13 18
3 15 17
0 11 20
19 1 10
23 24 25
23 26 27
21 22 28
21 27 30
21 26 29
22 25 12
22 24 31
23 29 30
25 28 3
24 28 33
27 32 2
31 33 6
30 32 5
62
{[7, 6, 5, 3, 1]}
{[17, 16, 15, 13, 11]}
34
19 17 9
4 2 20
11 1 29
14 18 31
1 6 16
9 8 33
8 4 26
13 15 8
5 6 7
0 5 10
12 9 20
19 12 2
11 10 32
14 7 17
3 13 16
7 16 18
4 14 15
0 13 18
3 15 17
0 11 20
19 1 10
23 24 25
23 26 27
21 22 28
21 27 30
21 26 29
22 25 6
22 24 31
23 29 30
25 28 2
24 28 33
27 32 3
31 33 12
30 32 5
63
{[7, 6, 5, 3, 1]}
{[17, 15, 14, 13, 12]}
34
19 17 9
4 2 20
11 1 32
14 18 30
1 6 16
9 8 31
8 4 33
13 15 8
5 6 7
0 5 10
12 9 20
19 12 2
11 10 29
14 7 17
3 13 16
7 16 18
4 14 15
0 13 18
3 15 17
0 11 20
19 1 10
23 24 25
23 26 27
21 22 28
21 27 30
21 26 29
22 25 32
22 24 31
23 29 30
25 28 12
24 28 3
27 33 5
26 33 2
31 32 6
64
{[7, 6, 5, 3, 1]}
{[17, 15, 14, 13, 12]}
34
19 17 9
4 2 20
11 1 30
14 18 32
1 6 16
9 8 31
8 4 29
13 15 8
5 6 7
0 5 10
12 9 20
19 12 2
11 10 33
14 7 17
3 13 16
7 16 18
4 14 15
0 13 18
3 15 17
0 11 20
19 1 10
23 24 25
23 26 27
21 22 28
21 27 30
21 26 29
22 25 32
22 24 31
23 29 30
25 28 6
24 28 2
27 33 5
26 33 3
31 32 12
65
{[13, 11, 10, 6, 1]}
{[5, 4, 2, 1, 0]}
34
19 17 9
7 3 20
6 4 5
11 1 4
2 3 22
12 2 24
14 2 18
1 16 21
13 15 27
0 10 23
12 9 20
19 12 3
11 10 5
14 8 17
6 13 16
8 16 18
7 14 15
0 13 18
6 15 17
0 11 20
19 1 10
22 25 7
21 26 4
24 25 9
23 31 5
21 23 30
22 28 32
29 32 8
26 29 30
27 28 31
25 28 33
24 29 33
26 27 33
30 31 32
66
{[13, 11, 10, 6, 1]}
{[6, 3, 2, 1, 0]}
34
19 17 9
7 3 20
6 4 5
11 1 4
2 3 25
12 2 23
14 2 18
1 16 22
13 15 21
0 10 26
12 9 20
19 12 3
11 10 5
14 8 17
6 13 16
8 16 18
7 14 15
0 13 18
6 15 17
0 11 20
19 1 10
22 24 8
21 27 7
24 25 5
21 23 31
23 30 4
28 32 9
22 29 32
26 29 30
27 28 31
25 28 33
24 29 33
26 27 33
30 31 32
67
{[13, 11, 10, 6, 1]}
{[8, 7, 4, 2, 0]}
34
19 17 9
7 3 20
6 4 5
11 1 4
2 3 23
12 2 21
14 2 18
1 16 25
13 15 22
0 10 31
12 9 20
19 12 3
11 10 5
14 8 17
6 13 16
8 16 18
7 14 15
0 13 18
6 15 17
0 11 20
19 1 10
23 24 5
24 25 8
21 27 4
21 22 26
22 30 7
24 28 32
23 29 32
26 29 30
27 28 31
25 28 33
29 33 9
26 27 33
30 31 32
68
{[13, 11, 10, 6, 1]}
{[9, 7, 3, 2, 0]}
34
19 17 9
7 3 20
6 4 5
11 1 4
2 3 25
12 2 24
14 2 18
1 16 22
13 15 30
0 10 21
12 9 20
19 12 3
11 10 5
14 8 17
6 13 16
8 16 18
7 14 15
0 13 18
6 15 17
0 11 20
19 1 10
23 24 9
23 25 7
21 22 27
21 26 5
22 31 4
24 28 32
23 29 32
26 29 30
27 28 31
28 33 8
25 29 33
26 27 33
30 31 32
69
{[13, 11, 10, 6, 1]}
{[6, 3, 2, 1, 0]}
34
19 17 9
7 3 20
6 4 5
11 1 4
2 3 25
12 2 22
14 2 18
1 16 23
13 15 26
0 10 21
12 9 20
19 12 3
11 10 5
14 8 17
6 13 16
8 16 18
7 14 15
0 13 18
6 15 17
0 11 20
19 1 10
22 24 9
21 27 5
24 25 7
21 23 31
23 30 4
28 32 8
22 29 32
26 29 30
27 28 31
25 28 33
24 29 33
26 27 33
30 31 32
70
{[13, 11, 10, 6, 1]}
{[9, 7, 3, 2, 0]}
34
19 17 9
7 3 20
6 4 5
11 1 4
2 3 25
12 2 22
14 2 18
1 16 24
13 15 21
0 10 30
12 9 20
19 12 3
11 10 5
14 8 17
6 13 16
8 16 18
7 14 15
0 13 18
6 15 17
0 11 20
19 1 10
23 24 8
23 25 5
21 22 27
21 26 7
22 31 4
24 28 32
23 29 32
26 29 30
27 28 31
28 33 9
25 29 33
26 27 33
30 31 32
71
{[13, 11, 10, 6, 1]}
{[5, 4, 2, 1, 0]}
34
19 17 9
7 3 20
6 4 5
11 1 4
2 3 22
12 2 21
14 2 18
1 16 24
13 15 23
0 10 27
12 9 20
19 12 3
11 10 5
14 8 17
6 13 16
8 16 18
7 14 15
0 13 18
6 15 17
0 11 20
19 1 10
22 25 5
21 26 4
24 25 8
23 31 7
21 23 30
22 28 32
29 32 9
26 29 30
27 28 31
25 28 33
24 29 33
26 27 33
30 31 32
72
{[13, 11, 10, 6, 1]}
{[8, 7, 4, 2, 0]}
34
19 17 9
7 3 20
6 4 5
11 1 4
2 3 23
12 2 25
14 2 18
1 16 21
13 15 31
0 10 22
12 9 20
19 12 3
11 10 5
14 8 17
6 13 16
8 16 18
7 14 15
0 13 18
6 15 17
0 11 20
19 1 10
23 24 7
24 25 9
21 27 4
21 22 26
22 30 5
24 28 32
23 29 32
26 29 30
27 28 31
25 28 33
29 33 8
26 27 33
30 31 32
73
{[13, 11, 10, 6, 1]}
{[16, 13, 12, 11, 10]}
34
19 17 9
7 3 20
6 4 5
11 1 4
2 3 32
12 2 33
14 2 18
1 16 27
13 15 26
0 10 31
12 9 20
19 12 3
11 10 5
14 8 17
6 13 16
8 16 18
7 14 15
0 13 18
6 15 17
0 11 20
19 1 10
23 24 25
23 26 27
21 22 28
21 27 30
21 26 29
22 25 8
22 24 7
23 29 30
25 28 32
24 28 31
30 33 9
29 33 4
31 32 5
74
{[13, 11, 10, 6, 1]}
{[17, 16, 14, 12, 10]}
34
19 17 9
7 3 20
6 4 5
11 1 4
2 3 31
12 2 32
14 2 18
1 16 30
13 15 27
0 10 33
12 9 20
19 12 3
11 10 5
14 8 17
6 13 16
8 16 18
7 14 15
0 13 18
6 15 17
0 11 20
19 1 10
23 24 25
23 26 27
21 22 28
21 27 30
21 26 29
22 25 31
22 24 8
23 29 30
25 28 33
24 28 7
26 32 4
31 33 5
29 32 9
75
{[13, 11, 10, 6, 1]}
{[16, 13, 12, 11, 10]}
34
19 17 9
7 3 20
6 4 5
11 1 4
2 3 32
12 2 27
14 2 18
1 16 33
13 15 31
0 10 26
12 9 20
19 12 3
11 10 5
14 8 17
6 13 16
8 16 18
7 14 15
0 13 18
6 15 17
0 11 20
19 1 10
23 24 25
23 26 27
21 22 28
21 27 30
21 26 29
22 25 9
22 24 5
23 29 30
25 28 32
24 28 31
30 33 8
29 33 4
31 32 7
76
{[13, 11, 10, 6, 1]}
{[17, 16, 14, 12, 10]}
34
19 17 9
7 3 20
6 4 5
11 1 4
2 3 31
12 2 30
14 2 18
1 16 32
13 15 33
0 10 27
12 9 20
19 12 3
11 10 5
14 8 17
6 13 16
8 16 18
7 14 15
0 13 18
6 15 17
0 11 20
19 1 10
23 24 25
23 26 27
21 22 28
21 27 30
21 26 29
22 25 31
22 24 9
23 29 30
25 28 33
24 28 5
26 32 4
31 33 7
29 32 8
77
{[13, 11, 10, 6, 1]}
{[17, 16, 15, 13, 11]}
34
19 17 9
7 3 20
6 4 5
11 1 4
2 3 33
12 2 26
14 2 18
1 16 32
13 15 31
0 10 29
12 9 20
19 12 3
11 10 5
14 8 17
6 13 16
8 16 18
7 14 15
0 13 18
6 15 17
0 11 20
19 1 10
23 24 25
23 26 27
21 22 28
21 27 30
21 26 29
22 25 5
22 24 31
23 29 30
25 28 9
24 28 33
27 32 8
31 33 7
30 32 4
78
{[13, 11, 10, 6, 1]}
{[17, 16, 15, 13, 11]}
34
19 17 9
7 3 20
6 4 5
11 1 4
2 3 33
12 2 32
14 2 18
1 16 26
13 15 29
0 10 31
12 9 20
19 12 3
11 10 5
14 8 17
6 13 16
8 16 18
7 14 15
0 13 18
6 15 17
0 11 20
19 1 10
23 24 25
23 26 27
21 22 28
21 27 30
21 26 29
22 25 7
22 24 31
23 29 30
25 28 8
24 28 33
27 32 9
31 33 5
30 32 4
79
{[13, 11, 10, 6, 1]}
{[17, 15, 14, 13, 12]}
34
19 17 9
7 3 20
6 4 5
11 1 4
2 3 31
12 2 29
14 2 18
1 16 33
13 15 32
0 10 30
12 9 20
19 12 3
11 10 5
14 8 17
6 13 16
8 16 18
7 14 15
0 13 18
6 15 17
0 11 20
19 1 10
23 24 25
23 26 27
21 22 28
21 27 30
21 26 29
22 25 32
22 24 31
23 29 30
25 28 5
24 28 9
27 33 4
26 33 8
31 32 7
80
{[13, 11, 10, 6, 1]}
{[17, 15, 14, 13, 12]}
34
19 17 9
7 3 20
6 4 5
11 1 4
2 3 31
12 2 33
14 2 18
1 16 29
13 15 30
0 10 32
12 9 20
19 12 3
11 10 5
14 8 17
6 13 16
8 16 18
7 14 15
0 13 18
6 15 17
0 11 20
19 1 10
23 24 25
23 26 27
21 22 28
21 27 30
21 26 29
22 25 32
22 24 31
23 29 30
25 28 7
24 28 8
27 33 4
26 33 9
31 32 5
81
{[13, 11, 10, 6, 1]}
{[5, 4, 2, 1, 0]}
34
19 17 9
7 3 20
6 4 5
11 1 4
2 3 22
12 2 21
14 2 18
1 16 24
13 15 23
0 10 27
12 9 20
19 12 3
11 10 5
14 8 17
6 13 16
8 16 18
7 14 15
0 13 18
6 15 17
0 11 20
19 1 10
22 25 5
21 26 4
24 25 8
23 31 7
21 23 30
22 28 32
29 32 9
26 29 30
27 28 31
25 28 33
24 29 33
26 27 33
30 31 32
82
{[13, 11, 10, 6, 1]}
{[6, 3, 2, 1, 0]}
34
19 17 9
7 3 20
6 4 5
11 1 4
2 3 25
12 2 22
14 2 18
1 16 23
13 15 26
0 10 21
12 9 20
19 12 3
11 10 5
14 8 17
6 13 16
8 16 18
7 14 15
0 13 18
6 15 17
0 11 20
19 1 10
22 24 9
21 27 5
24 25 7
21 23 31
23 30 4
28 32 8
22 29 32
26 29 30
27 28 31
25 28 33
24 29 33
26 27 33
30 31 32
83
{[13, 11, 10, 6, 1]}
{[8, 7, 4, 2, 0]}
34
19 17 9
7 3 20
6 4 5
11 1 4
2 3 23
12 2 25
14 2 18
1 16 21
13 15 31
0 10 22
12 9 20
19 12 3
11 10 5
14 8 17
6 13 16
8 16 18
7 14 15
0 13 18
6 15 17
0 11 20
19 1 10
23 24 7
24 25 9
21 27 4
21 22 26
22 30 5
24 28 32
23 29 32
26 29 30
27 28 31
25 28 33
29 33 8
26 27 33
30 31 32
84
{[13, 11, 10, 6, 1]}
{[9, 7, 3, 2, 0]}
34
19 17 9
7 3 20
6 4 5
11 1 4
2 3 25
12 2 22
14 2 18
1 16 24
13 15 21
0 10 30
12 9 20
19 12 3
11 10 5
14 8 17
6 13 16
8 16 18
7 14 15
0 13 18
6 15 17
0 11 20
19 1 10
23 24 8
23 25 5
21 22 27
21 26 7
22 31 4
24 28 32
23 29 32
26 29 30
27 28 31
28 33 9
25 29 33
26 27 33
30 31 32
85
{[13, 11, 10, 6, 1]}
{[6, 3, 2, 1, 0]}
34
19 17 9
7 3 20
6 4 5
11 1 4
2 3 25
12 2 23
14 2 18
1 16 22
13 15 21
0 10 26
12 9 20
19 12 3
11 10 5
14 8 17
6 13 16
8 16 18
7 14 15
0 13 18
6 15 17
0 11 20
19 1 10
22 24 8
21 27 7
24 25 5
21 23 31
23 30 4
28 32 9
22 29 32
26 29 30
27 28 31
25 28 33
24 29 33
26 27 33
30 31 32
86
{[13, 11, 10, 6, 1]}
{[9, 7, 3, 2, 0]}
34
19 17 9
7 3 20
6 4 5
11 1 4
2 3 25
12 2 24
14 2 18
1 16 22
13 15 30
0 10 21
12 9 20
19 12 3
11 10 5
14 8 17
6 13 16
8 16 18
7 14 15
0 13 18
6 15 17
0 11 20
19 1 10
23 24 9
23 25 7
21 22 27
21 26 5
22 31 4
24 28 32
23 29 32
26 29 30
27 28 31
28 33 8
25 29 33
26 27 33
30 31 32
87
{[13, 11, 10, 6, 1]}
{[5, 4, 2, 1, 0]}
34
19 17 9
7 3 20
6 4 5
11 1 4
2 3 22
12 2 24
14 2 18
1 16 21
13 15 27
0 10 23
12 9 20
19 12 3
11 10 5
14 8 17
6 13 16
8 16 18
7 14 15
0 13 18
6 15 17
0 11 20
19 1 10
22 25 7
21 26 4
24 25 9
23 31 5
21 23 30
22 28 32
29 32 8
26 29 30
27 28 31
25 28 33
24 29 33
26 27 33
30 31 32
88
{[13, 11, 10, 6, 1]}
{[8, 7, 4, 2, 0]}
34
19 17 9
7 3 20
6 4 5
11 1 4
2 3 23
12 2 21
14 2 18
1 16 25
13 15 22
0 10 31
12 9 20
19 12 3
11 10 5
14 8 17
6 13 16
8 16 18
7 14 15
0 13 18
6 15 17
0 11 20
19 1 10
23 24 5
24 25 8
21 27 4
21 22 26
22 30 7
24 28 32
23 29 32
26 29 30
27 28 31
25 28 33
29 33 9
26 27 33
30 31 32
89
{[13, 11, 10, 6, 1]}
{[16, 13, 12, 11, 10]}
34
19 17 9
7 3 20
6 4 5
11 1 4
2 3 32
12 2 27
14 2 18
1 16 33
13 15 31
0 10 26
12 9 20
19 12 3
11 10 5
14 8 17
6 13 16
8 16 18
7 14 15
0 13 18
6 15 17
0 11 20
19 1 10
23 24 25
23 26 27
21 22 28
21 27 30
21 26 29
22 25 9
22 24 5
23 29 30
25 28 32
24 28 31
30 33 8
29 33 4
31 32 7
90
{[13, 11, 10, 6, 1]}
{[17, 16, 14, 12, 10]}
34
19 17 9
7 3 20
6 4 5
11 1 4
2 3 31
12 2 30
14 2 18
1 16 32
13 15 33
0 10 27
12 9 20
19 12 3
11 10 5
14 8 17
6 13 16
8 16 18
7 14 15
0 13 18
6 15 17
0 11 20
19 1 10
23 24 25
23 26 27
21 22 28
21 27 30
21 26 29
22 25 31
22 24 9
23 29 30
25 28 33
24 28 5
26 32 4
31 33 7
29 32 8
91
{[13, 11, 10, 6, 1]}
{[16, 13, 12, 11, 10]}
34
19 17 9
7 3 20
6 4 5
11 1 4
2 3 32
12 2 33
14 2 18
1 16 27
13 15 26
0 10 31
12 9 20
19 12 3
11 10 5
14 8 17
6 13 16
8 16 18
7 14 15
0 13 18
6 15 17
0 11 20
19 1 10
23 24 25
23 26 27
21 22 28
21 27 30
21 26 29
22 25 8
22 24 7
23 29 30
25 28 32
24 28 31
30 33 9
29 33 4
31 32 5
92
{[13, 11, 10, 6, 1]}
{[17, 16, 14, 12, 10]}
34
19 17 9
7 3 20
6 4 5
11 1 4
2 3 31
12 2 32
14 2 18
1 16 30
13 15 27
0 10 33
12 9 20
19 12 3
11 10 5
14 8 17
6 13 16
8 16 18
7 14 15
0 13 18
6 15 17
0 11 20
19 1 10
23 24 25
23 26 27
21 22 28
21 27 30
21 26 29
22 25 31
22 24 8
23 29 30
25 28 33
24 28 7
26 32 4
31 33 5
29 32 9
93
{[13, 11, 10, 6, 1]}
{[17, 16, 15, 13, 11]}
34
19 17 9
7 3 20
6 4 5
11 1 4
2 3 33
12 2 32
14 2 18
1 16 26
13 15 29
0 10 31
12 9 20
19 12 3
11 10 5
14 8 17
6 13 16
8 16 18
7 14 15
0 13 18
6 15 17
0 11 20
19 1 10
23 24 25
23 26 27
21 22 28
21 27 30
21 26 29
22 25 7
22 24 31
23 29 30
25 28 8
24 28 33
27 32 9
31 33 5
30 32 4
94
{[13, 11, 10, 6, 1]}
{[17, 16, 15, 13, 11]}
34
19 17 9
7 3 20
6 4 5
11 1 4
2 3 33
12 2 26
14 2 18
1 16 32
13 15 31
0 10 29
12 9 20
19 12 3
11 10 5
14 8 17
6 13 16
8 16 18
7 14 15
0 13 18
6 15 17
0 11 20
19 1 10
23 24 25
23 26 27
21 22 28
21 27 30
21 26 29
22 25 5
22 24 31
23 29 30
25 28 9
24 28 33
27 32 8
31 33 7
30 32 4
95
{[13, 11, 10, 6, 1]}
{[17, 15, 14, 13, 12]}
34
19 17 9
7 3 20
6 4 5
11 1 4
2 3 31
12 2 33
14 2 18
1 16 29
13 15 30
0 10 32
12 9 20
19 12 3
11 10 5
14 8 17
6 13 16
8 16 18
7 14 15
0 13 18
6 15 17
0 11 20
19 1 10
23 24 25
23 26 27
21 22 28
21 27 30
21 26 29
22 25 32
22 24 31
23 29 30
25 28 7
24 28 8
27 33 4
26 33 9
31 32 5
96
{[13, 11, 10, 6, 1]}
{[17, 15, 14, 13, 12]}
34
19 17 9
7 3 20
6 4 5
11 1 4
2 3 31
12 2 29
14 2 18
1 16 33
13 15 32
0 10 30
12 9 20
19 12 3
11 10 5
14 8 17
6 13 16
8 16 18
7 14 15
0 13 18
6 15 17
0 11 20
19 1 10
23 24 25
23 26 27
21 22 28
21 27 30
21 26 29
22 25 32
22 24 31
23 29 30
25 28 5
24 28 9
27 33 4
26 33 8
31 32 7
97
{[25, 24, 16, 4, 2]}
{[5, 4, 2, 1, 0]}
34
19 12 27
9 3 4
6 3 5
1 2 24
1 8 5
14 2 4
16 2 20
9 18 22
12 11 4
1 11 7
15 17 11
8 9 10
0 8 13
14 12 21
13 5 23
16 10 19
6 15 18
10 18 20
7 16 17
0 15 20
6 17 19
22 25 13
21 26 7
24 25 14
23 31 3
21 23 30
22 28 32
29 32 0
26 29 30
27 28 31
25 28 33
24 29 33
26 27 33
30 31 32
98
{[25, 24, 16, 4, 2]}
{[6, 3, 2, 1, 0]}
34
19 12 21
9 3 4
6 3 5
1 2 23
1 8 5
14 2 4
16 2 20
9 18 25
12 11 4
1 11 7
15 17 11
8 9 10
0 8 13
14 12 22
13 5 26
16 10 19
6 15 18
10 18 20
7 16 17
0 15 20
6 17 19
22 24 0
21 27 13
24 25 3
21 23 31
23 30 7
28 32 14
22 29 32
26 29 30
27 28 31
25 28 33
24 29 33
26 27 33
30 31 32
99
{[25, 24, 16, 4, 2]}
{[8, 7, 4, 2, 0]}
34
19 12 22
9 3 4
6 3 5
1 2 21
1 8 5
14 2 4
16 2 20
9 18 23
12 11 4
1 11 7
15 17 11
8 9 10
0 8 13
14 12 25
13 5 31
16 10 19
6 15 18
10 18 20
7 16 17
0 15 20
6 17 19
23 24 3
24 25 0
21 27 7
21 22 26
22 30 13
24 28 32
23 29 32
26 29 30
27 28 31
25 28 33
29 33 14
26 27 33
30 31 32
100
{[25, 24, 16, 4, 2]}
{[9, 7, 3, 2, 0]}
34
19 12 30
9 3 4
6 3 5
1 2 24
1 8 5
14 2 4
16 2 20
9 18 25
12 11 4
1 11 7
15 17 11
8 9 10
0 8 13
14 12 22
13 5 21
16 10 19
6 15 18
10 18 20
7 16 17
0 15 20
6 17 19
23 24 14
23 25 13
21 22 27
21 26 3
22 31 7
24 28 32
23 29 32
26 29 30
27 28 31
28 33 0
25 29 33
26 27 33
30 31 32
101
{[25, 24, 16, 4, 2]}
{[6, 3, 2, 1, 0]}
34
19 12 26
9 3 4
6 3 5
1 2 22
1 8 5
14 2 4
16 2 20
9 18 25
12 11 4
1 11 7
15 17 11
8 9 10
0 8 13
14 12 23
13 5 21
16 10 19
6 15 18
10 18 20
7 16 17
0 15 20
6 17 19
22 24 14
21 27 3
24 25 13
21 23 31
23 30 7
28 32 0
22 29 32
26 29 30
27 28 31
25 28 33
24 29 33
26 27 33
30 31 32
102
{[25, 24, 16, 4, 2]}
{[9, 7, 3, 2, 0]}
34
19 12 21
9 3 4
6 3 5
1 2 22
1 8 5
14 2 4
16 2 20
9 18 25
12 11 4
1 11 7
15 17 11
8 9 10
0 8 13
14 12 24
13 5 30
16 10 19
6 15 18
10 18 20
7 16 17
0 15 20
6 17 19
23 24 0
23 25 3
21 22 27
21 26 13
22 31 7
24 28 32
23 29 32
26 29 30
27 28 31
28 33 14
25 29 33
26 27 33
30 31 32
103
{[25, 24, 16, 4, 2]}
{[5, 4, 2, 1, 0]}
34
19 12 23
9 3 4
6 3 5
1 2 21
1 8 5
14 2 4
16 2 20
9 18 22
12 11 4
1 11 7
15 17 11
8 9 10
0 8 13
14 12 24
13 5 27
16 10 19
6 15 18
10 18 20
7 16 17
0 15 20
6 17 19
22 25 3
21 26 7
24 25 0
23 31 13
21 23 30
22 28 32
29 32 14
26 29 30
27 28 31
25 28 33
24 29 33
26 27 33
30 31 32
104
{[25, 24, 16, 4, 2]}
{[8, 7, 4, 2, 0]}
34
19 12 31
9 3 4
6 3 5
1 2 25
1 8 5
14 2 4
16 2 20
9 18 23
12 11 4
1 11 7
15 17 11
8 9 10
0 8 13
14 12 21
13 5 22
16 10 19
6 15 18
10 18 20
7 16 17
0 15 20
6 17 19
23 24 13
24 25 14
21 27 7
21 22 26
22 30 3
24 28 32
23 29 32
26 29 30
27 28 31
25 28 33
29 33 0
26 27 33
30 31 32
105
{[25, 24, 16, 4, 2]}
{[16, 13, 12, 11, 10]}
34
19 12 26
9 3 4
6 3 5
1 2 33
1 8 5
14 2 4
16 2 20
9 18 32
12 11 4
1 11 7
15 17 11
8 9 10
0 8 13
14 12 27
13 5 31
16 10 19
6 15 18
10 18 20
7 16 17
0 15 20
6 17 19
23 24 25
23 26 27
21 22 28
21 27 30
21 26 29
22 25 0
22 24 13
23 29 30
25 28 32
24 28 31
30 33 14
29 33 7
31 32 3
106
{[25, 24, 16, 4, 2]}
{[17, 16, 14, 12, 10]}
34
19 12 27
9 3 4
6 3 5
1 2 32
1 8 5
14 2 4
16 2 20
9 18 31
12 11 4
1 11 7
15 17 11
8 9 10
0 8 13
14 12 30
13 5 33
16 10 19
6 15 18
10 18 20
7 16 17
0 15 20
6 17 19
23 24 25
23 26 27
21 22 28
21 27 30
21 26 29
22 25 31
22 24 0
23 29 30
25 28 33
24 28 13
26 32 7
31 33 3
29 32 14
107
{[25, 24, 16, 4, 2]}
{[16, 13, 12, 11, 10]}
34
19 12 31
9 3 4
6 3 5
1 2 27
1 8 5
14 2 4
16 2 20
9 18 32
12 11 4
1 11 7
15 17 11
8 9 10
0 8 13
14 12 33
13 5 26
16 10 19
6 15 18
10 18 20
7 16 17
0 15 20
6 17 19
23 24 25
23 26 27
21 22 28
21 27 30
21 26 29
22 25 14
22 24 3
23 29 30
25 28 32
24 28 31
30 33 0
29 33 7
31 32 13
108
{[25, 24, 16, 4, 2]}
{[17, 16, 14, 12, 10]}
34
19 12 33
9 3 4
6 3 5
1 2 30
1 8 5
14 2 4
16 2 20
9 18 31
12 11 4
1 11 7
15 17 11
8 9 10
0 8 13
14 12 32
13 5 27
16 10 19
6 15 18
10 18 20
7 16 17
0 15 20
6 17 19
23 24 25
23 26 27
21 22 28
21 27 30
21 26 29
22 25 31
22 24 14
23 29 30
25 28 33
24 28 3
26 32 7
31 33 13
29 32 0
109
{[25, 24, 16, 4, 2]}
{[17, 16, 15, 13, 11]}
34
19 12 31
9 3 4
6 3 5
1 2 26
1 8 5
14 2 4
16 2 20
9 18 33
12 11 4
1 11 7
15 17 11
8 9 10
0 8 13
14 12 32
13 5 29
16 10 19
6 15 18
10 18 20
7 16 17
0 15 20
6 17 19
23 24 25
23 26 27
21 22 28
21 27 30
21 26 29
22 25 3
22 24 31
23 29 30
25 28 14
24 28 33
27 32 0
31 33 13
30 32 7
110
{[25, 24, 16, 4, 2]}
{[17, 16, 15, 13, 11]}
34
19 12 29
9 3 4
6 3 5
1 2 32
1 8 5
14 2 4
16 2 20
9 18 33
12 11 4
1 11 7
15 17 11
8 9 10
0 8 13
14 12 26
13 5 31
16 10 19
6 15 18
10 18 20
7 16 17
0 15 20
6 17 19
23 24 25
23 26 27
21 22 28
21 27 30
21 26 29
22 25 13
22 24 31
23 29 30
25 28 0
24 28 33
27 32 14
31 33 3
30 32 7
111
{[25, 24, 16, 4, 2]}
{[17, 15, 14, 13, 12]}
34
19 12 32
9 3 4
6 3 5
1 2 29
1 8 5
14 2 4
16 2 20
9 18 31
12 11 4
1 11 7
15 17 11
8 9 10
0 8 13
14 12 33
13 5 30
16 10 19
6 15 18
10 18 20
7 16 17
0 15 20
6 17 19
23 24 25
23 26 27
21 22 28
21 27 30
21 26 29
22 25 32
22 24 31
23 29 30
25 28 3
24 28 14
27 33 7
26 33 0
31 32 13
112
{[25, 24, 16, 4, 2]}
{[17, 15, 14, 13, 12]}
34
19 12 30
9 3 4
6 3 5
1 2 33
1 8 5
14 2 4
16 2 20
9 18 31
12 11 4
1 11 7
15 17 11
8 9 10
0 8 13
14 12 29
13 5 32
16 10 19
6 15 18
10 18 20
7 16 17
0 15 20
6 17 19
23 24 25
23 26 27
21 22 28
21 27 30
21 26 29
22 25 32
22 24 31
23 29 30
25 28 13
24 28 0
27 33 7
26 33 14
31 32 3
113
{[25, 24, 16, 4, 2]}
{[5, 4, 2, 1, 0]}
34
19 12 23
9 3 4
6 3 5
1 2 21
1 8 5
14 2 4
16 2 20
9 18 22
12 11 4
1 11 7
15 17 11
8 9 10
0 8 13
14 12 24
13 5 27
16 10 19
6 15 18
10 18 20
7 16 17
0 15 20
6 17 19
22 25 3
21 26 7
24 25 0
23 31 13
21 23 30
22 28 32
29 32 14
26 29 30
27 28 31
25 28 33
24 29 33
26 27 33
30 31 32
114
{[25, 24, 16, 4, 2]}
{[6, 3, 2, 1, 0]}
34
19 12 26
9 3 4
6 3 5
1 2 22
1 8 5
14 2 4
16 2 20
9 18 25
12 11 4
1 11 7
15 17 11
8 9 10
0 8 13
14 12 23
13 5 21
16 10 19
6 15 18
10 18 20
7 16 17
0 15 20
6 17 19
22 24 14
21 27 3
24 25 13
21 23 31
23 30 7
28 32 0
22 29 32
26 29 30
27 28 31
25 28 33
24 29 33
26 27 33
30 31 32
115
{[25, 24, 16, 4, 2]}
{[8, 7, 4, 2, 0]}
34
19 12 31
9 3 4
6 3 5
1 2 25
1 8 5
14 2 4
16 2 20
9 18 23
12 11 4
1 11 7
15 17 11
8 9 10
0 8 13
14 12 21
13 5 22
16 10 19
6 15 18
10 18 20
7 16 17
0 15 20
6 17 19
23 24 13
24 25 14
21 27 7
21 22 26
22 30 3
24 28 32
23 29 32
26 29 30
27 28 31
25 28 33
29 33 0
26 27 33
30 31 32
116
{[25, 24, 16, 4, 2]}
{[9, 7, 3, 2, 0]}
34
19 12 21
9 3 4
6 3 5
1 2 22
1 8 5
14 2 4
16 2 20
9 18 25
12 11 4
1 11 7
15 17 11
8 9 10
0 8 13
14 12 24
13 5 30
16 10 19
6 15 18
10 18 20
7 16 17
0 15 20
6 17 19
23 24 0
23 25 3
21 22 27
21 26 13
22 31 7
24 28 32
23 29 32
26 29 30
27 28 31
28 33 14
25 29 33
26 27 33
30 31 32
117
{[25, 24, 16, 4, 2]}
{[6, 3, 2, 1, 0]}
34
19 12 21
9 3 4
6 3 5
1 2 23
1 8 5
14 2 4
16 2 20
9 18 25
12 11 4
1 11 7
15 17 11
8 9 10
0 8 13
14 12 22
13 5 26
16 10 19
6 15 18
10 18 20
7 16 17
0 15 20
6 17 19
22 24 0
21 27 13
24 25 3
21 23 31
23 30 7
28 32 14
22 29 32
26 29 30
27 28 31
25 28 33
24 29 33
26 27 33
30 31 32
118
{[25, 24, 16, 4, 2]}
{[9, 7, 3, 2, 0]}
34
19 12 30
9 3 4
6 3 5
1 2 24
1 8 5
14 2 4
16 2 20
9 18 25
12 11 4
1 11 7
15 17 11
8 9 10
0 8 13
14 12 22
13 5 21
16 10 19
6 15 18
10 18 20
7 16 17
0 15 20
6 17 19
23 24 14
23 25 13
21 22 27
21 26 3
22 31 7
24 28 32
23 29 32
26 29 30
27 28 31
28 33 0
25 29 33
26 27 33
30 31 32
119
{[25, 24, 16, 4, 2]}
{[5, 4, 2, 1, 0]}
34
19 12 27
9 3 4
6 3 5
1 2 24
1 8 5
14 2 4
16 2 20
9 18 22
12 11 4
1 11 7
15 17 11
8 9 10
0 8 13
14 12 21
13 5 23
16 10 19
6 15 18
10 18 20
7 16 17
0 15 20
6 17 19
22 25 13
21 26 7
24 25 14
23 31 3
21 23 30
22 28 32
29 32 0
26 29 30
27 28 31
25 28 33
24 29 33
26 27 33
30 31 32
120
{[25, 24, 16, 4, 2]}
{[8, 7, 4, 2, 0]}
34
19 12 22
9 3 4
6 3 5
1 2 21
1 8 5
14 2 4
16 2 20
9 18 23
12 11 4
1 11 7
15 17 11
8 9 10
0 8 13
14 12 25
13 5 31
16 10 19
6 15 18
10 18 20
7 16 17
0 15 20
6 17 19
23 24 3
24 25 0
21 27 7
21 22 26
22 30 13
24 28 32
23 29 32
26 29 30
27 28 31
25 28 33
29 33 14
26 27 33
30 31 32
121
{[25, 24, 16, 4, 2]}
{[16, 13, 12, 11, 10]}
34
19 12 31
9 3 4
6 3 5
1 2 27
1 8 5
14 2 4
16 2 20
9 18 32
12 11 4
1 11 7
15 17 11
8 9 10
0 8 13
14 12 33
13 5 26
16 10 19
6 15 18
10 18 20
7 16 17
0 15 20
6 17 19
23 24 25
23 26 27
21 22 28
21 27 30
21 26 29
22 25 14
22 24 3
23 29 30
25 28 32
24 28 31
30 33 0
29 33 7
31 32 13
122
{[25, 24, 16, 4, 2]}
{[17, 16, 14, 12, 10]}
34
19 12 33
9 3 4
6 3 5
1 2 30
1 8 5
14 2 4
16 2 20
9 18 31
12 11 4
1 11 7
15 17 11
8 9 10
0 8 13
14 12 32
13 5 27
16 10 19
6 15 18
10 18 20
7 16 17
0 15 20
6 17 19
23 24 25
23 26 27
21 22 28
21 27 30
21 26 29
22 25 31
22 24 14
23 29 30
25 28 33
24 28 3
26 32 7
31 33 13
29 32 0
123
{[25, 24, 16, 4, 2]}
{[16, 13, 12, 11, 10]}
34
19 12 26
9 3 4
6 3 5
1 2 33
1 8 5
14 2 4
16 2 20
9 18 32
12 11 4
1 11 7
15 17 11
8 9 10
0 8 13
14 12 27
13 5 31
16 10 19
6 15 18
10 18 20
7 16 17
0 15 20
6 17 19
23 24 25
23 26 27
21 22 28
21 27 30
21 26 29
22 25 0
22 24 13
23 29 30
25 28 32
24 28 31
30 33 14
29 33 7
31 32 3
124
{[25, 24, 16, 4, 2]}
{[17, 16, 14, 12, 10]}
34
19 12 27
9 3 4
6 3 5
1 2 32
1 8 5
14 2 4
16 2 20
9 18 31
12 11 4
1 11 7
15 17 11
8 9 10
0 8 13
14 12 30
13 5 33
16 10 19
6 15 18
10 18 20
7 16 17
0 15 20
6 17 19
23 24 25
23 26 27
21 22 28
21 27 30
21 26 29
22 25 31
22 24 0
23 29 30
25 28 33
24 28 13
26 32 7
31 33 3
29 32 14
125
{[25, 24, 16, 4, 2]}
{[17, 16, 15, 13, 11]}
34
19 12 29
9 3 4
6 3 5
1 2 32
1 8 5
14 2 4
16 2 20
9 18 33
12 11 4
1 11 7
15 17 11
8 9 10
0 8 13
14 12 26
13 5 31
16 10 19
6 15 18
10 18 20
7 16 17
0 15 20
6 17 19
23 24 25
23 26 27
21 22 28
21 27 30
21 26 29
22 25 13
22 24 31
23 29 30
25 28 0
24 28 33
27 32 14
31 33 3
30 32 7
126
{[25, 24, 16, 4, 2]}
{[17, 16, 15, 13, 11]}
34
19 12 31
9 3 4
6 3 5
1 2 26
1 8 5
14 2 4
16 2 20
9 18 33
12 11 4
1 11 7
15 17 11
8 9 10
0 8 13
14 12 32
13 5 29
16 10 19
6 15 18
10 18 20
7 16 17
0 15 20
6 17 19
23 24 25
23 26 27
21 22 28
21 27 30
21 26 29
22 25 3
22 24 31
23 29 30
25 28 14
24 28 33
27 32 0
31 33 13
30 32 7
127
{[25, 24, 16, 4, 2]}
{[17, 15, 14, 13, 12]}
34
19 12 30
9 3 4
6 3 5
1 2 33
1 8 5
14 2 4
16 2 20
9 18 31
12 11 4
1 11 7
15 17 11
8 9 10
0 8 13
14 12 29
13 5 32
16 10 19
6 15 18
10 18 20
7 16 17
0 15 20
6 17 19
23 24 25
23 26 27
21 22 28
21 27 30
21 26 29
22 25 32
22 24 31
23 29 30
25 28 13
24 28 0
27 33 7
26 33 14
31 32 3
128
{[25, 24, 16, 4, 2]}
{[17, 15, 14, 13, 12]}
34
19 12 32
9 3 4
6 3 5
1 2 29
1 8 5
14 2 4
16 2 20
9 18 31
12 11 4
1 11 7
15 17 11
8 9 10
0 8 13
14 12 33
13 5 30
16 10 19
6 15 18
10 18 20
7 16 17
0 15 20
6 17 19
23 24 25
23 26 27
21 22 28
21 27 30
21 26 29
22 25 32
22 24 31
23 29 30
25 28 3
24 28 14
27 33 7
26 33 0
31 32 13
129
{[23, 22, 19, 18, 8]}
{[5, 4, 2, 1, 0]}
34
19 13 23
10 5 6
8 4 20
5 7 21
15 2 5
1 3 4
1 9 7
16 3 6
2 10 18
13 12 6
1 12 8
17 12 24
9 10 11
0 9 14
16 13 20
19 16 4
15 14 7
11 18 27
8 17 22
0 15 20
19 2 14
22 25 3
21 26 18
24 25 0
23 31 11
21 23 30
22 28 32
29 32 17
26 29 30
27 28 31
25 28 33
24 29 33
26 27 33
30 31 32
130
{[23, 22, 19, 18, 8]}
{[6, 3, 2, 1, 0]}
34
19 13 26
10 5 6
8 4 20
5 7 22
15 2 5
1 3 4
1 9 7
16 3 6
2 10 18
13 12 6
1 12 8
17 12 23
9 10 11
0 9 14
16 13 20
19 16 4
15 14 7
11 18 21
8 17 25
0 15 20
19 2 14
22 24 17
21 27 3
24 25 11
21 23 31
23 30 18
28 32 0
22 29 32
26 29 30
27 28 31
25 28 33
24 29 33
26 27 33
30 31 32
131
{[23, 22, 19, 18, 8]}
{[8, 7, 4, 2, 0]}
34
19 13 31
10 5 6
8 4 20
5 7 25
15 2 5
1 3 4
1 9 7
16 3 6
2 10 18
13 12 6
1 12 8
17 12 21
9 10 11
0 9 14
16 13 20
19 16 4
15 14 7
11 18 22
8 17 23
0 15 20
19 2 14
23 24 11
24 25 17
21 27 18
21 22 26
22 30 3
24 28 32
23 29 32
26 29 30
27 28 31
25 28 33
29 33 0
26 27 33
30 31 32
132
{[23, 22, 19, 18, 8]}
{[9, 7, 3, 2, 0]}
34
19 13 21
10 5 6
8 4 20
5 7 22
15 2 5
1 3 4
1 9 7
16 3 6
2 10 18
13 12 6
1 12 8
17 12 24
9 10 11
0 9 14
16 13 20
19 16 4
15 14 7
11 18 30
8 17 25
0 15 20
19 2 14
23 24 0
23 25 3
21 22 27
21 26 11
22 31 18
24 28 32
23 29 32
26 29 30
27 28 31
28 33 17
25 29 33
26 27 33
30 31 32
133
{[23, 22, 19, 18, 8]}
{[6, 3, 2, 1, 0]}
34
19 13 21
10 5 6
8 4 20
5 7 23
15 2 5
1 3 4
1 9 7
16 3 6
2 10 18
13 12 6
1 12 8
17 12 22
9 10 11
0 9 14
16 13 20
19 16 4
15 14 7
11 18 26
8 17 25
0 15 20
19 2 14
22 24 0
21 27 11
24 25 3
21 23 31
23 30 18
28 32 17
22 29 32
26 29 30
27 28 31
25 28 33
24 29 33
26 27 33
30 31 32
134
{[23, 22, 19, 18, 8]}
{[9, 7, 3, 2, 0]}
34
19 13 30
10 5 6
8 4 20
5 7 24
15 2 5
1 3 4
1 9 7
16 3 6
2 10 18
13 12 6
1 12 8
17 12 22
9 10 11
0 9 14
16 13 20
19 16 4
15 14 7
11 18 21
8 17 25
0 15 20
19 2 14
23 24 17
23 25 11
21 22 27
21 26 3
22 31 18
24 28 32
23 29 32
26 29 30
27 28 31
28 33 0
25 29 33
26 27 33
30 31 32
135
{[23, 22, 19, 18, 8]}
{[5, 4, 2, 1, 0]}
34
19 13 27
10 5 6
8 4 20
5 7 24
15 2 5
1 3 4
1 9 7
16 3 6
2 10 18
13 12 6
1 12 8
17 12 21
9 10 11
0 9 14
16 13 20
19 16 4
15 14 7
11 18 23
8 17 22
0 15 20
19 2 14
22 25 11
21 26 18
24 25 17
23 31 3
21 23 30
22 28 32
29 32 0
26 29 30
27 28 31
25 28 33
24 29 33
26 27 33
30 31 32
136
{[23, 22, 19, 18, 8]}
{[8, 7, 4, 2, 0]}
34
19 13 22
10 5 6
8 4 20
5 7 21
15 2 5
1 3 4
1 9 7
16 3 6
2 10 18
13 12 6
1 12 8
17 12 25
9 10 11
0 9 14
16 13 20
19 16 4
15 14 7
11 18 31
8 17 23
0 15 20
19 2 14
23 24 3
24 25 0
21 27 18
21 22 26
22 30 11
24 28 32
23 29 32
26 29 30
27 28 31
25 28 33
29 33 17
26 27 33
30 31 32
137
{[23, 22, 19, 18, 8]}
{[16, 13, 12, 11, 10]}
34
19 13 31
10 5 6
8 4 20
5 7 27
15 2 5
1 3 4
1 9 7
16 3 6
2 10 18
13 12 6
1 12 8
17 12 33
9 10 11
0 9 14
16 13 20
19 16 4
15 14 7
11 18 26
8 17 32
0 15 20
19 2 14
23 24 25
23 26 27
21 22 28
21 27 30
21 26 29
22 25 17
22 24 3
23 29 30
25 28 32
24 28 31
30 33 0
29 33 18
31 32 11
138
{[23, 22, 19, 18, 8]}
{[17, 16, 14, 12, 10]}
34
19 13 33
10 5 6
8 4 20
5 7 30
15 2 5
1 3 4
1 9 7
16 3 6
2 10 18
13 12 6
1 12 8
17 12 32
9 10 11
0 9 14
16 13 20
19 16 4
15 14 7
11 18 27
8 17 31
0 15 20
19 2 14
23 24 25
23 26 27
21 22 28
21 27 30
21 26 29
22 25 31
22 24 17
23 29 30
25 28 33
24 28 3
26 32 18
31 33 11
29 32 0
139
{[23, 22, 19, 18, 8]}
{[16, 13, 12, 11, 10]}
34
19 13 26
10 5 6
8 4 20
5 7 33
15 2 5
1 3 4
1 9 7
16 3 6
2 10 18
13 12 6
1 12 8
17 12 27
9 10 11
0 9 14
16 13 20
19 16 4
15 14 7
11 18 31
8 17 32
0 15 20
19 2 14
23 24 25
23 26 27
21 22 28
21 27 30
21 26 29
22 25 0
22 24 11
23 29 30
25 28 32
24 28 31
30 33 17
29 33 18
31 32 3
140
{[23, 22, 19, 18, 8]}
{[17, 16, 14, 12, 10]}
34
19 13 27
10 5 6
8 4 20
5 7 32
15 2 5
1 3 4
1 9 7
16 3 6
2 10 18
13 12 6
1 12 8
17 12 30
9 10 11
0 9 14
16 13 20
19 16 4
15 14 7
11 18 33
8 17 31
0 15 20
19 2 14
23 24 25
23 26 27
21 22 28
21 27 30
21 26 29
22 25 31
22 24 0
23 29 30
25 28 33
24 28 11
26 32 18
31 33 3
29 32 17
141
{[23, 22, 19, 18, 8]}
{[17, 16, 15, 13, 11]}
34
19 13 29
10 5 6
8 4 20
5 7 32
15 2 5
1 3 4
1 9 7
16 3 6
2 10 18
13 12 6
1 12 8
17 12 26
9 10 11
0 9 14
16 13 20
19 16 4
15 14 7
11 18 31
8 17 33
0 15 20
19 2 14
23 24 25
23 26 27
21 22 28
21 27 30
21 26 29
22 25 11
22 24 31
23 29 30
25 28 0
24 28 33
27 32 17
31 33 3
30 32 18
142
{[23, 22, 19, 18, 8]}
{[17, 16, 15, 13, 11]}
34
19 13 31
10 5 6
8 4 20
5 7 26
15 2 5
1 3 4
1 9 7
16 3 6
2 10 18
13 12 6
1 12 8
17 12 32
9 10 11
0 9 14
16 13 20
19 16 4
15 14 7
11 18 29
8 17 33
0 15 20
19 2 14
23 24 25
23 26 27
21 22 28
21 27 30
21 26 29
22 25 3
22 24 31
23 29 30
25 28 17
24 28 33
27 32 0
31 33 11
30 32 18
143
{[23, 22, 19, 18, 8]}
{[17, 15, 14, 13, 12]}
34
19 13 30
10 5 6
8 4 20
5 7 33
15 2 5
1 3 4
1 9 7
16 3 6
2 10 18
13 12 6
1 12 8
17 12 29
9 10 11
0 9 14
16 13 20
19 16 4
15 14 7
11 18 32
8 17 31
0 15 20
19 2 14
23 24 25
23 26 27
21 22 28
21 27 30
21 26 29
22 25 32
22 24 31
23 29 30
25 28 11
24 28 0
27 33 18
26 33 17
31 32 3
144
{[23, 22, 19, 18, 8]}
{[17, 15, 14, 13, 12]}
34
19 13 32
10 5 6
8 4 20
5 7 29
15 2 5
1 3 4
1 9 7
16 3 6
2 10 18
13 12 6
1 12 8
17 12 33
9 10 11
0 9 14
16 13 20
19 16 4
15 14 7
11 18 30
8 17 31
0 15 20
19 2 14
23 24 25
23 26 27
21 22 28
21 27 30
21 26 29
22 25 32
22 24 31
23 29 30
25 28 3
24 28 17
27 33 18
26 33 0
31 32 11
145
{[23, 21, 20, 19, 8]}
{[5, 4, 2, 1, 0]}
34
19 18 13
10 5 6
8 4 20
5 7 23
15 2 5
1 3 4
1 9 7
16 3 6
2 10 21
13 12 6
1 12 8
17 12 22
9 10 11
0 9 14
16 13 20
19 16 4
15 14 7
11 18 27
0 17 24
0 15 20
19 2 14
22 25 8
21 26 11
24 25 3
23 31 18
21 23 30
22 28 32
29 32 17
26 29 30
27 28 31
25 28 33
24 29 33
26 27 33
30 31 32
146
{[23, 21, 20, 19, 8]}
{[6, 3, 2, 1, 0]}
34
19 18 13
10 5 6
8 4 20
5 7 26
15 2 5
1 3 4
1 9 7
16 3 6
2 10 22
13 12 6
1 12 8
17 12 25
9 10 11
0 9 14
16 13 20
19 16 4
15 14 7
11 18 21
0 17 23
0 15 20
19 2 14
22 24 17
21 27 8
24 25 18
21 23 31
23 30 11
28 32 3
22 29 32
26 29 30
27 28 31
25 28 33
24 29 33
26 27 33
30 31 32
147
{[23, 21, 20, 19, 8]}
{[8, 7, 4, 2, 0]}
34
19 18 13
10 5 6
8 4 20
5 7 31
15 2 5
1 3 4
1 9 7
16 3 6
2 10 25
13 12 6
1 12 8
17 12 23
9 10 11
0 9 14
16 13 20
19 16 4
15 14 7
11 18 22
0 17 21
0 15 20
19 2 14
23 24 18
24 25 17
21 27 11
21 22 26
22 30 8
24 28 32
23 29 32
26 29 30
27 28 31
25 28 33
29 33 3
26 27 33
30 31 32
148
{[23, 21, 20, 19, 8]}
{[9, 7, 3, 2, 0]}
34
19 18 13
10 5 6
8 4 20
5 7 21
15 2 5
1 3 4
1 9 7
16 3 6
2 10 22
13 12 6
1 12 8
17 12 25
9 10 11
0 9 14
16 13 20
19 16 4
15 14 7
11 18 30
0 17 24
0 15 20
19 2 14
23 24 3
23 25 8
21 22 27
21 26 18
22 31 11
24 28 32
23 29 32
26 29 30
27 28 31
28 33 17
25 29 33
26 27 33
30 31 32
149
{[23, 21, 20, 19, 8]}
{[6, 3, 2, 1, 0]}
34
19 18 13
10 5 6
8 4 20
5 7 21
15 2 5
1 3 4
1 9 7
16 3 6
2 10 23
13 12 6
1 12 8
17 12 25
9 10 11
0 9 14
16 13 20
19 16 4
15 14 7
11 18 26
0 17 22
0 15 20
19 2 14
22 24 3
21 27 18
24 25 8
21 23 31
23 30 11
28 32 17
22 29 32
26 29 30
27 28 31
25 28 33
24 29 33
26 27 33
30 31 32
150
{[23, 21, 20, 19, 8]}
{[9, 7, 3, 2, 0]}
34
19 18 13
10 5 6
8 4 20
5 7 30
15 2 5
1 3 4
1 9 7
16 3 6
2 10 24
13 12 6
1 12 8
17 12 25
9 10 11
0 9 14
16 13 20
19 16 4
15 14 7
11 18 21
0 17 22
0 15 20
19 2 14
23 24 17
23 25 18
21 22 27
21 26 8
22 31 11
24 28 32
23 29 32
26 29 30
27 28 31
28 33 3
25 29 33
26 27 33
30 31 32
151
{[23, 21, 20, 19, 8]}
{[5, 4, 2, 1, 0]}
34
19 18 13
10 5 6
8 4 20
5 7 27
15 2 5
1 3 4
1 9 7
16 3 6
2 10 24
13 12 6
1 12 8
17 12 22
9 10 11
0 9 14
16 13 20
19 16 4
15 14 7
11 18 23
0 17 21
0 15 20
19 2 14
22 25 18
21 26 11
24 25 17
23 31 8
21 23 30
22 28 32
29 32 3
26 29 30
27 28 31
25 28 33
24 29 33
26 27 33
30 31 32
152
{[23, 21, 20, 19, 8]}
{[8, 7, 4, 2, 0]}
34
19 18 13
10 5 6
8 4 20
5 7 22
15 2 5
1 3 4
1 9 7
16 3 6
2 10 21
13 12 6
1 12 8
17 12 23
9 10 11
0 9 14
16 13 20
19 16 4
15 14 7
11 18 31
0 17 25
0 15 20
19 2 14
23 24 8
24 25 3
21 27 11
21 22 26
22 30 18
24 28 32
23 29 32
26 29 30
27 28 31
25 28 33
29 33 17
26 27 33
30 31 32
153
{[23, 21, 20, 19, 8]}
{[16, 13, 12, 11, 10]}
34
19 18 13
10 5 6
8 4 20
5 7 31
15 2 5
1 3 4
1 9 7
16 3 6
2 10 27
13 12 6
1 12 8
17 12 32
9 10 11
0 9 14
16 13 20
19 16 4
15 14 7
11 18 26
0 17 33
0 15 20
19 2 14
23 24 25
23 26 27
21 22 28
21 27 30
21 26 29
22 25 17
22 24 8
23 29 30
25 28 32
24 28 31
30 33 3
29 33 11
31 32 18
154
{[23, 21, 20, 19, 8]}
{[17, 16, 14, 12, 10]}
34
19 18 13
10 5 6
8 4 20
5 7 33
15 2 5
1 3 4
1 9 7
16 3 6
2 10 30
13 12 6
1 12 8
17 12 31
9 10 11
0 9 14
16 13 20
19 16 4
15 14 7
11 18 27
0 17 32
0 15 20
19 2 14
23 24 25
23 26 27
21 22 28
21 27 30
21 26 29
22 25 31
22 24 17
23 29 30
25 28 33
24 28 8
26 32 11
31 33 18
29 32 3
155
{[23, 21, 20, 19, 8]}
{[16, 13, 12, 11, 10]}
34
19 18 13
10 5 6
8 4 20
5 7 26
15 2 5
1 3 4
1 9 7
16 3 6
2 10 33
13 12 6
1 12 8
17 12 32
9 10 11
0 9 14
16 13 20
19 16 4
15 14 7
11 18 31
0 17 27
0 15 20
19 2 14
23 24 25
23 26 27
21 22 28
21 27 30
21 26 29
22 25 3
22 24 18
23 29 30
25 28 32
24 28 31
30 33 17
29 33 11
31 32 8
156
{[23, 21, 20, 19, 8]}
{[17, 16, 14, 12, 10]}
34
19 18 13
10 5 6
8 4 20
5 7 27
15 2 5
1 3 4
1 9 7
16 3 6
2 10 32
13 12 6
1 12 8
17 12 31
9 10 11
0 9 14
16 13 20
19 16 4
15 14 7
11 18 33
0 17 30
0 15 20
19 2 14
23 24 25
23 26 27
21 22 28
21 27 30
21 26 29
22 25 31
22 24 3
23 29 30
25 28 33
24 28 18
26 32 11
31 33 8
29 32 17
157
{[23, 21, 20, 19, 8]}
{[17, 16, 15, 13, 11]}
34
19 18 13
10 5 6
8 4 20
5 7 29
15 2 5
1 3 4
1 9 7
16 3 6
2 10 32
13 12 6
1 12 8
17 12 33
9 10 11
0 9 14
16 13 20
19 16 4
15 14 7
11 18 31
0 17 26
0 15 20
19 2 14
23 24 25
23 26 27
21 22 28
21 27 30
21 26 29
22 25 18
22 24 31
23 29 30
25 28 3
24 28 33
27 32 17
31 33 8
30 32 11
158
{[23, 21, 20, 19, 8]}
{[17, 16, 15, 13, 11]}
34
19 18 13
10 5 6
8 4 20
5 7 31
15 2 5
1 3 4
1 9 7
16 3 6
2 10 26
13 12 6
1 12 8
17 12 33
9 10 11
0 9 14
16 13 20
19 16 4
15 14 7
11 18 29
0 17 32
0 15 20
19 2 14
23 24 25
23 26 27
21 22 28
21 27 30
21 26 29
22 25 8
22 24 31
23 29 30
25 28 17
24 28 33
27 32 3
31 33 18
30 32 11
159
{[23, 21, 20, 19, 8]}
{[17, 15, 14, 13, 12]}
34
19 18 13
10 5 6
8 4 20
5 7 30
15 2 5
1 3 4
1 9 7
16 3 6
2 10 33
13 12 6
1 12 8
17 12 31
9 10 11
0 9 14
16 13 20
19 16 4
15 14 7
11 18 32
0 17 29
0 15 20
19 2 14
23 24 25
23 26 27
21 22 28
21 27 30
21 26 29
22 25 32
22 24 31
23 29 30
25 28 18
24 28 3
27 33 11
26 33 17
31 32 8
160
{[23, 21, 20, 19, 8]}
{[17, 15, 14, 13, 12]}
34
19 18 13
10 5 6
8 4 20
5 7 32
15 2 5
1 3 4
1 9 7
16 3 6
2 10 29
13 12 6
1 12 8
17 12 31
9 10 11
0 9 14
16 13 20
19 16 4
15 14 7
11 18 30
0 17 33
0 15 20
19 2 14
23 24 25
23 26 27
21 22 28
21 27 30
21 26 29
22 25 32
22 24 31
23 29 30
25 28 8
24 28 17
27 33 11
26 33 3
31 32 18
161
{[23, 21, 20, 19, 8]}
{[5, 4, 2, 1, 0]}
34
19 18 13
10 5 6
8 4 20
5 7 27
15 2 5
1 3 4
1 9 7
16 3 6
2 10 24
13 12 6
1 12 8
17 12 22
9 10 11
0 9 14
16 13 20
19 16 4
15 14 7
11 18 23
0 17 21
0 15 20
19 2 14
22 25 18
21 26 11
24 25 17
23 31 8
21 23 30
22 28 32
29 32 3
26 29 30
27 28 31
25 28 33
24 29 33
26 27 33
30 31 32
162
{[23, 21, 20, 19, 8]}
{[6, 3, 2, 1, 0]}
34
19 18 13
10 5 6
8 4 20
5 7 21
15 2 5
1 3 4
1 9 7
16 3 6
2 10 23
13 12 6
1 12 8
17 12 25
9 10 11
0 9 14
16 13 20
19 16 4
15 14 7
11 18 26
0 17 22
0 15 20
19 2 14
22 24 3
21 27 18
24 25 8
21 23 31
23 30 11
28 32 17
22 29 32
26 29 30
27 28 31
25 28 33
24 29 33
26 27 33
30 31 32
163
{[23, 21, 20, 19, 8]}
{[8, 7, 4, 2, 0]}
34
19 18 13
10 5 6
8 4 20
5 7 22
15 2 5
1 3 4
1 9 7
16 3 6
2 10 21
13 12 6
1 12 8
17 12 23
9 10 11
0 9 14
16 13 20
19 16 4
15 14 7
11 18 31
0 17 25
0 15 20
19 2 14
23 24 8
24 25 3
21 27 11
21 22 26
22 30 18
24 28 32
23 29 32
26 29 30
27 28 31
25 28 33
29 33 17
26 27 33
30 31 32
164
{[23, 21, 20, 19, 8]}
{[9, 7, 3, 2, 0]}
34
19 18 13
10 5 6
8 4 20
5 7 30
15 2 5
1 3 4
1 9 7
16 3 6
2 10 24
13 12 6
1 12 8
17 12 25
9 10 11
0 9 14
16 13 20
19 16 4
15 14 7
11 18 21
0 17 22
0 15 20
19 2 14
23 24 17
23 25 18
21 22 27
21 26 8
22 31 11
24 28 32
23 29 32
26 29 30
27 28 31
28 33 3
25 29 33
26 27 33
30 31 32
165
{[23, 21, 20, 19, 8]}
{[6, 3, 2, 1, 0]}
34
19 18 13
10 5 6
8 4 20
5 7 26
15 2 5
1 3 4
1 9 7
16 3 6
2 10 22
13 12 6
1 12 8
17 12 25
9 10 11
0 9 14
16 13 20
19 16 4
15 14 7
11 18 21
0 17 23
0 15 20
19 2 14
22 24 17
21 27 8
24 25 18
21 23 31
23 30 11
28 32 3
22 29 32
26 29 30
27 28 31
25 28 33
24 29 33
26 27 33
30 31 32
166
{[23, 21, 20, 19, 8]}
{[9, 7, 3, 2, 0]}
34
19 18 13
10 5 6
8 4 20
5 7 21
15 2 5
1 3 4
1 9 7
16 3 6
2 10 22
13 12 6
1 12 8
17 12 25
9 10 11
0 9 14
16 13 20
19 16 4
15 14 7
11 18 30
0 17 24
0 15 20
19 2 14
23 24 3
23 25 8
21 22 27
21 26 18
22 31 11
24 28 32
23 29 32
26 29 30
27 28 31
28 33 17
25 29 33
26 27 33
30 31 32
167
{[23, 21, 20, 19, 8]}
{[5, 4, 2, 1, 0]}
34
19 18 13
10 5 6
8 4 20
5 7 23
15 2 5
1 3 4
1 9 7
16 3 6
2 10 21
13 12 6
1 12 8
17 12 22
9 10 11
0 9 14
16 13 20
19 16 4
15 14 7
11 18 27
0 17 24
0 15 20
19 2 14
22 25 8
21 26 11
24 25 3
23 31 18
21 23 30
22 28 32
29 32 17
26 29 30
27 28 31
25 28 33
24 29 33
26 27 33
30 31 32
168
{[23, 21, 20, 19, 8]}
{[8, 7, 4, 2, 0]}
34
19 18 13
10 5 6
8 4 20
5 7 31
15 2 5
1 3 4
1 9 7
16 3 6
2 10 25
13 12 6
1 12 8
17 12 23
9 10 11
0 9 14
16 13 20
19 16 4
15 14 7
11 18 22
0 17 21
0 15 20
19 2 14
23 24 18
24 25 17
21 27 11
21 22 26
22 30 8
24 28 32
23 29 32
26 29 30
27 28 31
25 28 33
29 33 3
26 27 33
30 31 32
169
{[23, 21, 20, 19, 8]}
{[16, 13, 12, 11, 10]}
34
19 18 13
10 5 6
8 4 20
5 7 26
15 2 5
1 3 4
1 9 7
16 3 6
2 10 33
13 12 6
1 12 8
17 12 32
9 10 11
0 9 14
16 13 20
19 16 4
15 14 7
11 18 31
0 17 27
0 15 20
19 2 14
23 24 25
23 26 27
21 22 28
21 27 30
21 26 29
22 25 3
22 24 18
23 29 30
25 28 32
24 28 31
30 33 17
29 33 11
31 32 8
170
{[23, 21, 20, 19, 8]}
{[17, 16, 14, 12, 10]}
34
19 18 13
10 5 6
8 4 20
5 7 27
15 2 5
1 3 4
1 9 7
16 3 6
2 10 32
13 12 6
1 12 8
17 12 31
9 10 11
0 9 14
16 13 20
19 16 4
15 14 7
11 18 33
0 17 30
0 15 20
19 2 14
23 24 25
23 26 27
21 22 28
21 27 30
21 26 29
22 25 31
22 24 3
23 29 30
25 28 33
24 28 18
26 32 11
31 33 8
29 32 17
171
{[23, 21, 20, 19, 8]}
{[16, 13, 12, 11, 10]}
34
19 18 13
10 5 6
8 4 20
5 7 31
15 2 5
1 3 4
1 9 7
16 3 6
2 10 27
13 12 6
1 12 8
17 12 32
9 10 11
0 9 14
16 13 20
19 16 4
15 14 7
11 18 26
0 17 33
0 15 20
19 2 14
23 24 25
23 26 27
21 22 28
21 27 30
21 26 29
22 25 17
22 24 8
23 29 30
25 28 32
24 28 31
30 33 3
29 33 11
31 32 18
172
{[23, 21, 20, 19, 8]}
{[17, 16, 14, 12, 10]}
34
19 18 13
10 5 6
8 4 20
5 7 33
15 2 5
1 3 4
1 9 7
16 3 6
2 10 30
13 12 6
1 12 8
17 12 31
9 10 11
0 9 14
16 13 20
19 16 4
15 14 7
11 18 27
0 17 32
0 15 20
19 2 14
23 24 25
23 26 27
21 22 28
21 27 30
21 26 29
22 25 31
22 24 17
23 29 30
25 28 33
24 28 8
26 32 11
31 33 18
29 32 3
173
{[23, 21, 20, 19, 8]}
{[17, 16, 15, 13, 11]}
34
19 18 13
10 5 6
8 4 20
5 7 31
15 2 5
1 3 4
1 9 7
16 3 6
2 10 26
13 12 6
1 12 8
17 12 33
9 10 11
0 9 14
16 13 20
19 16 4
15 14 7
11 18 29
0 17 32
0 15 20
19 2 14
23 24 25
23 26 27
21 22 28
21 27 30
21 26 29
22 25 8
22 24 31
23 29 30
25 28 17
24 28 33
27 32 3
31 33 18
30 32 11
174
{[23, 21, 20, 19, 8]}
{[17, 16, 15, 13, 11]}
34
19 18 13
10 5 6
8 4 20
5 7 29
15 2 5
1 3 4
1 9 7
16 3 6
2 10 32
13 12 6
1 12 8
17 12 33
9 10 11
0 9 14
16 13 20
19 16 4
15 14 7
11 18 31
0 17 26
0 15 20
19 2 14
23 24 25
23 26 27
21 22 28
21 27 30
21 26 29
22 25 18
22 24 31
23 29 30
25 28 3
24 28 33
27 32 17
31 33 8
30 32 11
175
{[23, 21, 20, 19, 8]}
{[17, 15, 14, 13, 12]}
34
19 18 13
10 5 6
8 4 20
5 7 32
15 2 5
1 3 4
1 9 7
16 3 6
2 10 29
13 12 6
1 12 8
17 12 31
9 10 11
0 9 14
16 13 20
19 16 4
15 14 7
11 18 30
0 17 33
0 15 20
19 2 14
23 24 25
23 26 27
21 22 28
21 27 30
21 26 29
22 25 32
22 24 31
23 29 30
25 28 8
24 28 17
27 33 11
26 33 3
31 32 18
176
{[23, 21, 20, 19, 8]}
{[17, 15, 14, 13, 12]}
34
19 18 13
10 5 6
8 4 20
5 7 30
15 2 5
1 3 4
1 9 7
16 3 6
2 10 33
13 12 6
1 12 8
17 12 31
9 10 11
0 9 14
16 13 20
19 16 4
15 14 7
11 18 32
0 17 29
0 15 20
19 2 14
23 24 25
23 26 27
21 22 28
21 27 30
21 26 29
22 25 32
22 24 31
23 29 30
25 28 18
24 28 3
27 33 11
26 33 17
31 32 8
177
{[23, 22, 19, 18, 8]}
{[5, 4, 2, 1, 0]}
34
19 13 27
10 5 6
8 4 20
5 7 24
15 2 5
1 3 4
1 9 7
16 3 6
2 10 18
13 12 6
1 12 8
17 12 21
9 10 11
0 9 14
16 13 20
19 16 4
15 14 7
11 18 23
8 17 22
0 15 20
19 2 14
22 25 11
21 26 18
24 25 17
23 31 3
21 23 30
22 28 32
29 32 0
26 29 30
27 28 31
25 28 33
24 29 33
26 27 33
30 31 32
178
{[23, 22, 19, 18, 8]}
{[6, 3, 2, 1, 0]}
34
19 13 21
10 5 6
8 4 20
5 7 23
15 2 5
1 3 4
1 9 7
16 3 6
2 10 18
13 12 6
1 12 8
17 12 22
9 10 11
0 9 14
16 13 20
19 16 4
15 14 7
11 18 26
8 17 25
0 15 20
19 2 14
22 24 0
21 27 11
24 25 3
21 23 31
23 30 18
28 32 17
22 29 32
26 29 30
27 28 31
25 28 33
24 29 33
26 27 33
30 31 32
179
{[23, 22, 19, 18, 8]}
{[8, 7, 4, 2, 0]}
34
19 13 22
10 5 6
8 4 20
5 7 21
15 2 5
1 3 4
1 9 7
16 3 6
2 10 18
13 12 6
1 12 8
17 12 25
9 10 11
0 9 14
16 13 20
19 16 4
15 14 7
11 18 31
8 17 23
0 15 20
19 2 14
23 24 3
24 25 0
21 27 18
21 22 26
22 30 11
24 28 32
23 29 32
26 29 30
27 28 31
25 28 33
29 33 17
26 27 33
30 31 32
180
{[23, 22, 19, 18, 8]}
{[9, 7, 3, 2, 0]}
34
19 13 30
10 5 6
8 4 20
5 7 24
15 2 5
1 3 4
1 9 7
16 3 6
2 10 18
13 12 6
1 12 8
17 12 22
9 10 11
0 9 14
16 13 20
19 16 4
15 14 7
11 18 21
8 17 25
0 15 20
19 2 14
23 24 17
23 25 11
21 22 27
21 26 3
22 31 18
24 28 32
23 29 32
26 29 30
27 28 31
28 33 0
25 29 33
26 27 33
30 31 32
181
{[23, 22, 19, 18, 8]}
{[6, 3, 2, 1, 0]}
34
19 13 26
10 5 6
8 4 20
5 7 22
15 2 5
1 3 4
1 9 7
16 3 6
2 10 18
13 12 6
1 12 8
17 12 23
9 10 11
0 9 14
16 13 20
19 16 4
15 14 7
11 18 21
8 17 25
0 15 20
19 2 14
22 24 17
21 27 3
24 25 11
21 23 31
23 30 18
28 32 0
22 29 32
26 29 30
27 28 31
25 28 33
24 29 33
26 27 33
30 31 32
182
{[23, 22, 19, 18, 8]}
{[9, 7, 3, 2, 0]}
34
19 13 21
10 5 6
8 4 20
5 7 22
15 2 5
1 3 4
1 9 7
16 3 6
2 10 18
13 12 6
1 12 8
17 12 24
9 10 11
0 9 14
16 13 20
19 16 4
15 14 7
11 18 30
8 17 25
0 15 20
19 2 14
23 24 0
23 25 3
21 22 27
21 26 11
22 31 18
24 28 32
23 29 32
26 29 30
27 28 31
28 33 17
25 29 33
26 27 33
30 31 32
183
{[23, 22, 19, 18, 8]}
{[5, 4, 2, 1, 0]}
34
19 13 23
10 5 6
8 4 20
5 7 21
15 2 5
1 3 4
1 9 7
16 3 6
2 10 18
13 12 6
1 12 8
17 12 24
9 10 11
0 9 14
16 13 20
19 16 4
15 14 7
11 18 27
8 17 22
0 15 20
19 2 14
22 25 3
21 26 18
24 25 0
23 31 11
21 23 30
22 28 32
29 32 17
26 29 30
27 28 31
25 28 33
24 29 33
26 27 33
30 31 32
184
{[23, 22, 19, 18, 8]}
{[8, 7, 4, 2, 0]}
34
19 13 31
10 5 6
8 4 20
5 7 25
15 2 5
1 3 4
1 9 7
16 3 6
2 10 18
13 12 6
1 12 8
17 12 21
9 10 11
0 9 14
16 13 20
19 16 4
15 14 7
11 18 22
8 17 23
0 15 20
19 2 14
23 24 11
24 25 17
21 27 18
21 22 26
22 30 3
24 28 32
23 29 32
26 29 30
27 28 31
25 28 33
29 33 0
26 27 33
30 31 32
185
{[23, 22, 19, 18, 8]}
{[16, 13, 12, 11, 10]}
34
19 13 26
10 5 6
8 4 20
5 7 33
15 2 5
1 3 4
1 9 7
16 3 6
2 10 18
13 12 6
1 12 8
17 12 27
9 10 11
0 9 14
16 13 20
19 16 4
15 14 7
11 18 31
8 17 32
0 15 20
19 2 14
23 24 25
23 26 27
21 22 28
21 27 30
21 26 29
22 25 0
22 24 11
23 29 30
25 28 32
24 28 31
30 33 17
29 33 18
31 32 3
186
{[23, 22, 19, 18, 8]}
{[17, 16, 14, 12, 10]}
34
19 13 27
10 5 6
8 4 20
5 7 32
15 2 5
1 3 4
1 9 7
16 3 6
2 10 18
13 12 6
1 12 8
17 12 30
9 10 11
0 9 14
16 13 20
19 16 4
15 14 7
11 18 33
8 17 31
0 15 20
19 2 14
23 24 25
23 26 27
21 22 28
21 27 30
21 26 29
22 25 31
22 24 0
23 29 30
25 28 33
24 28 11
26 32 18
31 33 3
29 32 17
187
{[23, 22, 19, 18, 8]}
{[16, 13, 12, 11, 10]}
34
19 13 31
10 5 6
8 4 20
5 7 27
15 2 5
1 3 4
1 9 7
16 3 6
2 10 18
13 12 6
1 12 8
17 12 33
9 10 11
0 9 14
16 13 20
19 16 4
15 14 7
11 18 26
8 17 32
0 15 20
19 2 14
23 24 25
23 26 27
21 22 28
21 27 30
21 26 29
22 25 17
22 24 3
23 29 30
25 28 32
24 28 31
30 33 0
29 33 18
31 32 11
188
{[23, 22, 19, 18, 8]}
{[17, 16, 14, 12, 10]}
34
19 13 33
10 5 6
8 4 20
5 7 30
15 2 5
1 3 4
1 9 7
16 3 6
2 10 18
13 12 6
1 12 8
17 12 32
9 10 11
0 9 14
16 13 20
19 16 4
15 14 7
11 18 27
8 17 31
0 15 20
19 2 14
23 24 25
23 26 27
21 22 28
21 27 30
21 26 29
22 25 31
22 24 17
23 29 30
25 28 33
24 28 3
26 32 18
31 33 11
29 32 0
189
{[23, 22, 19, 18, 8]}
{[17, 16, 15, 13, 11]}
34
19 13 31
10 5 6
8 4 20
5 7 26
15 2 5
1 3 4
1 9 7
16 3 6
2 10 18
13 12 6
1 12 8
17 12 32
9 10 11
0 9 14
16 13 20
19 16 4
15 14 7
11 18 29
8 17 33
0 15 20
19 2 14
23 24 25
23 26 27
21 22 28
21 27 30
21 26 29
22 25 3
22 24 31
23 29 30
25 28 17
24 28 33
27 32 0
31 33 11
30 32 18
190
{[23, 22, 19, 18, 8]}
{[17, 16, 15, 13, 11]}
34
19 13 29
10 5 6
8 4 20
5 7 32
15 2 5
1 3 4
1 9 7
16 3 6
2 10 18
13 12 6
1 12 8
17 12 26
9 10 11
0 9 14
16 13 20
19 16 4
15 14 7
11 18 31
8 17 33
0 15 20
19 2 14
23 24 25
23 26 27
21 22 28
21 27 30
21 26 29
22 25 11
22 24 31
23 29 30
25 28 0
24 28 33
27 32 17
31 33 3
30 32 18
191
{[23, 22, 19, 18, 8]}
{[17, 15, 14, 13, 12]}
34
19 13 32
10 5 6
8 4 20
5 7 29
15 2 5
1 3 4
1 9 7
16 3 6
2 10 18
13 12 6
1 12 8
17 12 33
9 10 11
0 9 14
16 13 20
19 16 4
15 14 7
11 18 30
8 17 31
0 15 20
19 2 14
23 24 25
23 26 27
21 22 28
21 27 30
21 26 29
22 25 32
22 24 31
23 29 30
25 28 3
24 28 17
27 33 18
26 33 0
31 32 11
192
{[23, 22, 19, 18, 8]}
{[17, 15, 14, 13, 12]}
34
19 13 30
10 5 6
8 4 20
5 7 33
15 2 5
1 3 4
1 9 7
16 3 6
2 10 18
13 12 6
1 12 8
17 12 29
9 10 11
0 9 14
16 13 20
19 16 4
15 14 7
11 18 32
8 17 31
0 15 20
19 2 14
23 24 25
23 26 27
21 22 28
21 27 30
21 26 29
22 25 32
22 24 31
23 29 30
25 28 11
24 28 0
27 33 18
26 33 17
31 32 3
193
{[21, 20, 19, 18, 12]}
{[5, 4, 2, 1, 0]}
34
19 17 13
11 5 6
9 4 20
8 5 7
15 2 5
1 3 4
1 10 7
16 3 6
3 18 24
2 11 23
13 12 6
1 12 9
10 11 21
0 10 14
16 13 20
19 16 4
15 14 7
0 18 22
8 17 27
0 15 20
19 2 14
22 25 12
21 26 17
24 25 9
23 31 8
21 23 30
22 28 32
29 32 18
26 29 30
27 28 31
25 28 33
24 29 33
26 27 33
30 31 32
194
{[21, 20, 19, 18, 12]}
{[6, 3, 2, 1, 0]}
34
19 17 13
11 5 6
9 4 20
8 5 7
15 2 5
1 3 4
1 10 7
16 3 6
3 18 23
2 11 26
13 12 6
1 12 9
10 11 22
0 10 14
16 13 20
19 16 4
15 14 7
0 18 25
8 17 21
0 15 20
19 2 14
22 24 18
21 27 12
24 25 8
21 23 31
23 30 17
28 32 9
22 29 32
26 29 30
27 28 31
25 28 33
24 29 33
26 27 33
30 31 32
195
{[21, 20, 19, 18, 12]}
{[8, 7, 4, 2, 0]}
34
19 17 13
11 5 6
9 4 20
8 5 7
15 2 5
1 3 4
1 10 7
16 3 6
3 18 21
2 11 31
13 12 6
1 12 9
10 11 25
0 10 14
16 13 20
19 16 4
15 14 7
0 18 23
8 17 22
0 15 20
19 2 14
23 24 8
24 25 18
21 27 17
21 22 26
22 30 12
24 28 32
23 29 32
26 29 30
27 28 31
25 28 33
29 33 9
26 27 33
30 31 32
196
{[21, 20, 19, 18, 12]}
{[9, 7, 3, 2, 0]}
34
19 17 13
11 5 6
9 4 20
8 5 7
15 2 5
1 3 4
1 10 7
16 3 6
3 18 24
2 11 21
13 12 6
1 12 9
10 11 22
0 10 14
16 13 20
19 16 4
15 14 7
0 18 25
8 17 30
0 15 20
19 2 14
23 24 9
23 25 12
21 22 27
21 26 8
22 31 17
24 28 32
23 29 32
26 29 30
27 28 31
28 33 18
25 29 33
26 27 33
30 31 32
197
{[21, 20, 19, 18, 12]}
{[6, 3, 2, 1, 0]}
34
19 17 13
11 5 6
9 4 20
8 5 7
15 2 5
1 3 4
1 10 7
16 3 6
3 18 22
2 11 21
13 12 6
1 12 9
10 11 23
0 10 14
16 13 20
19 16 4
15 14 7
0 18 25
8 17 26
0 15 20
19 2 14
22 24 9
21 27 8
24 25 12
21 23 31
23 30 17
28 32 18
22 29 32
26 29 30
27 28 31
25 28 33
24 29 33
26 27 33
30 31 32
198
{[21, 20, 19, 18, 12]}
{[9, 7, 3, 2, 0]}
34
19 17 13
11 5 6
9 4 20
8 5 7
15 2 5
1 3 4
1 10 7
16 3 6
3 18 22
2 11 30
13 12 6
1 12 9
10 11 24
0 10 14
16 13 20
19 16 4
15 14 7
0 18 25
8 17 21
0 15 20
19 2 14
23 24 18
23 25 8
21 22 27
21 26 12
22 31 17
24 28 32
23 29 32
26 29 30
27 28 31
28 33 9
25 29 33
26 27 33
30 31 32
199
{[21, 20, 19, 18, 12]}
{[5, 4, 2, 1, 0]}
34
19 17 13
11 5 6
9 4 20
8 5 7
15 2 5
1 3 4
1 10 7
16 3 6
3 18 21
2 11 27
13 12 6
1 12 9
10 11 24
0 10 14
16 13 20
19 16 4
15 14 7
0 18 22
8 17 23
0 15 20
19 2 14
22 25 8
21 26 17
24 25 18
23 31 12
21 23 30
22 28 32
29 32 9
26 29 30
27 28 31
25 28 33
24 29 33
26 27 33
30 31 32
200
{[21, 20, 19, 18, 12]}
{[8, 7, 4, 2, 0]}
34
19 17 13
11 5 6
9 4 20
8 5 7
15 2 5
1 3 4
1 10 7
16 3 6
3 18 25
2 11 22
13 12 6
1 12 9
10 11 21
0 10 14
16 13 20
19 16 4
15 14 7
0 18 23
8 17 31
0 15 20
19 2 14
23 24 12
24 25 9
21 27 17
21 22 26
22 30 8
24 28 32
23 29 32
26 29 30
27 28 31
25 28 33
29 33 18
26 27 33
30 31 32
201
{[21, 20, 19, 18, 12]}
{[16, 13, 12, 11, 10]}
34
19 17 13
11 5 6
9 4 20
8 5 7
15 2 5
1 3 4
1 10 7
16 3 6
3 18 33
2 11 31
13 12 6
1 12 9
10 11 27
0 10 14
16 13 20
19 16 4
15 14 7
0 18 32
8 17 26
0 15 20
19 2 14
23 24 25
23 26 27
21 22 28
21 27 30
21 26 29
22 25 18
22 24 12
23 29 30
25 28 32
24 28 31
30 33 9
29 33 17
31 32 8
202
{[21, 20, 19, 18, 12]}
{[17, 16, 14, 12, 10]}
34
19 17 13
11 5 6
9 4 20
8 5 7
15 2 5
1 3 4
1 10 7
16 3 6
3 18 32
2 11 33
13 12 6
1 12 9
10 11 30
0 10 14
16 13 20
19 16 4
15 14 7
0 18 31
8 17 27
0 15 20
19 2 14
23 24 25
23 26 27
21 22 28
21 27 30
21 26 29
22 25 31
22 24 18
23 29 30
25 28 33
24 28 12
26 32 17
31 33 8
29 32 9
203
{[21, 20, 19, 18, 12]}
{[16, 13, 12, 11, 10]}
34
19 17 13
11 5 6
9 4 20
8 5 7
15 2 5
1 3 4
1 10 7
16 3 6
3 18 27
2 11 26
13 12 6
1 12 9
10 11 33
0 10 14
16 13 20
19 16 4
15 14 7
0 18 32
8 17 31
0 15 20
19 2 14
23 24 25
23 26 27
21 22 28
21 27 30
21 26 29
22 25 9
22 24 8
23 29 30
25 28 32
24 28 31
30 33 18
29 33 17
31 32 12
204
{[21, 20, 19, 18, 12]}
{[17, 16, 14, 12, 10]}
34
19 17 13
11 5 6
9 4 20
8 5 7
15 2 5
1 3 4
1 10 7
16 3 6
3 18 30
2 11 27
13 12 6
1 12 9
10 11 32
0 10 14
16 13 20
19 16 4
15 14 7
0 18 31
8 17 33
0 15 20
19 2 14
23 24 25
23 26 27
21 22 28
21 27 30
21 26 29
22 25 31
22 24 9
23 29 30
25 28 33
24 28 8
26 32 17
31 33 12
29 32 18
205
{[21, 20, 19, 18, 12]}
{[17, 16, 15, 13, 11]}
34
19 17 13
11 5 6
9 4 20
8 5 7
15 2 5
1 3 4
1 10 7
16 3 6
3 18 26
2 11 29
13 12 6
1 12 9
10 11 32
0 10 14
16 13 20
19 16 4
15 14 7
0 18 33
8 17 31
0 15 20
19 2 14
23 24 25
23 26 27
21 22 28
21 27 30
21 26 29
22 25 8
22 24 31
23 29 30
25 28 9
24 28 33
27 32 18
31 33 12
30 32 17
206
{[21, 20, 19, 18, 12]}
{[17, 16, 15, 13, 11]}
34
19 17 13
11 5 6
9 4 20
8 5 7
15 2 5
1 3 4
1 10 7
16 3 6
3 18 32
2 11 31
13 12 6
1 12 9
10 11 26
0 10 14
16 13 20
19 16 4
15 14 7
0 18 33
8 17 29
0 15 20
19 2 14
23 24 25
23 26 27
21 22 28
21 27 30
21 26 29
22 25 12
22 24 31
23 29 30
25 28 18
24 28 33
27 32 9
31 33 8
30 32 17
207
{[21, 20, 19, 18, 12]}
{[17, 15, 14, 13, 12]}
34
19 17 13
11 5 6
9 4 20
8 5 7
15 2 5
1 3 4
1 10 7
16 3 6
3 18 29
2 11 30
13 12 6
1 12 9
10 11 33
0 10 14
16 13 20
19 16 4
15 14 7
0 18 31
8 17 32
0 15 20
19 2 14
23 24 25
23 26 27
21 22 28
21 27 30
21 26 29
22 25 32
22 24 31
23 29 30
25 28 8
24 28 9
27 33 17
26 33 18
31 32 12
208
{[21, 20, 19, 18, 12]}
{[17, 15, 14, 13, 12]}
34
19 17 13
11 5 6
9 4 20
8 5 7
15 2 5
1 3 4
1 10 7
16 3 6
3 18 33
2 11 32
13 12 6
1 12 9
10 11 29
0 10 14
16 13 20
19 16 4
15 14 7
0 18 31
8 17 30
0 15 20
19 2 14
23 24 25
23 26 27
21 22 28
21 27 30
21 26 29
22 25 32
22 24 31
23 29 30
25 28 12
24 28 18
27 33 17
26 33 9
31 32 8
209
{[23, 22, 20, 18, 12]}
{[5, 4, 2, 1, 0]}
34
19 13 21
11 5 6
9 4 20
8 5 7
15 2 5
1 3 4
1 10 7
16 3 6
17 3 22
2 11 18
13 12 6
1 12 9
10 11 23
0 10 14
16 13 20
19 16 4
15 14 7
8 18 27
9 17 24
0 15 20
19 2 14
22 25 0
21 26 8
24 25 12
23 31 18
21 23 30
22 28 32
29 32 17
26 29 30
27 28 31
25 28 33
24 29 33
26 27 33
30 31 32
210
{[23, 22, 20, 18, 12]}
{[6, 3, 2, 1, 0]}
34
19 13 22
11 5 6
9 4 20
8 5 7
15 2 5
1 3 4
1 10 7
16 3 6
17 3 25
2 11 18
13 12 6
1 12 9
10 11 26
0 10 14
16 13 20
19 16 4
15 14 7
8 18 21
9 17 23
0 15 20
19 2 14
22 24 17
21 27 0
24 25 18
21 23 31
23 30 8
28 32 12
22 29 32
26 29 30
27 28 31
25 28 33
24 29 33
26 27 33
30 31 32
211
{[23, 22, 20, 18, 12]}
{[8, 7, 4, 2, 0]}
34
19 13 25
11 5 6
9 4 20
8 5 7
15 2 5
1 3 4
1 10 7
16 3 6
17 3 23
2 11 18
13 12 6
1 12 9
10 11 31
0 10 14
16 13 20
19 16 4
15 14 7
8 18 22
9 17 21
0 15 20
19 2 14
23 24 18
24 25 17
21 27 8
21 22 26
22 30 0
24 28 32
23 29 32
26 29 30
27 28 31
25 28 33
29 33 12
26 27 33
30 31 32
212
{[23, 22, 20, 18, 12]}
{[9, 7, 3, 2, 0]}
34
19 13 22
11 5 6
9 4 20
8 5 7
15 2 5
1 3 4
1 10 7
16 3 6
17 3 25
2 11 18
13 12 6
1 12 9
10 11 21
0 10 14
16 13 20
19 16 4
15 14 7
8 18 30
9 17 24
0 15 20
19 2 14
23 24 12
23 25 0
21 22 27
21 26 18
22 31 8
24 28 32
23 29 32
26 29 30
27 28 31
28 33 17
25 29 33
26 27 33
30 31 32
213
{[23, 22, 20, 18, 12]}
{[6, 3, 2, 1, 0]}
34
19 13 23
11 5 6
9 4 20
8 5 7
15 2 5
1 3 4
1 10 7
16 3 6
17 3 25
2 11 18
13 12 6
1 12 9
10 11 21
0 10 14
16 13 20
19 16 4
15 14 7
8 18 26
9 17 22
0 15 20
19 2 14
22 24 12
21 27 18
24 25 0
21 23 31
23 30 8
28 32 17
22 29 32
26 29 30
27 28 31
25 28 33
24 29 33
26 27 33
30 31 32
214
{[23, 22, 20, 18, 12]}
{[9, 7, 3, 2, 0]}
34
19 13 24
11 5 6
9 4 20
8 5 7
15 2 5
1 3 4
1 10 7
16 3 6
17 3 25
2 11 18
13 12 6
1 12 9
10 11 30
0 10 14
16 13 20
19 16 4
15 14 7
8 18 21
9 17 22
0 15 20
19 2 14
23 24 17
23 25 18
21 22 27
21 26 0
22 31 8
24 28 32
23 29 32
26 29 30
27 28 31
28 33 12
25 29 33
26 27 33
30 31 32
215
{[23, 22, 20, 18, 12]}
{[5, 4, 2, 1, 0]}
34
19 13 24
11 5 6
9 4 20
8 5 7
15 2 5
1 3 4
1 10 7
16 3 6
17 3 22
2 11 18
13 12 6
1 12 9
10 11 27
0 10 14
16 13 20
19 16 4
15 14 7
8 18 23
9 17 21
0 15 20
19 2 14
22 25 18
21 26 8
24 25 17
23 31 0
21 23 30
22 28 32
29 32 12
26 29 30
27 28 31
25 28 33
24 29 33
26 27 33
30 31 32
216
{[23, 22, 20, 18, 12]}
{[8, 7, 4, 2, 0]}
34
19 13 21
11 5 6
9 4 20
8 5 7
15 2 5
1 3 4
1 10 7
16 3 6
17 3 23
2 11 18
13 12 6
1 12 9
10 11 22
0 10 14
16 13 20
19 16 4
15 14 7
8 18 31
9 17 25
0 15 20
19 2 14
23 24 0
24 25 12
21 27 8
21 22 26
22 30 18
24 28 32
23 29 32
26 29 30
27 28 31
25 28 33
29 33 17
26 27 33
30 31 32
217
{[23, 22, 20, 18, 12]}
{[16, 13, 12, 11, 10]}
34
19 13 27
11 5 6
9 4 20
8 5 7
15 2 5
1 3 4
1 10 7
16 3 6
17 3 32
2 11 18
13 12 6
1 12 9
10 11 31
0 10 14
16 13 20
19 16 4
15 14 7
8 18 26
9 17 33
0 15 20
19 2 14
23 24 25
23 26 27
21 22 28
21 27 30
21 26 29
22 25 17
22 24 0
23 29 30
25 28 32
24 28 31
30 33 12
29 33 8
31 32 18
218
{[23, 22, 20, 18, 12]}
{[17, 16, 14, 12, 10]}
34
19 13 30
11 5 6
9 4 20
8 5 7
15 2 5
1 3 4
1 10 7
16 3 6
17 3 31
2 11 18
13 12 6
1 12 9
10 11 33
0 10 14
16 13 20
19 16 4
15 14 7
8 18 27
9 17 32
0 15 20
19 2 14
23 24 25
23 26 27
21 22 28
21 27 30
21 26 29
22 25 31
22 24 17
23 29 30
25 28 33
24 28 0
26 32 8
31 33 18
29 32 12
219
{[23, 22, 20, 18, 12]}
{[16, 13, 12, 11, 10]}
34
19 13 33
11 5 6
9 4 20
8 5 7
15 2 5
1 3 4
1 10 7
16 3 6
17 3 32
2 11 18
13 12 6
1 12 9
10 11 26
0 10 14
16 13 20
19 16 4
15 14 7
8 18 31
9 17 27
0 15 20
19 2 14
23 24 25
23 26 27
21 22 28
21 27 30
21 26 29
22 25 12
22 24 18
23 29 30
25 28 32
24 28 31
30 33 17
29 33 8
31 32 0
220
{[23, 22, 20, 18, 12]}
{[17, 16, 14, 12, 10]}
34
19 13 32
11 5 6
9 4 20
8 5 7
15 2 5
1 3 4
1 10 7
16 3 6
17 3 31
2 11 18
13 12 6
1 12 9
10 11 27
0 10 14
16 13 20
19 16 4
15 14 7
8 18 33
9 17 30
0 15 20
19 2 14
23 24 25
23 26 27
21 22 28
21 27 30
21 26 29
22 25 31
22 24 12
23 29 30
25 28 33
24 28 18
26 32 8
31 33 0
29 32 17
221
{[23, 22, 20, 18, 12]}
{[17, 16, 15, 13, 11]}
34
19 13 32
11 5 6
9 4 20
8 5 7
15 2 5
1 3 4
1 10 7
16 3 6
17 3 33
2 11 18
13 12 6
1 12 9
10 11 29
0 10 14
16 13 20
19 16 4
15 14 7
8 18 31
9 17 26
0 15 20
19 2 14
23 24 25
23 26 27
21 22 28
21 27 30
21 26 29
22 25 18
22 24 31
23 29 30
25 28 12
24 28 33
27 32 17
31 33 0
30 32 8
222
{[23, 22, 20, 18, 12]}
{[17, 16, 15, 13, 11]}
34
19 13 26
11 5 6
9 4 20
8 5 7
15 2 5
1 3 4
1 10 7
16 3 6
17 3 33
2 11 18
13 12 6
1 12 9
10 11 31
0 10 14
16 13 20
19 16 4
15 14 7
8 18 29
9 17 32
0 15 20
19 2 14
23 24 25
23 26 27
21 22 28
21 27 30
21 26 29
22 25 0
22 24 31
23 29 30
25 28 17
24 28 33
27 32 12
31 33 18
30 32 8
223
{[23, 22, 20, 18, 12]}
{[17, 15, 14, 13, 12]}
34
19 13 33
11 5 6
9 4 20
8 5 7
15 2 5
1 3 4
1 10 7
16 3 6
17 3 31
2 11 18
13 12 6
1 12 9
10 11 30
0 10 14
16 13 20
19 16 4
15 14 7
8 18 32
9 17 29
0 15 20
19 2 14
23 24 25
23 26 27
21 22 28
21 27 30
21 26 29
22 25 32
22 24 31
23 29 30
25 28 18
24 28 12
27 33 8
26 33 17
31 32 0
224
{[23, 22, 20, 18, 12]}
{[17, 15, 14, 13, 12]}
34
19 13 29
11 5 6
9 4 20
8 5 7
15 2 5
1 3 4
1 10 7
16 3 6
17 3 31
2 11 18
13 12 6
1 12 9
10 11 32
0 10 14
16 13 20
19 16 4
15 14 7
8 18 30
9 17 33
0 15 20
19 2 14
23 24 25
23 26 27
21 22 28
21 27 30
21 26 29
22 25 32
22 24 31
23 29 30
25 28 0
24 28 17
27 33 8
26 33 12
31 32 18
225
{[21, 20, 19, 18, 12]}
{[5, 4, 2, 1, 0]}
34
19 17 13
11 5 6
9 4 20
8 5 7
15 2 5
1 3 4
1 10 7
16 3 6
3 18 21
2 11 27
13 12 6
1 12 9
10 11 24
0 10 14
16 13 20
19 16 4
15 14 7
0 18 22
8 17 23
0 15 20
19 2 14
22 25 8
21 26 17
24 25 18
23 31 12
21 23 30
22 28 32
29 32 9
26 29 30
27 28 31
25 28 33
24 29 33
26 27 33
30 31 32
226
{[21, 20, 19, 18, 12]}
{[6, 3, 2, 1, 0]}
34
19 17 13
11 5 6
9 4 20
8 5 7
15 2 5
1 3 4
1 10 7
16 3 6
3 18 22
2 11 21
13 12 6
1 12 9
10 11 23
0 10 14
16 13 20
19 16 4
15 14 7
0 18 25
8 17 26
0 15 20
19 2 14
22 24 9
21 27 8
24 25 12
21 23 31
23 30 17
28 32 18
22 29 32
26 29 30
27 28 31
25 28 33
24 29 33
26 27 33
30 31 32
227
{[21, 20, 19, 18, 12]}
{[8, 7, 4, 2, 0]}
34
19 17 13
11 5 6
9 4 20
8 5 7
15 2 5
1 3 4
1 10 7
16 3 6
3 18 25
2 11 22
13 12 6
1 12 9
10 11 21
0 10 14
16 13 20
19 16 4
15 14 7
0 18 23
8 17 31
0 15 20
19 2 14
23 24 12
24 25 9
21 27 17
21 22 26
22 30 8
24 28 32
23 29 32
26 29 30
27 28 31
25 28 33
29 33 18
26 27 33
30 31 32
228
{[21, 20, 19, 18, 12]}
{[9, 7, 3, 2, 0]}
34
19 17 13
11 5 6
9 4 20
8 5 7
15 2 5
1 3 4
1 10 7
16 3 6
3 18 22
2 11 30
13 12 6
1 12 9
10 11 24
0 10 14
16 13 20
19 16 4
15 14 7
0 18 25
8 17 21
0 15 20
19 2 14
23 24 18
23 25 8
21 22 27
21 26 12
22 31 17
24 28 32
23 29 32
26 29 30
27 28 31
28 33 9
25 29 33
26 27 33
30 31 32
229
{[21, 20, 19, 18, 12]}
{[6, 3, 2, 1, 0]}
34
19 17 13
11 5 6
9 4 20
8 5 7
15 2 5
1 3 4
1 10 7
16 3 6
3 18 23
2 11 26
13 12 6
1 12 9
10 11 22
0 10 14
16 13 20
19 16 4
15 14 7
0 18 25
8 17 21
0 15 20
19 2 14
22 24 18
21 27 12
24 25 8
21 23 31
23 30 17
28 32 9
22 29 32
26 29 30
27 28 31
25 28 33
24 29 33
26 27 33
30 31 32
230
{[21, 20, 19, 18, 12]}
{[9, 7, 3, 2, 0]}
34
19 17 13
11 5 6
9 4 20
8 5 7
15 2 5
1 3 4
1 10 7
16 3 6
3 18 24
2 11 21
13 12 6
1 12 9
10 11 22
0 10 14
16 13 20
19 16 4
15 14 7
0 18 25
8 17 30
0 15 20
19 2 14
23 24 9
23 25 12
21 22 27
21 26 8
22 31 17
24 28 32
23 29 32
26 29 30
27 28 31
28 33 18
25 29 33
26 27 33
30 31 32
231
{[21, 20, 19, 18, 12]}
{[5, 4, 2, 1, 0]}
34
19 17 13
11 5 6
9 4 20
8 5 7
15 2 5
1 3 4
1 10 7
16 3 6
3 18 24
2 11 23
13 12 6
1 12 9
10 11 21
0 10 14
16 13 20
19 16 4
15 14 7
0 18 22
8 17 27
0 15 20
19 2 14
22 25 12
21 26 17
24 25 9
23 31 8
21 23 30
22 28 32
29 32 18
26 29 30
27 28 31
25 28 33
24 29 33
26 27 33
30 31 32
232
{[21, 20, 19, 18, 12]}
{[8, 7, 4, 2, 0]}
34
19 17 13
11 5 6
9 4 20
8 5 7
15 2 5
1 3 4
1 10 7
16 3 6
3 18 21
2 11 31
13 12 6
1 12 9
10 11 25
0 10 14
16 13 20
19 16 4
15 14 7
0 18 23
8 17 22
0 15 20
19 2 14
23 24 8
24 25 18
21 27 17
21 22 26
22 30 12
24 28 32
23 29 32
26 29 30
27 28 31
25 28 33
29 33 9
26 27 33
30 31 32
233
{[21, 20, 19, 18, 12]}
{[16, 13, 12, 11, 10]}
34
19 17 13
11 5 6
9 4 20
8 5 7
15 2 5
1 3 4
1 10 7
16 3 6
3 18 27
2 11 26
13 12 6
1 12 9
10 11 33
0 10 14
16 13 20
19 16 4
15 14 7
0 18 32
8 17 31
0 15 20
19 2 14
23 24 25
23 26 27
21 22 28
21 27 30
21 26 29
22 25 9
22 24 8
23 29 30
25 28 32
24 28 31
30 33 18
29 33 17
31 32 12
234
{[21, 20, 19, 18, 12]}
{[17, 16, 14, 12, 10]}
34
19 17 13
11 5 6
9 4 20
8 5 7
15 2 5
1 3 4
1 10 7
16 3 6
3 18 30
2 11 27
13 12 6
1 12 9
10 11 32
0 10 14
16 13 20
19 16 4
15 14 7
0 18 31
8 17 33
0 15 20
19 2 14
23 24 25
23 26 27
21 22 28
21 27 30
21 26 29
22 25 31
22 24 9
23 29 30
25 28 33
24 28 8
26 32 17
31 33 12
29 32 18
235
{[21, 20, 19, 18, 12]}
{[16, 13, 12, 11, 10]}
34
19 17 13
11 5 6
9 4 20
8 5 7
15 2 5
1 3 4
1 10 7
16 3 6
3 18 33
2 11 31
13 12 6
1 12 9
10 11 27
0 10 14
16 13 20
19 16 4
15 14 7
0 18 32
8 17 26
0 15 20
19 2 14
23 24 25
23 26 27
21 22 28
21 27 30
21 26 29
22 25 18
22 24 12
23 29 30
25 28 32
24 28 31
30 33 9
29 33 17
31 32 8
236
{[21, 20, 19, 18, 12]}
{[17, 16, 14, 12, 10]}
34
19 17 13
11 5 6
9 4 20
8 5 7
15 2 5
1 3 4
1 10 7
16 3 6
3 18 32
2 11 33
13 12 6
1 12 9
10 11 30
0 10 14
16 13 20
19 16 4
15 14 7
0 18 31
8 17 27
0 15 20
19 2 14
23 24 25
23 26 27
21 22 28
21 27 30
21 26 29
22 25 31
22 24 18
23 29 30
25 28 33
24 28 12
26 32 17
31 33 8
29 32 9
237
{[21, 20, 19, 18, 12]}
{[17, 16, 15, 13, 11]}
34
19 17 13
11 5 6
9 4 20
8 5 7
15 2 5
1 3 4
1 10 7
16 3 6
3 18 32
2 11 31
13 12 6
1 12 9
10 11 26
0 10 14
16 13 20
19 16 4
15 14 7
0 18 33
8 17 29
0 15 20
19 2 14
23 24 25
23 26 27
21 22 28
21 27 30
21 26 29
22 25 12
22 24 31
23 29 30
25 28 18
24 28 33
27 32 9
31 33 8
30 32 17
238
{[21, 20, 19, 18, 12]}
{[17, 16, 15, 13, 11]}
34
19 17 13
11 5 6
9 4 20
8 5 7
15 2 5
1 3 4
1 10 7
16 3 6
3 18 26
2 11 29
13 12 6
1 12 9
10 11 32
0 10 14
16 13 20
19 16 4
15 14 7
0 18 33
8 17 31
0 15 20
19 2 14
23 24 25
23 26 27
21 22 28
21 27 30
21 26 29
22 25 8
22 24 31
23 29 30
25 28 9
24 28 33
27 32 18
31 33 12
30 32 17
239
{[21, 20, 19, 18, 12]}
{[17, 15, 14, 13, 12]}
34
19 17 13
11 5 6
9 4 20
8 5 7
15 2 5
1 3 4
1 10 7
16 3 6
3 18 33
2 11 32
13 12 6
1 12 9
10 11 29
0 10 14
16 13 20
19 16 4
15 14 7
0 18 31
8 17 30
0 15 20
19 2 14
23 24 25
23 26 27
21 22 28
21 27 30
21 26 29
22 25 32
22 24 31
23 29 30
25 28 12
24 28 18
27 33 17
26 33 9
31 32 8
240
{[21, 20, 19, 18, 12]}
{[17, 15, 14, 13, 12]}
34
19 17 13
11 5 6
9 4 20
8 5 7
15 2 5
1 3 4
1 10 7
16 3 6
3 18 29
2 11 30
13 12 6
1 12 9
10 11 33
0 10 14
16 13 20
19 16 4
15 14 7
0 18 31
8 17 32
0 15 20
19 2 14
23 24 25
23 26 27
21 22 28
21 27 30
21 26 29
22 25 32
22 24 31
23 29 30
25 28 8
24 28 9
27 33 17
26 33 18
31 32 12
241
{[23, 22, 20, 18, 12]}
{[5, 4, 2, 1, 0]}
34
19 13 24
11 5 6
9 4 20
8 5 7
15 2 5
1 3 4
1 10 7
16 3 6
17 3 22
2 11 18
13 12 6
1 12 9
10 11 27
0 10 14
16 13 20
19 16 4
15 14 7
8 18 23
9 17 21
0 15 20
19 2 14
22 25 18
21 26 8
24 25 17
23 31 0
21 23 30
22 28 32
29 32 12
26 29 30
27 28 31
25 28 33
24 29 33
26 27 33
30 31 32
242
{[23, 22, 20, 18, 12]}
{[6, 3, 2, 1, 0]}
34
19 13 23
11 5 6
9 4 20
8 5 7
15 2 5
1 3 4
1 10 7
16 3 6
17 3 25
2 11 18
13 12 6
1 12 9
10 11 21
0 10 14
16 13 20
19 16 4
15 14 7
8 18 26
9 17 22
0 15 20
19 2 14
22 24 12
21 27 18
24 25 0
21 23 31
23 30 8
28 32 17
22 29 32
26 29 30
27 28 31
25 28 33
24 29 33
26 27 33
30 31 32
243
{[23, 22, 20, 18, 12]}
{[8, 7, 4, 2, 0]}
34
19 13 21
11 5 6
9 4 20
8 5 7
15 2 5
1 3 4
1 10 7
16 3 6
17 3 23
2 11 18
13 12 6
1 12 9
10 11 22
0 10 14
16 13 20
19 16 4
15 14 7
8 18 31
9 17 25
0 15 20
19 2 14
23 24 0
24 25 12
21 27 8
21 22 26
22 30 18
24 28 32
23 29 32
26 29 30
27 28 31
25 28 33
29 33 17
26 27 33
30 31 32
244
{[23, 22, 20, 18, 12]}
{[9, 7, 3, 2, 0]}
34
19 13 24
11 5 6
9 4 20
8 5 7
15 2 5
1 3 4
1 10 7
16 3 6
17 3 25
2 11 18
13 12 6
1 12 9
10 11 30
0 10 14
16 13 20
19 16 4
15 14 7
8 18 21
9 17 22
0 15 20
19 2 14
23 24 17
23 25 18
21 22 27
21 26 0
22 31 8
24 28 32
23 29 32
26 29 30
27 28 31
28 33 12
25 29 33
26 27 33
30 31 32
245
{[23, 22, 20, 18, 12]}
{[6, 3, 2, 1, 0]}
34
19 13 22
11 5 6
9 4 20
8 5 7
15 2 5
1 3 4
1 10 7
16 3 6
17 3 25
2 11 18
13 12 6
1 12 9
10 11 26
0 10 14
16 13 20
19 16 4
15 14 7
8 18 21
9 17 23
0 15 20
19 2 14
22 24 17
21 27 0
24 25 18
21 23 31
23 30 8
28 32 12
22 29 32
26 29 30
27 28 31
25 28 33
24 29 33
26 27 33
30 31 32
246
{[23, 22, 20, 18, 12]}
{[9, 7, 3, 2, 0]}
34
19 13 22
11 5 6
9 4 20
8 5 7
15 2 5
1 3 4
1 10 7
16 3 6
17 3 25
2 11 18
13 12 6
1 12 9
10 11 21
0 10 14
16 13 20
19 16 4
15 14 7
8 18 30
9 17 24
0 15 20
19 2 14
23 24 12
23 25 0
21 22 27
21 26 18
22 31 8
24 28 32
23 29 32
26 29 30
27 28 31
28 33 17
25 29 33
26 27 33
30 31 32
247
{[23, 22, 20, 18, 12]}
{[5, 4, 2, 1, 0]}
34
19 13 21
11 5 6
9 4 20
8 5 7
15 2 5
1 3 4
1 10 7
16 3 6
17 3 22
2 11 18
13 12 6
1 12 9
10 11 23
0 10 14
16 13 20
19 16 4
15 14 7
8 18 27
9 17 24
0 15 20
19 2 14
22 25 0
21 26 8
24 25 12
23 31 18
21 23 30
22 28 32
29 32 17
26 29 30
27 28 31
25 28 33
24 29 33
26 27 33
30 31 32
248
{[23, 22, 20, 18, 12]}
{[8, 7, 4, 2, 0]}
34
19 13 25
11 5 6
9 4 20
8 5 7
15 2 5
1 3 4
1 10 7
16 3 6
17 3 23
2 11 18
13 12 6
1 12 9
10 11 31
0 10 14
16 13 20
19 16 4
15 14 7
8 18 22
9 17 21
0 15 20
19 2 14
23 24 18
24 25 17
21 27 8
21 22 26
22 30 0
24 28 32
23 29 32
26 29 30
27 28 31
25 28 33
29 33 12
26 27 33
30 31 32
249
{[23, 22, 20, 18, 12]}
{[16, 13, 12, 11, 10]}
34
19 13 33
11 5 6
9 4 20
8 5 7
15 2 5
1 3 4
1 10 7
16 3 6
17 3 32
2 11 18
13 12 6
1 12 9
10 11 26
0 10 14
16 13 20
19 16 4
15 14 7
8 18 31
9 17 27
0 15 20
19 2 14
23 24 25
23 26 27
21 22 28
21 27 30
21 26 29
22 25 12
22 24 18
23 29 30
25 28 32
24 28 31
30 33 17
29 33 8
31 32 0
250
{[23, 22, 20, 18, 12]}
{[17, 16, 14, 12, 10]}
34
19 13 32
11 5 6
9 4 20
8 5 7
15 2 5
1 3 4
1 10 7
16 3 6
17 3 31
2 11 18
13 12 6
1 12 9
10 11 27
0 10 14
16 13 20
19 16 4
15 14 7
8 18 33
9 17 30
0 15 20
19 2 14
23 24 25
23 26 27
21 22 28
21 27 30
21 26 29
22 25 31
22 24 12
23 29 30
25 28 33
24 28 18
26 32 8
31 33 0
29 32 17
251
{[23, 22, 20, 18, 12]}
{[16, 13, 12, 11, 10]}
34
19 13 27
11 5 6
9 4 20
8 5 7
15 2 5
1 3 4
1 10 7
16 3 6
17 3 32
2 11 18
13 12 6
1 12 9
10 11 31
0 10 14
16 13 20
19 16 4
15 14 7
8 18 26
9 17 33
0 15 20
19 2 14
23 24 25
23 26 27
21 22 28
21 27 30
21 26 29
22 25 17
22 24 0
23 29 30
25 28 32
24 28 31
30 33 12
29 33 8
31 32 18
252
{[23, 22, 20, 18, 12]}
{[17, 16, 14, 12, 10]}
34
19 13 30
11 5 6
9 4 20
8 5 7
15 2 5
1 3 4
1 10 7
16 3 6
17 3 31
2 11 18
13 12 6
1 12 9
10 11 33
0 10 14
16 13 20
19 16 4
15 14 7
8 18 27
9 17 32
0 15 20
19 2 14
23 24 25
23 26 27
21 22 28
21 27 30
21 26 29
22 25 31
22 24 17
23 29 30
25 28 33
24 28 0
26 32 8
31 33 18
29 32 12
253
{[23, 22, 20, 18, 12]}
{[17, 16, 15, 13, 11]}
34
19 13 26
11 5 6
9 4 20
8 5 7
15 2 5
1 3 4
1 10 7
16 3 6
17 3 33
2 11 18
13 12 6
1 12 9
10 11 31
0 10 14
16 13 20
19 16 4
15 14 7
8 18 29
9 17 32
0 15 20
19 2 14
23 24 25
23 26 27
21 22 28
21 27 30
21 26 29
22 25 0
22 24 31
23 29 30
25 28 17
24 28 33
27 32 12
31 33 18
30 32 8
254
{[23, 22, 20, 18, 12]}
{[17, 16, 15, 13, 11]}
34
19 13 32
11 5 6
9 4 20
8 5 7
15 2 5
1 3 4
1 10 7
16 3 6
17 3 33
2 11 18
13 12 6
1 12 9
10 11 29
0 10 14
16 13 20
19 16 4
15 14 7
8 18 31
9 17 26
0 15 20
19 2 14
23 24 25
23 26 27
21 22 28
21 27 30
21 26 29
22 25 18
22 24 31
23 29 30
25 28 12
24 28 33
27 32 17
31 33 0
30 32 8
255
{[23, 22, 20, 18, 12]}
{[17, 15, 14, 13, 12]}
34
19 13 29
11 5 6
9 4 20
8 5 7
15 2 5
1 3 4
1 10 7
16 3 6
17 3 31
2 11 18
13 12 6
1 12 9
10 11 32
0 10 14
16 13 20
19 16 4
15 14 7
8 18 30
9 17 33
0 15 20
19 2 14
23 24 25
23 26 27
21 22 28
21 27 30
21 26 29
22 25 32
22 24 31
23 29 30
25 28 0
24 28 17
27 33 8
26 33 12
31 32 18
256
{[23, 22, 20, 18, 12]}
{[17, 15, 14, 13, 12]}
34
19 13 33
11 5 6
9 4 20
8 5 7
15 2 5
1 3 4
1 10 7
16 3 6
17 3 31
2 11 18
13 12 6
1 12 9
10 11 30
0 10 14
16 13 20
19 16 4
15 14 7
8 18 32
9 17 29
0 15 20
19 2 14
23 24 25
23 26 27
21 22 28
21 27 30
21 26 29
22 25 32
22 24 31
23 29 30
25 28 18
24 28 12
27 33 8
26 33 17
31 32 0
257
{[25, 24, 17, 16, 15]}
{[5, 4, 2, 1, 0]}
34
19 14 24
11 5 6
9 4 23
8 5 7
2 5 22
1 3 4
1 10 7
3 6 21
16 3 20
2 11 18
14 13 6
1 13 9
15 17 13
10 11 12
0 10 27
16 12 19
8 15 18
12 18 20
9 16 17
0 15 20
8 17 19
22 25 7
21 26 4
24 25 2
23 31 0
21 23 30
22 28 32
29 32 14
26 29 30
27 28 31
25 28 33
24 29 33
26 27 33
30 31 32
258
{[25, 24, 17, 16, 15]}
{[6, 3, 2, 1, 0]}
34
19 14 23
11 5 6
9 4 26
8 5 7
2 5 25
1 3 4
1 10 7
3 6 22
16 3 20
2 11 18
14 13 6
1 13 9
15 17 13
10 11 12
0 10 21
16 12 19
8 15 18
12 18 20
9 16 17
0 15 20
8 17 19
22 24 14
21 27 7
24 25 0
21 23 31
23 30 4
28 32 2
22 29 32
26 29 30
27 28 31
25 28 33
24 29 33
26 27 33
30 31 32
259
{[25, 24, 17, 16, 15]}
{[8, 7, 4, 2, 0]}
34
19 14 21
11 5 6
9 4 31
8 5 7
2 5 23
1 3 4
1 10 7
3 6 25
16 3 20
2 11 18
14 13 6
1 13 9
15 17 13
10 11 12
0 10 22
16 12 19
8 15 18
12 18 20
9 16 17
0 15 20
8 17 19
23 24 0
24 25 14
21 27 4
21 22 26
22 30 7
24 28 32
23 29 32
26 29 30
27 28 31
25 28 33
29 33 2
26 27 33
30 31 32
260
{[25, 24, 17, 16, 15]}
{[9, 7, 3, 2, 0]}
34
19 14 24
11 5 6
9 4 21
8 5 7
2 5 25
1 3 4
1 10 7
3 6 22
16 3 20
2 11 18
14 13 6
1 13 9
15 17 13
10 11 12
0 10 30
16 12 19
8 15 18
12 18 20
9 16 17
0 15 20
8 17 19
23 24 2
23 25 7
21 22 27
21 26 0
22 31 4
24 28 32
23 29 32
26 29 30
27 28 31
28 33 14
25 29 33
26 27 33
30 31 32
261
{[25, 24, 17, 16, 15]}
{[6, 3, 2, 1, 0]}
34
19 14 22
11 5 6
9 4 21
8 5 7
2 5 25
1 3 4
1 10 7
3 6 23
16 3 20
2 11 18
14 13 6
1 13 9
15 17 13
10 11 12
0 10 26
16 12 19
8 15 18
12 18 20
9 16 17
0 15 20
8 17 19
22 24 2
21 27 0
24 25 7
21 23 31
23 30 4
28 32 14
22 29 32
26 29 30
27 28 31
25 28 33
24 29 33
26 27 33
30 31 32
262
{[25, 24, 17, 16, 15]}
{[9, 7, 3, 2, 0]}
34
19 14 22
11 5 6
9 4 30
8 5 7
2 5 25
1 3 4
1 10 7
3 6 24
16 3 20
2 11 18
14 13 6
1 13 9
15 17 13
10 11 12
0 10 21
16 12 19
8 15 18
12 18 20
9 16 17
0 15 20
8 17 19
23 24 14
23 25 0
21 22 27
21 26 7
22 31 4
24 28 32
23 29 32
26 29 30
27 28 31
28 33 2
25 29 33
26 27 33
30 31 32
263
{[25, 24, 17, 16, 15]}
{[5, 4, 2, 1, 0]}
34
19 14 21
11 5 6
9 4 27
8 5 7
2 5 22
1 3 4
1 10 7
3 6 24
16 3 20
2 11 18
14 13 6
1 13 9
15 17 13
10 11 12
0 10 23
16 12 19
8 15 18
12 18 20
9 16 17
0 15 20
8 17 19
22 25 0
21 26 4
24 25 14
23 31 7
21 23 30
22 28 32
29 32 2
26 29 30
27 28 31
25 28 33
24 29 33
26 27 33
30 31 32
264
{[25, 24, 17, 16, 15]}
{[8, 7, 4, 2, 0]}
34
19 14 25
11 5 6
9 4 22
8 5 7
2 5 23
1 3 4
1 10 7
3 6 21
16 3 20
2 11 18
14 13 6
1 13 9
15 17 13
10 11 12
0 10 31
16 12 19
8 15 18
12 18 20
9 16 17
0 15 20
8 17 19
23 24 7
24 25 2
21 27 4
21 22 26
22 30 0
24 28 32
23 29 32
26 29 30
27 28 31
25 28 33
29 33 14
26 27 33
30 31 32
265
{[25, 24, 17, 16, 15]}
{[16, 13, 12, 11, 10]}
34
19 14 33
11 5 6
9 4 31
8 5 7
2 5 32
1 3 4
1 10 7
3 6 27
16 3 20
2 11 18
14 13 6
1 13 9
15 17 13
10 11 12
0 10 26
16 12 19
8 15 18
12 18 20
9 16 17
0 15 20
8 17 19
23 24 25
23 26 27
21 22 28
21 27 30
21 26 29
22 25 14
22 24 7
23 29 30
25 28 32
24 28 31
30 33 2
29 33 4
31 32 0
266
{[25, 24, 17, 16, 15]}
{[17, 16, 14, 12, 10]}
34
19 14 32
11 5 6
9 4 33
8 5 7
2 5 31
1 3 4
1 10 7
3 6 30
16 3 20
2 11 18
14 13 6
1 13 9
15 17 13
10 11 12
0 10 27
16 12 19
8 15 18
12 18 20
9 16 17
0 15 20
8 17 19
23 24 25
23 26 27
21 22 28
21 27 30
21 26 29
22 25 31
22 24 14
23 29 30
25 28 33
24 28 7
26 32 4
31 33 0
29 32 2
267
{[25, 24, 17, 16, 15]}
{[16, 13, 12, 11, 10]}
34
19 14 27
11 5 6
9 4 26
8 5 7
2 5 32
1 3 4
1 10 7
3 6 33
16 3 20
2 11 18
14 13 6
1 13 9
15 17 13
10 11 12
0 10 31
16 12 19
8 15 18
12 18 20
9 16 17
0 15 20
8 17 19
23 24 25
23 26 27
21 22 28
21 27 30
21 26 29
22 25 2
22 24 0
23 29 30
25 28 32
24 28 31
30 33 14
29 33 4
31 32 7
268
{[25, 24, 17, 16, 15]}
{[17, 16, 14, 12, 10]}
34
19 14 30
11 5 6
9 4 27
8 5 7
2 5 31
1 3 4
1 10 7
3 6 32
16 3 20
2 11 18
14 13 6
1 13 9
15 17 13
10 11 12
0 10 33
16 12 19
8 15 18
12 18 20
9 16 17
0 15 20
8 17 19
23 24 25
23 26 27
21 22 28
21 27 30
21 26 29
22 25 31
22 24 2
23 29 30
25 28 33
24 28 0
26 32 4
31 33 7
29 32 14
269
{[25, 24, 17, 16, 15]}
{[17, 16, 15, 13, 11]}
34
19 14 26
11 5 6
9 4 29
8 5 7
2 5 33
1 3 4
1 10 7
3 6 32
16 3 20
2 11 18
14 13 6
1 13 9
15 17 13
10 11 12
0 10 31
16 12 19
8 15 18
12 18 20
9 16 17
0 15 20
8 17 19
23 24 25
23 26 27
21 22 28
21 27 30
21 26 29
22 25 0
22 24 31
23 29 30
25 28 2
24 28 33
27 32 14
31 33 7
30 32 4
270
{[25, 24, 17, 16, 15]}
{[17, 16, 15, 13, 11]}
34
19 14 32
11 5 6
9 4 31
8 5 7
2 5 33
1 3 4
1 10 7
3 6 26
16 3 20
2 11 18
14 13 6
1 13 9
15 17 13
10 11 12
0 10 29
16 12 19
8 15 18
12 18 20
9 16 17
0 15 20
8 17 19
23 24 25
23 26 27
21 22 28
21 27 30
21 26 29
22 25 7
22 24 31
23 29 30
25 28 14
24 28 33
27 32 2
31 33 0
30 32 4
271
{[25, 24, 17, 16, 15]}
{[17, 15, 14, 13, 12]}
34
19 14 29
11 5 6
9 4 30
8 5 7
2 5 31
1 3 4
1 10 7
3 6 33
16 3 20
2 11 18
14 13 6
1 13 9
15 17 13
10 11 12
0 10 32
16 12 19
8 15 18
12 18 20
9 16 17
0 15 20
8 17 19
23 24 25
23 26 27
21 22 28
21 27 30
21 26 29
22 25 32
22 24 31
23 29 30
25 28 0
24 28 2
27 33 4
26 33 14
31 32 7
272
{[25, 24, 17, 16, 15]}
{[17, 15, 14, 13, 12]}
34
19 14 33
11 5 6
9 4 32
8 5 7
2 5 31
1 3 4
1 10 7
3 6 29
16 3 20
2 11 18
14 13 6
1 13 9
15 17 13
10 11 12
0 10 30
16 12 19
8 15 18
12 18 20
9 16 17
0 15 20
8 17 19
23 24 25
23 26 27
21 22 28
21 27 30
21 26 29
22 25 32
22 24 31
23 29 30
25 28 7
24 28 14
27 33 4
26 33 2
31 32 0
273
{[25, 24, 17, 16, 15]}
{[5, 4, 2, 1, 0]}
34
19 14 21
11 5 6
9 4 27
8 5 7
2 5 22
1 3 4
1 10 7
3 6 24
16 3 20
2 11 18
14 13 6
1 13 9
15 17 13
10 11 12
0 10 23
16 12 19
8 15 18
12 18 20
9 16 17
0 15 20
8 17 19
22 25 0
21 26 4
24 25 14
23 31 7
21 23 30
22 28 32
29 32 2
26 29 30
27 28 31
25 28 33
24 29 33
26 27 33
30 31 32
274
{[25, 24, 17, 16, 15]}
{[6, 3, 2, 1, 0]}
34
19 14 22
11 5 6
9 4 21
8 5 7
2 5 25
1 3 4
1 10 7
3 6 23
16 3 20
2 11 18
14 13 6
1 13 9
15 17 13
10 11 12
0 10 26
16 12 19
8 15 18
12 18 20
9 16 17
0 15 20
8 17 19
22 24 2
21 27 0
24 25 7
21 23 31
23 30 4
28 32 14
22 29 32
26 29 30
27 28 31
25 28 33
24 29 33
26 27 33
30 31 32
275
{[25, 24, 17, 16, 15]}
{[8, 7, 4, 2, 0]}
34
19 14 25
11 5 6
9 4 22
8 5 7
2 5 23
1 3 4
1 10 7
3 6 21
16 3 20
2 11 18
14 13 6
1 13 9
15 17 13
10 11 12
0 10 31
16 12 19
8 15 18
12 18 20
9 16 17
0 15 20
8 17 19
23 24 7
24 25 2
21 27 4
21 22 26
22 30 0
24 28 32
23 29 32
26 29 30
27 28 31
25 28 33
29 33 14
26 27 33
30 31 32
276
{[25, 24, 17, 16, 15]}
{[9, 7, 3, 2, 0]}
34
19 14 22
11 5 6
9 4 30
8 5 7
2 5 25
1 3 4
1 10 7
3 6 24
16 3 20
2 11 18
14 13 6
1 13 9
15 17 13
10 11 12
0 10 21
16 12 19
8 15 18
12 18 20
9 16 17
0 15 20
8 17 19
23 24 14
23 25 0
21 22 27
21 26 7
22 31 4
24 28 32
23 29 32
26 29 30
27 28 31
28 33 2
25 29 33
26 27 33
30 31 32
277
{[25, 24, 17, 16, 15]}
{[6, 3, 2, 1, 0]}
34
19 14 23
11 5 6
9 4 26
8 5 7
2 5 25
1 3 4
1 10 7
3 6 22
16 3 20
2 11 18
14 13 6
1 13 9
15 17 13
10 11 12
0 10 21
16 12 19
8 15 18
12 18 20
9 16 17
0 15 20
8 17 19
22 24 14
21 27 7
24 25 0
21 23 31
23 30 4
28 32 2
22 29 32
26 29 30
27 28 31
25 28 33
24 29 33
26 27 33
30 31 32
278
{[25, 24, 17, 16, 15]}
{[9, 7, 3, 2, 0]}
34
19 14 24
11 5 6
9 4 21
8 5 7
2 5 25
1 3 4
1 10 7
3 6 22
16 3 20
2 11 18
14 13 6
1 13 9
15 17 13
10 11 12
0 10 30
16 12 19
8 15 18
12 18 20
9 16 17
0 15 20
8 17 19
23 24 2
23 25 7
21 22 27
21 26 0
22 31 4
24 28 32
23 29 32
26 29 30
27 28 31
28 33 14
25 29 33
26 27 33
30 31 32
279
{[25, 24, 17, 16, 15]}
{[5, 4, 2, 1, 0]}
34
19 14 24
11 5 6
9 4 23
8 5 7
2 5 22
1 3 4
1 10 7
3 6 21
16 3 20
2 11 18
14 13 6
1 13 9
15 17 13
10 11 12
0 10 27
16 12 19
8 15 18
12 18 20
9 16 17
0 15 20
8 17 19
22 25 7
21 26 4
24 25 2
23 31 0
21 23 30
22 28 32
29 32 14
26 29 30
27 28 31
25 28 33
24 29 33
26 27 33
30 31 32
280
{[25, 24, 17, 16, 15]}
{[8, 7, 4, 2, 0]}
34
19 14 21
11 5 6
9 4 31
8 5 7
2 5 23
1 3 4
1 10 7
3 6 25
16 3 20
2 11 18
14 13 6
1 13 9
15 17 13
10 11 12
0 10 22
16 12 19
8 15 18
12 18 20
9 16 17
0 15 20
8 17 19
23 24 0
24 25 14
21 27 4
21 22 26
22 30 7
24 28 32
23 29 32
26 29 30
27 28 31
25 28 33
29 33 2
26 27 33
30 31 32
281
{[25, 24, 17, 16, 15]}
{[16, 13, 12, 11, 10]}
34
19 14 27
11 5 6
9 4 26
8 5 7
2 5 32
1 3 4
1 10 7
3 6 33
16 3 20
2 11 18
14 13 6
1 13 9
15 17 13
10 11 12
0 10 31
16 12 19
8 15 18
12 18 20
9 16 17
0 15 20
8 17 19
23 24 25
23 26 27
21 22 28
21 27 30
21 26 29
22 25 2
22 24 0
23 29 30
25 28 32
24 28 31
30 33 14
29 33 4
31 32 7
282
{[25, 24, 17, 16, 15]}
{[17, 16, 14, 12, 10]}
34
19 14 30
11 5 6
9 4 27
8 5 7
2 5 31
1 3 4
1 10 7
3 6 32
16 3 20
2 11 18
14 13 6
1 13 9
15 17 13
10 11 12
0 10 33
16 12 19
8 15 18
12 18 20
9 16 17
0 15 20
8 17 19
23 24 25
23 26 27
21 22 28
21 27 30
21 26 29
22 25 31
22 24 2
23 29 30
25 28 33
24 28 0
26 32 4
31 33 7
29 32 14
283
{[25, 24, 17, 16, 15]}
{[16, 13, 12, 11, 10]}
34
19 14 33
11 5 6
9 4 31
8 5 7
2 5 32
1 3 4
1 10 7
3 6 27
16 3 20
2 11 18
14 13 6
1 13 9
15 17 13
10 11 12
0 10 26
16 12 19
8 15 18
12 18 20
9 16 17
0 15 20
8 17 19
23 24 25
23 26 27
21 22 28
21 27 30
21 26 29
22 25 14
22 24 7
23 29 30
25 28 32
24 28 31
30 33 2
29 33 4
31 32 0
284
{[25, 24, 17, 16, 15]}
{[17, 16, 14, 12, 10]}
34
19 14 32
11 5 6
9 4 33
8 5 7
2 5 31
1 3 4
1 10 7
3 6 30
16 3 20
2 11 18
14 13 6
1 13 9
15 17 13
10 11 12
0 10 27
16 12 19
8 15 18
12 18 20
9 16 17
0 15 20
8 17 19
23 24 25
23 26 27
21 22 28
21 27 30
21 26 29
22 25 31
22 24 14
23 29 30
25 28 33
24 28 7
26 32 4
31 33 0
29 32 2
285
{[25, 24, 17, 16, 15]}
{[17, 16, 15, 13, 11]}
34
19 14 32
11 5 6
9 4 31
8 5 7
2 5 33
1 3 4
1 10 7
3 6 26
16 3 20
2 11 18
14 13 6
1 13 9
15 17 13
10 11 12
0 10 29
16 12 19
8 15 18
12 18 20
9 16 17
0 15 20
8 17 19
23 24 25
23 26 27
21 22 28
21 27 30
21 26 29
22 25 7
22 24 31
23 29 30
25 28 14
24 28 33
27 32 2
31 33 0
30 32 4
286
{[25, 24, 17, 16, 15]}
{[17, 16, 15, 13, 11]}
34
19 14 26
11 5 6
9 4 29
8 5 7
2 5 33
1 3 4
1 10 7
3 6 32
16 3 20
2 11 18
14 13 6
1 13 9
15 17 13
10 11 12
0 10 31
16 12 19
8 15 18
12 18 20
9 16 17
0 15 20
8 17 19
23 24 25
23 26 27
21 22 28
21 27 30
21 26 29
22 25 0
22 24 31
23 29 30
25 28 2
24 28 33
27 32 14
31 33 7
30 32 4
287
{[25, 24, 17, 16, 15]}
{[17, 15, 14, 13, 12]}
34
19 14 33
11 5 6
9 4 32
8 5 7
2 5 31
1 3 4
1 10 7
3 6 29
16 3 20
2 11 18
14 13 6
1 13 9
15 17 13
10 11 12
0 10 30
16 12 19
8 15 18
12 18 20
9 16 17
0 15 20
8 17 19
23 24 25
23 26 27
21 22 28
21 27 30
21 26 29
22 25 32
22 24 31
23 29 30
25 28 7
24 28 14
27 33 4
26 33 2
31 32 0
288
{[25, 24, 17, 16, 15]}
{[17, 15, 14, 13, 12]}
34
19 14 29
11 5 6
9 4 30
8 5 7
2 5 31
1 3 4
1 10 7
3 6 33
16 3 20
2 11 18
14 13 6
1 13 9
15 17 13
10 11 12
0 10 32
16 12 19
8 15 18
12 18 20
9 16 17
0 15 20
8 17 19
23 24 25
23 26 27
21 22 28
21 27 30
21 26 29
22 25 32
22 24 31
23 29 30
25 28 0
24 28 2
27 33 4
26 33 14
31 32 7
