256
1
{[13, 12, 9, 8, 0]}
{[5, 4, 2, 1, 0]}
34
11 4 21
8 15 6
12 4 23
13 9 24
0 2 17
11 7 10
12 1 10
8 5 22
1 7 27
3 16 17
19 5 6
0 5 20
20 2 6
14 3 18
19 13 16
1 16 18
14 15 9
4 9 18
13 15 17
20 14 10
11 12 19
22 25 0
21 26 7
24 25 2
23 31 3
21 23 30
22 28 32
29 32 8
26 29 30
27 28 31
25 28 33
24 29 33
26 27 33
30 31 32
2
{[13, 12, 9, 8, 0]}
{[6, 3, 2, 1, 0]}
34
11 4 22
8 15 6
12 4 26
13 9 23
0 2 17
11 7 10
12 1 10
8 5 25
1 7 21
3 16 17
19 5 6
0 5 20
20 2 6
14 3 18
19 13 16
1 16 18
14 15 9
4 9 18
13 15 17
20 14 10
11 12 19
22 24 8
21 27 0
24 25 3
21 23 31
23 30 7
28 32 2
22 29 32
26 29 30
27 28 31
25 28 33
24 29 33
26 27 33
30 31 32
3
{[13, 12, 9, 8, 0]}
{[8, 7, 4, 2, 0]}
34
11 4 25
8 15 6
12 4 31
13 9 21
0 2 17
11 7 10
12 1 10
8 5 23
1 7 22
3 16 17
19 5 6
0 5 20
20 2 6
14 3 18
19 13 16
1 16 18
14 15 9
4 9 18
13 15 17
20 14 10
11 12 19
23 24 3
24 25 8
21 27 7
21 22 26
22 30 0
24 28 32
23 29 32
26 29 30
27 28 31
25 28 33
29 33 2
26 27 33
30 31 32
4
{[13, 12, 9, 8, 0]}
{[9, 7, 3, 2, 0]}
34
11 4 22
8 15 6
12 4 21
13 9 24
0 2 17
11 7 10
12 1 10
8 5 25
1 7 30
3 16 17
19 5 6
0 5 20
20 2 6
14 3 18
19 13 16
1 16 18
14 15 9
4 9 18
13 15 17
20 14 10
11 12 19
23 24 2
23 25 0
21 22 27
21 26 3
22 31 7
24 28 32
23 29 32
26 29 30
27 28 31
28 33 8
25 29 33
26 27 33
30 31 32
5
{[13, 12, 9, 8, 0]}
{[6, 3, 2, 1, 0]}
34
11 4 23
8 15 6
12 4 21
13 9 22
0 2 17
11 7 10
12 1 10
8 5 25
1 7 26
3 16 17
19 5 6
0 5 20
20 2 6
14 3 18
19 13 16
1 16 18
14 15 9
4 9 18
13 15 17
20 14 10
11 12 19
22 24 2
21 27 3
24 25 0
21 23 31
23 30 7
28 32 8
22 29 32
26 29 30
27 28 31
25 28 33
24 29 33
26 27 33
30 31 32
6
{[13, 12, 9, 8, 0]}
{[9, 7, 3, 2, 0]}
34
11 4 24
8 15 6
12 4 30
13 9 22
0 2 17
11 7 10
12 1 10
8 5 25
1 7 21
3 16 17
19 5 6
0 5 20
20 2 6
14 3 18
19 13 16
1 16 18
14 15 9
4 9 18
13 15 17
20 14 10
11 12 19
23 24 8
23 25 3
21 22 27
21 26 0
22 31 7
24 28 32
23 29 32
26 29 30
27 28 31
28 33 2
25 29 33
26 27 33
30 31 32
7
{[13, 12, 9, 8, 0]}
{[5, 4, 2, 1, 0]}
34
11 4 24
8 15 6
12 4 27
13 9 21
0 2 17
11 7 10
12 1 10
8 5 22
1 7 23
3 16 17
19 5 6
0 5 20
20 2 6
14 3 18
19 13 16
1 16 18
14 15 9
4 9 18
13 15 17
20 14 10
11 12 19
22 25 3
21 26 7
24 25 8
23 31 0
21 23 30
22 28 32
29 32 2
26 29 30
27 28 31
25 28 33
24 29 33
26 27 33
30 31 32
8
{[13, 12, 9, 8, 0]}
{[8, 7, 4, 2, 0]}
34
11 4 21
8 15 6
12 4 22
13 9 25
0 2 17
11 7 10
12 1 10
8 5 23
1 7 31
3 16 17
19 5 6
0 5 20
20 2 6
14 3 18
19 13 16
1 16 18
14 15 9
4 9 18
13 15 17
20 14 10
11 12 19
23 24 0
24 25 2
21 27 7
21 22 26
22 30 3
24 28 32
23 29 32
26 29 30
27 28 31
25 28 33
29 33 8
26 27 33
30 31 32
9
{[13, 12, 9, 8, 0]}
{[16, 13, 12, 11, 10]}
34
11 4 27
8 15 6
12 4 31
13 9 33
0 2 17
11 7 10
12 1 10
8 5 32
1 7 26
3 16 17
19 5 6
0 5 20
20 2 6
14 3 18
19 13 16
1 16 18
14 15 9
4 9 18
13 15 17
20 14 10
11 12 19
23 24 25
23 26 27
21 22 28
21 27 30
21 26 29
22 25 8
22 24 0
23 29 30
25 28 32
24 28 31
30 33 2
29 33 7
31 32 3
10
{[13, 12, 9, 8, 0]}
{[17, 16, 14, 12, 10]}
34
11 4 30
8 15 6
12 4 33
13 9 32
0 2 17
11 7 10
12 1 10
8 5 31
1 7 27
3 16 17
19 5 6
0 5 20
20 2 6
14 3 18
19 13 16
1 16 18
14 15 9
4 9 18
13 15 17
20 14 10
11 12 19
23 24 25
23 26 27
21 22 28
21 27 30
21 26 29
22 25 31
22 24 8
23 29 30
25 28 33
24 28 0
26 32 7
31 33 3
29 32 2
11
{[13, 12, 9, 8, 0]}
{[16, 13, 12, 11, 10]}
34
11 4 33
8 15 6
12 4 26
13 9 27
0 2 17
11 7 10
12 1 10
8 5 32
1 7 31
3 16 17
19 5 6
0 5 20
20 2 6
14 3 18
19 13 16
1 16 18
14 15 9
4 9 18
13 15 17
20 14 10
11 12 19
23 24 25
23 26 27
21 22 28
21 27 30
21 26 29
22 25 2
22 24 3
23 29 30
25 28 32
24 28 31
30 33 8
29 33 7
31 32 0
12
{[13, 12, 9, 8, 0]}
{[17, 16, 14, 12, 10]}
34
11 4 32
8 15 6
12 4 27
13 9 30
0 2 17
11 7 10
12 1 10
8 5 31
1 7 33
3 16 17
19 5 6
0 5 20
20 2 6
14 3 18
19 13 16
1 16 18
14 15 9
4 9 18
13 15 17
20 14 10
11 12 19
23 24 25
23 26 27
21 22 28
21 27 30
21 26 29
22 25 31
22 24 2
23 29 30
25 28 33
24 28 3
26 32 7
31 33 0
29 32 8
13
{[13, 12, 9, 8, 0]}
{[17, 16, 15, 13, 11]}
34
11 4 32
8 15 6
12 4 29
13 9 26
0 2 17
11 7 10
12 1 10
8 5 33
1 7 31
3 16 17
19 5 6
0 5 20
20 2 6
14 3 18
19 13 16
1 16 18
14 15 9
4 9 18
13 15 17
20 14 10
11 12 19
23 24 25
23 26 27
21 22 28
21 27 30
21 26 29
22 25 3
22 24 31
23 29 30
25 28 2
24 28 33
27 32 8
31 33 0
30 32 7
14
{[13, 12, 9, 8, 0]}
{[17, 16, 15, 13, 11]}
34
11 4 26
8 15 6
12 4 31
13 9 32
0 2 17
11 7 10
12 1 10
8 5 33
1 7 29
3 16 17
19 5 6
0 5 20
20 2 6
14 3 18
19 13 16
1 16 18
14 15 9
4 9 18
13 15 17
20 14 10
11 12 19
23 24 25
23 26 27
21 22 28
21 27 30
21 26 29
22 25 0
22 24 31
23 29 30
25 28 8
24 28 33
27 32 2
31 33 3
30 32 7
15
{[13, 12, 9, 8, 0]}
{[17, 15, 14, 13, 12]}
34
11 4 33
8 15 6
12 4 30
13 9 29
0 2 17
11 7 10
12 1 10
8 5 31
1 7 32
3 16 17
19 5 6
0 5 20
20 2 6
14 3 18
19 13 16
1 16 18
14 15 9
4 9 18
13 15 17
20 14 10
11 12 19
23 24 25
23 26 27
21 22 28
21 27 30
21 26 29
22 25 32
22 24 31
23 29 30
25 28 3
24 28 2
27 33 7
26 33 8
31 32 0
16
{[13, 12, 9, 8, 0]}
{[17, 15, 14, 13, 12]}
34
11 4 29
8 15 6
12 4 32
13 9 33
0 2 17
11 7 10
12 1 10
8 5 31
1 7 30
3 16 17
19 5 6
0 5 20
20 2 6
14 3 18
19 13 16
1 16 18
14 15 9
4 9 18
13 15 17
20 14 10
11 12 19
23 24 25
23 26 27
21 22 28
21 27 30
21 26 29
22 25 32
22 24 31
23 29 30
25 28 0
24 28 8
27 33 7
26 33 2
31 32 3
17
{[13, 12, 9, 8, 0]}
{[5, 4, 2, 1, 0]}
34
11 4 24
8 15 6
12 4 27
13 9 21
0 2 17
11 7 10
12 1 10
8 5 22
1 7 23
3 16 17
19 5 6
0 5 20
20 2 6
14 3 18
19 13 16
1 16 18
14 15 9
4 9 18
13 15 17
20 14 10
11 12 19
22 25 3
21 26 7
24 25 8
23 31 0
21 23 30
22 28 32
29 32 2
26 29 30
27 28 31
25 28 33
24 29 33
26 27 33
30 31 32
18
{[13, 12, 9, 8, 0]}
{[6, 3, 2, 1, 0]}
34
11 4 23
8 15 6
12 4 21
13 9 22
0 2 17
11 7 10
12 1 10
8 5 25
1 7 26
3 16 17
19 5 6
0 5 20
20 2 6
14 3 18
19 13 16
1 16 18
14 15 9
4 9 18
13 15 17
20 14 10
11 12 19
22 24 2
21 27 3
24 25 0
21 23 31
23 30 7
28 32 8
22 29 32
26 29 30
27 28 31
25 28 33
24 29 33
26 27 33
30 31 32
19
{[13, 12, 9, 8, 0]}
{[8, 7, 4, 2, 0]}
34
11 4 21
8 15 6
12 4 22
13 9 25
0 2 17
11 7 10
12 1 10
8 5 23
1 7 31
3 16 17
19 5 6
0 5 20
20 2 6
14 3 18
19 13 16
1 16 18
14 15 9
4 9 18
13 15 17
20 14 10
11 12 19
23 24 0
24 25 2
21 27 7
21 22 26
22 30 3
24 28 32
23 29 32
26 29 30
27 28 31
25 28 33
29 33 8
26 27 33
30 31 32
20
{[13, 12, 9, 8, 0]}
{[9, 7, 3, 2, 0]}
34
11 4 24
8 15 6
12 4 30
13 9 22
0 2 17
11 7 10
12 1 10
8 5 25
1 7 21
3 16 17
19 5 6
0 5 20
20 2 6
14 3 18
19 13 16
1 16 18
14 15 9
4 9 18
13 15 17
20 14 10
11 12 19
23 24 8
23 25 3
21 22 27
21 26 0
22 31 7
24 28 32
23 29 32
26 29 30
27 28 31
28 33 2
25 29 33
26 27 33
30 31 32
21
{[13, 12, 9, 8, 0]}
{[6, 3, 2, 1, 0]}
34
11 4 22
8 15 6
12 4 26
13 9 23
0 2 17
11 7 10
12 1 10
8 5 25
1 7 21
3 16 17
19 5 6
0 5 20
20 2 6
14 3 18
19 13 16
1 16 18
14 15 9
4 9 18
13 15 17
20 14 10
11 12 19
22 24 8
21 27 0
24 25 3
21 23 31
23 30 7
28 32 2
22 29 32
26 29 30
27 28 31
25 28 33
24 29 33
26 27 33
30 31 32
22
{[13, 12, 9, 8, 0]}
{[9, 7, 3, 2, 0]}
34
11 4 22
8 15 6
12 4 21
13 9 24
0 2 17
11 7 10
12 1 10
8 5 25
1 7 30
3 16 17
19 5 6
0 5 20
20 2 6
14 3 18
19 13 16
1 16 18
14 15 9
4 9 18
13 15 17
20 14 10
11 12 19
23 24 2
23 25 0
21 22 27
21 26 3
22 31 7
24 28 32
23 29 32
26 29 30
27 28 31
28 33 8
25 29 33
26 27 33
30 31 32
23
{[13, 12, 9, 8, 0]}
{[5, 4, 2, 1, 0]}
34
11 4 21
8 15 6
12 4 23
13 9 24
0 2 17
11 7 10
12 1 10
8 5 22
1 7 27
3 16 17
19 5 6
0 5 20
20 2 6
14 3 18
19 13 16
1 16 18
14 15 9
4 9 18
13 15 17
20 14 10
11 12 19
22 25 0
21 26 7
24 25 2
23 31 3
21 23 30
22 28 32
29 32 8
26 29 30
27 28 31
25 28 33
24 29 33
26 27 33
30 31 32
24
{[13, 12, 9, 8, 0]}
{[8, 7, 4, 2, 0]}
34
11 4 25
8 15 6
12 4 31
13 9 21
0 2 17
11 7 10
12 1 10
8 5 23
1 7 22
3 16 17
19 5 6
0 5 20
20 2 6
14 3 18
19 13 16
1 16 18
14 15 9
4 9 18
13 15 17
20 14 10
11 12 19
23 24 3
24 25 8
21 27 7
21 22 26
22 30 0
24 28 32
23 29 32
26 29 30
27 28 31
25 28 33
29 33 2
26 27 33
30 31 32
25
{[13, 12, 9, 8, 0]}
{[16, 13, 12, 11, 10]}
34
11 4 33
8 15 6
12 4 26
13 9 27
0 2 17
11 7 10
12 1 10
8 5 32
1 7 31
3 16 17
19 5 6
0 5 20
20 2 6
14 3 18
19 13 16
1 16 18
14 15 9
4 9 18
13 15 17
20 14 10
11 12 19
23 24 25
23 26 27
21 22 28
21 27 30
21 26 29
22 25 2
22 24 3
23 29 30
25 28 32
24 28 31
30 33 8
29 33 7
31 32 0
26
{[13, 12, 9, 8, 0]}
{[17, 16, 14, 12, 10]}
34
11 4 32
8 15 6
12 4 27
13 9 30
0 2 17
11 7 10
12 1 10
8 5 31
1 7 33
3 16 17
19 5 6
0 5 20
20 2 6
14 3 18
19 13 16
1 16 18
14 15 9
4 9 18
13 15 17
20 14 10
11 12 19
23 24 25
23 26 27
21 22 28
21 27 30
21 26 29
22 25 31
22 24 2
23 29 30
25 28 33
24 28 3
26 32 7
31 33 0
29 32 8
27
{[13, 12, 9, 8, 0]}
{[16, 13, 12, 11, 10]}
34
11 4 27
8 15 6
12 4 31
13 9 33
0 2 17
11 7 10
12 1 10
8 5 32
1 7 26
3 16 17
19 5 6
0 5 20
20 2 6
14 3 18
19 13 16
1 16 18
14 15 9
4 9 18
13 15 17
20 14 10
11 12 19
23 24 25
23 26 27
21 22 28
21 27 30
21 26 29
22 25 8
22 24 0
23 29 30
25 28 32
24 28 31
30 33 2
29 33 7
31 32 3
28
{[13, 12, 9, 8, 0]}
{[17, 16, 14, 12, 10]}
34
11 4 30
8 15 6
12 4 33
13 9 32
0 2 17
11 7 10
12 1 10
8 5 31
1 7 27
3 16 17
19 5 6
0 5 20
20 2 6
14 3 18
19 13 16
1 16 18
14 15 9
4 9 18
13 15 17
20 14 10
11 12 19
23 24 25
23 26 27
21 22 28
21 27 30
21 26 29
22 25 31
22 24 8
23 29 30
25 28 33
24 28 0
26 32 7
31 33 3
29 32 2
29
{[13, 12, 9, 8, 0]}
{[17, 16, 15, 13, 11]}
34
11 4 26
8 15 6
12 4 31
13 9 32
0 2 17
11 7 10
12 1 10
8 5 33
1 7 29
3 16 17
19 5 6
0 5 20
20 2 6
14 3 18
19 13 16
1 16 18
14 15 9
4 9 18
13 15 17
20 14 10
11 12 19
23 24 25
23 26 27
21 22 28
21 27 30
21 26 29
22 25 0
22 24 31
23 29 30
25 28 8
24 28 33
27 32 2
31 33 3
30 32 7
30
{[13, 12, 9, 8, 0]}
{[17, 16, 15, 13, 11]}
34
11 4 32
8 15 6
12 4 29
13 9 26
0 2 17
11 7 10
12 1 10
8 5 33
1 7 31
3 16 17
19 5 6
0 5 20
20 2 6
14 3 18
19 13 16
1 16 18
14 15 9
4 9 18
13 15 17
20 14 10
11 12 19
23 24 25
23 26 27
21 22 28
21 27 30
21 26 29
22 25 3
22 24 31
23 29 30
25 28 2
24 28 33
27 32 8
31 33 0
30 32 7
31
{[13, 12, 9, 8, 0]}
{[17, 15, 14, 13, 12]}
34
11 4 29
8 15 6
12 4 32
13 9 33
0 2 17
11 7 10
12 1 10
8 5 31
1 7 30
3 16 17
19 5 6
0 5 20
20 2 6
14 3 18
19 13 16
1 16 18
14 15 9
4 9 18
13 15 17
20 14 10
11 12 19
23 24 25
23 26 27
21 22 28
21 27 30
21 26 29
22 25 32
22 24 31
23 29 30
25 28 0
24 28 8
27 33 7
26 33 2
31 32 3
32
{[13, 12, 9, 8, 0]}
{[17, 15, 14, 13, 12]}
34
11 4 33
8 15 6
12 4 30
13 9 29
0 2 17
11 7 10
12 1 10
8 5 31
1 7 32
3 16 17
19 5 6
0 5 20
20 2 6
14 3 18
19 13 16
1 16 18
14 15 9
4 9 18
13 15 17
20 14 10
11 12 19
23 24 25
23 26 27
21 22 28
21 27 30
21 26 29
22 25 32
22 24 31
23 29 30
25 28 3
24 28 2
27 33 7
26 33 8
31 32 0
33
{[21, 19, 18, 14, 4]}
{[5, 4, 2, 1, 0]}
34
7 11 21
14 4 12
10 16 6
7 15 4
1 3 17
14 9 13
15 2 13
0 8 3
7 10 12
10 11 5
8 2 9
0 9 12
1 11 8
19 5 6
1 5 20
20 3 6
2 18 24
4 18 22
16 17 27
20 13 23
14 15 19
22 25 0
21 26 17
24 25 19
23 31 16
21 23 30
22 28 32
29 32 18
26 29 30
27 28 31
25 28 33
24 29 33
26 27 33
30 31 32
34
{[21, 19, 18, 14, 4]}
{[6, 3, 2, 1, 0]}
34
7 11 22
14 4 12
10 16 6
7 15 4
1 3 17
14 9 13
15 2 13
0 8 3
7 10 12
10 11 5
8 2 9
0 9 12
1 11 8
19 5 6
1 5 20
20 3 6
2 18 23
4 18 25
16 17 21
20 13 26
14 15 19
22 24 18
21 27 0
24 25 16
21 23 31
23 30 17
28 32 19
22 29 32
26 29 30
27 28 31
25 28 33
24 29 33
26 27 33
30 31 32
35
{[21, 19, 18, 14, 4]}
{[8, 7, 4, 2, 0]}
34
7 11 25
14 4 12
10 16 6
7 15 4
1 3 17
14 9 13
15 2 13
0 8 3
7 10 12
10 11 5
8 2 9
0 9 12
1 11 8
19 5 6
1 5 20
20 3 6
2 18 21
4 18 23
16 17 22
20 13 31
14 15 19
23 24 16
24 25 18
21 27 17
21 22 26
22 30 0
24 28 32
23 29 32
26 29 30
27 28 31
25 28 33
29 33 19
26 27 33
30 31 32
36
{[21, 19, 18, 14, 4]}
{[9, 7, 3, 2, 0]}
34
7 11 22
14 4 12
10 16 6
7 15 4
1 3 17
14 9 13
15 2 13
0 8 3
7 10 12
10 11 5
8 2 9
0 9 12
1 11 8
19 5 6
1 5 20
20 3 6
2 18 24
4 18 25
16 17 30
20 13 21
14 15 19
23 24 19
23 25 0
21 22 27
21 26 16
22 31 17
24 28 32
23 29 32
26 29 30
27 28 31
28 33 18
25 29 33
26 27 33
30 31 32
37
{[21, 19, 18, 14, 4]}
{[6, 3, 2, 1, 0]}
34
7 11 23
14 4 12
10 16 6
7 15 4
1 3 17
14 9 13
15 2 13
0 8 3
7 10 12
10 11 5
8 2 9
0 9 12
1 11 8
19 5 6
1 5 20
20 3 6
2 18 22
4 18 25
16 17 26
20 13 21
14 15 19
22 24 19
21 27 16
24 25 0
21 23 31
23 30 17
28 32 18
22 29 32
26 29 30
27 28 31
25 28 33
24 29 33
26 27 33
30 31 32
38
{[21, 19, 18, 14, 4]}
{[9, 7, 3, 2, 0]}
34
7 11 24
14 4 12
10 16 6
7 15 4
1 3 17
14 9 13
15 2 13
0 8 3
7 10 12
10 11 5
8 2 9
0 9 12
1 11 8
19 5 6
1 5 20
20 3 6
2 18 22
4 18 25
16 17 21
20 13 30
14 15 19
23 24 18
23 25 16
21 22 27
21 26 0
22 31 17
24 28 32
23 29 32
26 29 30
27 28 31
28 33 19
25 29 33
26 27 33
30 31 32
39
{[21, 19, 18, 14, 4]}
{[5, 4, 2, 1, 0]}
34
7 11 24
14 4 12
10 16 6
7 15 4
1 3 17
14 9 13
15 2 13
0 8 3
7 10 12
10 11 5
8 2 9
0 9 12
1 11 8
19 5 6
1 5 20
20 3 6
2 18 21
4 18 22
16 17 23
20 13 27
14 15 19
22 25 16
21 26 17
24 25 18
23 31 0
21 23 30
22 28 32
29 32 19
26 29 30
27 28 31
25 28 33
24 29 33
26 27 33
30 31 32
40
{[21, 19, 18, 14, 4]}
{[8, 7, 4, 2, 0]}
34
7 11 21
14 4 12
10 16 6
7 15 4
1 3 17
14 9 13
15 2 13
0 8 3
7 10 12
10 11 5
8 2 9
0 9 12
1 11 8
19 5 6
1 5 20
20 3 6
2 18 25
4 18 23
16 17 31
20 13 22
14 15 19
23 24 0
24 25 19
21 27 17
21 22 26
22 30 16
24 28 32
23 29 32
26 29 30
27 28 31
25 28 33
29 33 18
26 27 33
30 31 32
41
{[21, 19, 18, 14, 4]}
{[16, 13, 12, 11, 10]}
34
7 11 27
14 4 12
10 16 6
7 15 4
1 3 17
14 9 13
15 2 13
0 8 3
7 10 12
10 11 5
8 2 9
0 9 12
1 11 8
19 5 6
1 5 20
20 3 6
2 18 33
4 18 32
16 17 26
20 13 31
14 15 19
23 24 25
23 26 27
21 22 28
21 27 30
21 26 29
22 25 18
22 24 0
23 29 30
25 28 32
24 28 31
30 33 19
29 33 17
31 32 16
42
{[21, 19, 18, 14, 4]}
{[17, 16, 14, 12, 10]}
34
7 11 30
14 4 12
10 16 6
7 15 4
1 3 17
14 9 13
15 2 13
0 8 3
7 10 12
10 11 5
8 2 9
0 9 12
1 11 8
19 5 6
1 5 20
20 3 6
2 18 32
4 18 31
16 17 27
20 13 33
14 15 19
23 24 25
23 26 27
21 22 28
21 27 30
21 26 29
22 25 31
22 24 18
23 29 30
25 28 33
24 28 0
26 32 17
31 33 16
29 32 19
43
{[21, 19, 18, 14, 4]}
{[16, 13, 12, 11, 10]}
34
7 11 33
14 4 12
10 16 6
7 15 4
1 3 17
14 9 13
15 2 13
0 8 3
7 10 12
10 11 5
8 2 9
0 9 12
1 11 8
19 5 6
1 5 20
20 3 6
2 18 27
4 18 32
16 17 31
20 13 26
14 15 19
23 24 25
23 26 27
21 22 28
21 27 30
21 26 29
22 25 19
22 24 16
23 29 30
25 28 32
24 28 31
30 33 18
29 33 17
31 32 0
44
{[21, 19, 18, 14, 4]}
{[17, 16, 14, 12, 10]}
34
7 11 32
14 4 12
10 16 6
7 15 4
1 3 17
14 9 13
15 2 13
0 8 3
7 10 12
10 11 5
8 2 9
0 9 12
1 11 8
19 5 6
1 5 20
20 3 6
2 18 30
4 18 31
16 17 33
20 13 27
14 15 19
23 24 25
23 26 27
21 22 28
21 27 30
21 26 29
22 25 31
22 24 19
23 29 30
25 28 33
24 28 16
26 32 17
31 33 0
29 32 18
45
{[21, 19, 18, 14, 4]}
{[17, 16, 15, 13, 11]}
34
7 11 32
14 4 12
10 16 6
7 15 4
1 3 17
14 9 13
15 2 13
0 8 3
7 10 12
10 11 5
8 2 9
0 9 12
1 11 8
19 5 6
1 5 20
20 3 6
2 18 26
4 18 33
16 17 31
20 13 29
14 15 19
23 24 25
23 26 27
21 22 28
21 27 30
21 26 29
22 25 16
22 24 31
23 29 30
25 28 19
24 28 33
27 32 18
31 33 0
30 32 17
46
{[21, 19, 18, 14, 4]}
{[17, 16, 15, 13, 11]}
34
7 11 26
14 4 12
10 16 6
7 15 4
1 3 17
14 9 13
15 2 13
0 8 3
7 10 12
10 11 5
8 2 9
0 9 12
1 11 8
19 5 6
1 5 20
20 3 6
2 18 32
4 18 33
16 17 29
20 13 31
14 15 19
23 24 25
23 26 27
21 22 28
21 27 30
21 26 29
22 25 0
22 24 31
23 29 30
25 28 18
24 28 33
27 32 19
31 33 16
30 32 17
47
{[21, 19, 18, 14, 4]}
{[17, 15, 14, 13, 12]}
34
7 11 33
14 4 12
10 16 6
7 15 4
1 3 17
14 9 13
15 2 13
0 8 3
7 10 12
10 11 5
8 2 9
0 9 12
1 11 8
19 5 6
1 5 20
20 3 6
2 18 29
4 18 31
16 17 32
20 13 30
14 15 19
23 24 25
23 26 27
21 22 28
21 27 30
21 26 29
22 25 32
22 24 31
23 29 30
25 28 16
24 28 19
27 33 17
26 33 18
31 32 0
48
{[21, 19, 18, 14, 4]}
{[17, 15, 14, 13, 12]}
34
7 11 29
14 4 12
10 16 6
7 15 4
1 3 17
14 9 13
15 2 13
0 8 3
7 10 12
10 11 5
8 2 9
0 9 12
1 11 8
19 5 6
1 5 20
20 3 6
2 18 33
4 18 31
16 17 30
20 13 32
14 15 19
23 24 25
23 26 27
21 22 28
21 27 30
21 26 29
22 25 32
22 24 31
23 29 30
25 28 0
24 28 18
27 33 17
26 33 19
31 32 16
49
{[23, 22, 18, 14, 4]}
{[5, 4, 2, 1, 0]}
34
7 11 23
14 4 12
10 17 6
7 15 4
1 3 21
14 9 13
15 2 13
0 8 3
7 10 12
10 11 5
8 2 9
0 9 12
1 11 8
19 5 6
1 5 20
20 3 6
19 18 24
2 18 22
16 17 27
20 16 13
14 15 19
22 25 4
21 26 17
24 25 0
23 31 16
21 23 30
22 28 32
29 32 18
26 29 30
27 28 31
25 28 33
24 29 33
26 27 33
30 31 32
50
{[23, 22, 18, 14, 4]}
{[6, 3, 2, 1, 0]}
34
7 11 26
14 4 12
10 17 6
7 15 4
1 3 22
14 9 13
15 2 13
0 8 3
7 10 12
10 11 5
8 2 9
0 9 12
1 11 8
19 5 6
1 5 20
20 3 6
19 18 23
2 18 25
16 17 21
20 16 13
14 15 19
22 24 18
21 27 4
24 25 16
21 23 31
23 30 17
28 32 0
22 29 32
26 29 30
27 28 31
25 28 33
24 29 33
26 27 33
30 31 32
51
{[23, 22, 18, 14, 4]}
{[8, 7, 4, 2, 0]}
34
7 11 31
14 4 12
10 17 6
7 15 4
1 3 25
14 9 13
15 2 13
0 8 3
7 10 12
10 11 5
8 2 9
0 9 12
1 11 8
19 5 6
1 5 20
20 3 6
19 18 21
2 18 23
16 17 22
20 16 13
14 15 19
23 24 16
24 25 18
21 27 17
21 22 26
22 30 4
24 28 32
23 29 32
26 29 30
27 28 31
25 28 33
29 33 0
26 27 33
30 31 32
52
{[23, 22, 18, 14, 4]}
{[9, 7, 3, 2, 0]}
34
7 11 21
14 4 12
10 17 6
7 15 4
1 3 22
14 9 13
15 2 13
0 8 3
7 10 12
10 11 5
8 2 9
0 9 12
1 11 8
19 5 6
1 5 20
20 3 6
19 18 24
2 18 25
16 17 30
20 16 13
14 15 19
23 24 0
23 25 4
21 22 27
21 26 16
22 31 17
24 28 32
23 29 32
26 29 30
27 28 31
28 33 18
25 29 33
26 27 33
30 31 32
53
{[23, 22, 18, 14, 4]}
{[6, 3, 2, 1, 0]}
34
7 11 21
14 4 12
10 17 6
7 15 4
1 3 23
14 9 13
15 2 13
0 8 3
7 10 12
10 11 5
8 2 9
0 9 12
1 11 8
19 5 6
1 5 20
20 3 6
19 18 22
2 18 25
16 17 26
20 16 13
14 15 19
22 24 0
21 27 16
24 25 4
21 23 31
23 30 17
28 32 18
22 29 32
26 29 30
27 28 31
25 28 33
24 29 33
26 27 33
30 31 32
54
{[23, 22, 18, 14, 4]}
{[9, 7, 3, 2, 0]}
34
7 11 30
14 4 12
10 17 6
7 15 4
1 3 24
14 9 13
15 2 13
0 8 3
7 10 12
10 11 5
8 2 9
0 9 12
1 11 8
19 5 6
1 5 20
20 3 6
19 18 22
2 18 25
16 17 21
20 16 13
14 15 19
23 24 18
23 25 16
21 22 27
21 26 4
22 31 17
24 28 32
23 29 32
26 29 30
27 28 31
28 33 0
25 29 33
26 27 33
30 31 32
55
{[23, 22, 18, 14, 4]}
{[5, 4, 2, 1, 0]}
34
7 11 27
14 4 12
10 17 6
7 15 4
1 3 24
14 9 13
15 2 13
0 8 3
7 10 12
10 11 5
8 2 9
0 9 12
1 11 8
19 5 6
1 5 20
20 3 6
19 18 21
2 18 22
16 17 23
20 16 13
14 15 19
22 25 16
21 26 17
24 25 18
23 31 4
21 23 30
22 28 32
29 32 0
26 29 30
27 28 31
25 28 33
24 29 33
26 27 33
30 31 32
56
{[23, 22, 18, 14, 4]}
{[8, 7, 4, 2, 0]}
34
7 11 22
14 4 12
10 17 6
7 15 4
1 3 21
14 9 13
15 2 13
0 8 3
7 10 12
10 11 5
8 2 9
0 9 12
1 11 8
19 5 6
1 5 20
20 3 6
19 18 25
2 18 23
16 17 31
20 16 13
14 15 19
23 24 4
24 25 0
21 27 17
21 22 26
22 30 16
24 28 32
23 29 32
26 29 30
27 28 31
25 28 33
29 33 18
26 27 33
30 31 32
57
{[23, 22, 18, 14, 4]}
{[16, 13, 12, 11, 10]}
34
7 11 31
14 4 12
10 17 6
7 15 4
1 3 27
14 9 13
15 2 13
0 8 3
7 10 12
10 11 5
8 2 9
0 9 12
1 11 8
19 5 6
1 5 20
20 3 6
19 18 33
2 18 32
16 17 26
20 16 13
14 15 19
23 24 25
23 26 27
21 22 28
21 27 30
21 26 29
22 25 18
22 24 4
23 29 30
25 28 32
24 28 31
30 33 0
29 33 17
31 32 16
58
{[23, 22, 18, 14, 4]}
{[17, 16, 14, 12, 10]}
34
7 11 33
14 4 12
10 17 6
7 15 4
1 3 30
14 9 13
15 2 13
0 8 3
7 10 12
10 11 5
8 2 9
0 9 12
1 11 8
19 5 6
1 5 20
20 3 6
19 18 32
2 18 31
16 17 27
20 16 13
14 15 19
23 24 25
23 26 27
21 22 28
21 27 30
21 26 29
22 25 31
22 24 18
23 29 30
25 28 33
24 28 4
26 32 17
31 33 16
29 32 0
59
{[23, 22, 18, 14, 4]}
{[16, 13, 12, 11, 10]}
34
7 11 26
14 4 12
10 17 6
7 15 4
1 3 33
14 9 13
15 2 13
0 8 3
7 10 12
10 11 5
8 2 9
0 9 12
1 11 8
19 5 6
1 5 20
20 3 6
19 18 27
2 18 32
16 17 31
20 16 13
14 15 19
23 24 25
23 26 27
21 22 28
21 27 30
21 26 29
22 25 0
22 24 16
23 29 30
25 28 32
24 28 31
30 33 18
29 33 17
31 32 4
60
{[23, 22, 18, 14, 4]}
{[17, 16, 14, 12, 10]}
34
7 11 27
14 4 12
10 17 6
7 15 4
1 3 32
14 9 13
15 2 13
0 8 3
7 10 12
10 11 5
8 2 9
0 9 12
1 11 8
19 5 6
1 5 20
20 3 6
19 18 30
2 18 31
16 17 33
20 16 13
14 15 19
23 24 25
23 26 27
21 22 28
21 27 30
21 26 29
22 25 31
22 24 0
23 29 30
25 28 33
24 28 16
26 32 17
31 33 4
29 32 18
61
{[23, 22, 18, 14, 4]}
{[17, 16, 15, 13, 11]}
34
7 11 29
14 4 12
10 17 6
7 15 4
1 3 32
14 9 13
15 2 13
0 8 3
7 10 12
10 11 5
8 2 9
0 9 12
1 11 8
19 5 6
1 5 20
20 3 6
19 18 26
2 18 33
16 17 31
20 16 13
14 15 19
23 24 25
23 26 27
21 22 28
21 27 30
21 26 29
22 25 16
22 24 31
23 29 30
25 28 0
24 28 33
27 32 18
31 33 4
30 32 17
62
{[23, 22, 18, 14, 4]}
{[17, 16, 15, 13, 11]}
34
7 11 31
14 4 12
10 17 6
7 15 4
1 3 26
14 9 13
15 2 13
0 8 3
7 10 12
10 11 5
8 2 9
0 9 12
1 11 8
19 5 6
1 5 20
20 3 6
19 18 32
2 18 33
16 17 29
20 16 13
14 15 19
23 24 25
23 26 27
21 22 28
21 27 30
21 26 29
22 25 4
22 24 31
23 29 30
25 28 18
24 28 33
27 32 0
31 33 16
30 32 17
63
{[23, 22, 18, 14, 4]}
{[17, 15, 14, 13, 12]}
34
7 11 30
14 4 12
10 17 6
7 15 4
1 3 33
14 9 13
15 2 13
0 8 3
7 10 12
10 11 5
8 2 9
0 9 12
1 11 8
19 5 6
1 5 20
20 3 6
19 18 29
2 18 31
16 17 32
20 16 13
14 15 19
23 24 25
23 26 27
21 22 28
21 27 30
21 26 29
22 25 32
22 24 31
23 29 30
25 28 16
24 28 0
27 33 17
26 33 18
31 32 4
64
{[23, 22, 18, 14, 4]}
{[17, 15, 14, 13, 12]}
34
7 11 32
14 4 12
10 17 6
7 15 4
1 3 29
14 9 13
15 2 13
0 8 3
7 10 12
10 11 5
8 2 9
0 9 12
1 11 8
19 5 6
1 5 20
20 3 6
19 18 33
2 18 31
16 17 30
20 16 13
14 15 19
23 24 25
23 26 27
21 22 28
21 27 30
21 26 29
22 25 32
22 24 31
23 29 30
25 28 4
24 28 18
27 33 17
26 33 0
31 32 16
65
{[21, 19, 18, 14, 4]}
{[5, 4, 2, 1, 0]}
34
7 11 24
14 4 12
10 16 6
7 15 4
1 3 17
14 9 13
15 2 13
0 8 3
7 10 12
10 11 5
8 2 9
0 9 12
1 11 8
19 5 6
1 5 20
20 3 6
2 18 21
4 18 22
16 17 23
20 13 27
14 15 19
22 25 16
21 26 17
24 25 18
23 31 0
21 23 30
22 28 32
29 32 19
26 29 30
27 28 31
25 28 33
24 29 33
26 27 33
30 31 32
66
{[21, 19, 18, 14, 4]}
{[6, 3, 2, 1, 0]}
34
7 11 23
14 4 12
10 16 6
7 15 4
1 3 17
14 9 13
15 2 13
0 8 3
7 10 12
10 11 5
8 2 9
0 9 12
1 11 8
19 5 6
1 5 20
20 3 6
2 18 22
4 18 25
16 17 26
20 13 21
14 15 19
22 24 19
21 27 16
24 25 0
21 23 31
23 30 17
28 32 18
22 29 32
26 29 30
27 28 31
25 28 33
24 29 33
26 27 33
30 31 32
67
{[21, 19, 18, 14, 4]}
{[8, 7, 4, 2, 0]}
34
7 11 21
14 4 12
10 16 6
7 15 4
1 3 17
14 9 13
15 2 13
0 8 3
7 10 12
10 11 5
8 2 9
0 9 12
1 11 8
19 5 6
1 5 20
20 3 6
2 18 25
4 18 23
16 17 31
20 13 22
14 15 19
23 24 0
24 25 19
21 27 17
21 22 26
22 30 16
24 28 32
23 29 32
26 29 30
27 28 31
25 28 33
29 33 18
26 27 33
30 31 32
68
{[21, 19, 18, 14, 4]}
{[9, 7, 3, 2, 0]}
34
7 11 24
14 4 12
10 16 6
7 15 4
1 3 17
14 9 13
15 2 13
0 8 3
7 10 12
10 11 5
8 2 9
0 9 12
1 11 8
19 5 6
1 5 20
20 3 6
2 18 22
4 18 25
16 17 21
20 13 30
14 15 19
23 24 18
23 25 16
21 22 27
21 26 0
22 31 17
24 28 32
23 29 32
26 29 30
27 28 31
28 33 19
25 29 33
26 27 33
30 31 32
69
{[21, 19, 18, 14, 4]}
{[6, 3, 2, 1, 0]}
34
7 11 22
14 4 12
10 16 6
7 15 4
1 3 17
14 9 13
15 2 13
0 8 3
7 10 12
10 11 5
8 2 9
0 9 12
1 11 8
19 5 6
1 5 20
20 3 6
2 18 23
4 18 25
16 17 21
20 13 26
14 15 19
22 24 18
21 27 0
24 25 16
21 23 31
23 30 17
28 32 19
22 29 32
26 29 30
27 28 31
25 28 33
24 29 33
26 27 33
30 31 32
70
{[21, 19, 18, 14, 4]}
{[9, 7, 3, 2, 0]}
34
7 11 22
14 4 12
10 16 6
7 15 4
1 3 17
14 9 13
15 2 13
0 8 3
7 10 12
10 11 5
8 2 9
0 9 12
1 11 8
19 5 6
1 5 20
20 3 6
2 18 24
4 18 25
16 17 30
20 13 21
14 15 19
23 24 19
23 25 0
21 22 27
21 26 16
22 31 17
24 28 32
23 29 32
26 29 30
27 28 31
28 33 18
25 29 33
26 27 33
30 31 32
71
{[21, 19, 18, 14, 4]}
{[5, 4, 2, 1, 0]}
34
7 11 21
14 4 12
10 16 6
7 15 4
1 3 17
14 9 13
15 2 13
0 8 3
7 10 12
10 11 5
8 2 9
0 9 12
1 11 8
19 5 6
1 5 20
20 3 6
2 18 24
4 18 22
16 17 27
20 13 23
14 15 19
22 25 0
21 26 17
24 25 19
23 31 16
21 23 30
22 28 32
29 32 18
26 29 30
27 28 31
25 28 33
24 29 33
26 27 33
30 31 32
72
{[21, 19, 18, 14, 4]}
{[8, 7, 4, 2, 0]}
34
7 11 25
14 4 12
10 16 6
7 15 4
1 3 17
14 9 13
15 2 13
0 8 3
7 10 12
10 11 5
8 2 9
0 9 12
1 11 8
19 5 6
1 5 20
20 3 6
2 18 21
4 18 23
16 17 22
20 13 31
14 15 19
23 24 16
24 25 18
21 27 17
21 22 26
22 30 0
24 28 32
23 29 32
26 29 30
27 28 31
25 28 33
29 33 19
26 27 33
30 31 32
73
{[21, 19, 18, 14, 4]}
{[16, 13, 12, 11, 10]}
34
7 11 33
14 4 12
10 16 6
7 15 4
1 3 17
14 9 13
15 2 13
0 8 3
7 10 12
10 11 5
8 2 9
0 9 12
1 11 8
19 5 6
1 5 20
20 3 6
2 18 27
4 18 32
16 17 31
20 13 26
14 15 19
23 24 25
23 26 27
21 22 28
21 27 30
21 26 29
22 25 19
22 24 16
23 29 30
25 28 32
24 28 31
30 33 18
29 33 17
31 32 0
74
{[21, 19, 18, 14, 4]}
{[17, 16, 14, 12, 10]}
34
7 11 32
14 4 12
10 16 6
7 15 4
1 3 17
14 9 13
15 2 13
0 8 3
7 10 12
10 11 5
8 2 9
0 9 12
1 11 8
19 5 6
1 5 20
20 3 6
2 18 30
4 18 31
16 17 33
20 13 27
14 15 19
23 24 25
23 26 27
21 22 28
21 27 30
21 26 29
22 25 31
22 24 19
23 29 30
25 28 33
24 28 16
26 32 17
31 33 0
29 32 18
75
{[21, 19, 18, 14, 4]}
{[16, 13, 12, 11, 10]}
34
7 11 27
14 4 12
10 16 6
7 15 4
1 3 17
14 9 13
15 2 13
0 8 3
7 10 12
10 11 5
8 2 9
0 9 12
1 11 8
19 5 6
1 5 20
20 3 6
2 18 33
4 18 32
16 17 26
20 13 31
14 15 19
23 24 25
23 26 27
21 22 28
21 27 30
21 26 29
22 25 18
22 24 0
23 29 30
25 28 32
24 28 31
30 33 19
29 33 17
31 32 16
76
{[21, 19, 18, 14, 4]}
{[17, 16, 14, 12, 10]}
34
7 11 30
14 4 12
10 16 6
7 15 4
1 3 17
14 9 13
15 2 13
0 8 3
7 10 12
10 11 5
8 2 9
0 9 12
1 11 8
19 5 6
1 5 20
20 3 6
2 18 32
4 18 31
16 17 27
20 13 33
14 15 19
23 24 25
23 26 27
21 22 28
21 27 30
21 26 29
22 25 31
22 24 18
23 29 30
25 28 33
24 28 0
26 32 17
31 33 16
29 32 19
77
{[21, 19, 18, 14, 4]}
{[17, 16, 15, 13, 11]}
34
7 11 26
14 4 12
10 16 6
7 15 4
1 3 17
14 9 13
15 2 13
0 8 3
7 10 12
10 11 5
8 2 9
0 9 12
1 11 8
19 5 6
1 5 20
20 3 6
2 18 32
4 18 33
16 17 29
20 13 31
14 15 19
23 24 25
23 26 27
21 22 28
21 27 30
21 26 29
22 25 0
22 24 31
23 29 30
25 28 18
24 28 33
27 32 19
31 33 16
30 32 17
78
{[21, 19, 18, 14, 4]}
{[17, 16, 15, 13, 11]}
34
7 11 32
14 4 12
10 16 6
7 15 4
1 3 17
14 9 13
15 2 13
0 8 3
7 10 12
10 11 5
8 2 9
0 9 12
1 11 8
19 5 6
1 5 20
20 3 6
2 18 26
4 18 33
16 17 31
20 13 29
14 15 19
23 24 25
23 26 27
21 22 28
21 27 30
21 26 29
22 25 16
22 24 31
23 29 30
25 28 19
24 28 33
27 32 18
31 33 0
30 32 17
79
{[21, 19, 18, 14, 4]}
{[17, 15, 14, 13, 12]}
34
7 11 29
14 4 12
10 16 6
7 15 4
1 3 17
14 9 13
15 2 13
0 8 3
7 10 12
10 11 5
8 2 9
0 9 12
1 11 8
19 5 6
1 5 20
20 3 6
2 18 33
4 18 31
16 17 30
20 13 32
14 15 19
23 24 25
23 26 27
21 22 28
21 27 30
21 26 29
22 25 32
22 24 31
23 29 30
25 28 0
24 28 18
27 33 17
26 33 19
31 32 16
80
{[21, 19, 18, 14, 4]}
{[17, 15, 14, 13, 12]}
34
7 11 33
14 4 12
10 16 6
7 15 4
1 3 17
14 9 13
15 2 13
0 8 3
7 10 12
10 11 5
8 2 9
0 9 12
1 11 8
19 5 6
1 5 20
20 3 6
2 18 29
4 18 31
16 17 32
20 13 30
14 15 19
23 24 25
23 26 27
21 22 28
21 27 30
21 26 29
22 25 32
22 24 31
23 29 30
25 28 16
24 28 19
27 33 17
26 33 18
31 32 0
81
{[23, 22, 18, 14, 4]}
{[5, 4, 2, 1, 0]}
34
7 11 27
14 4 12
10 17 6
7 15 4
1 3 24
14 9 13
15 2 13
0 8 3
7 10 12
10 11 5
8 2 9
0 9 12
1 11 8
19 5 6
1 5 20
20 3 6
19 18 21
2 18 22
16 17 23
20 16 13
14 15 19
22 25 16
21 26 17
24 25 18
23 31 4
21 23 30
22 28 32
29 32 0
26 29 30
27 28 31
25 28 33
24 29 33
26 27 33
30 31 32
82
{[23, 22, 18, 14, 4]}
{[6, 3, 2, 1, 0]}
34
7 11 21
14 4 12
10 17 6
7 15 4
1 3 23
14 9 13
15 2 13
0 8 3
7 10 12
10 11 5
8 2 9
0 9 12
1 11 8
19 5 6
1 5 20
20 3 6
19 18 22
2 18 25
16 17 26
20 16 13
14 15 19
22 24 0
21 27 16
24 25 4
21 23 31
23 30 17
28 32 18
22 29 32
26 29 30
27 28 31
25 28 33
24 29 33
26 27 33
30 31 32
83
{[23, 22, 18, 14, 4]}
{[8, 7, 4, 2, 0]}
34
7 11 22
14 4 12
10 17 6
7 15 4
1 3 21
14 9 13
15 2 13
0 8 3
7 10 12
10 11 5
8 2 9
0 9 12
1 11 8
19 5 6
1 5 20
20 3 6
19 18 25
2 18 23
16 17 31
20 16 13
14 15 19
23 24 4
24 25 0
21 27 17
21 22 26
22 30 16
24 28 32
23 29 32
26 29 30
27 28 31
25 28 33
29 33 18
26 27 33
30 31 32
84
{[23, 22, 18, 14, 4]}
{[9, 7, 3, 2, 0]}
34
7 11 30
14 4 12
10 17 6
7 15 4
1 3 24
14 9 13
15 2 13
0 8 3
7 10 12
10 11 5
8 2 9
0 9 12
1 11 8
19 5 6
1 5 20
20 3 6
19 18 22
2 18 25
16 17 21
20 16 13
14 15 19
23 24 18
23 25 16
21 22 27
21 26 4
22 31 17
24 28 32
23 29 32
26 29 30
27 28 31
28 33 0
25 29 33
26 27 33
30 31 32
85
{[23, 22, 18, 14, 4]}
{[6, 3, 2, 1, 0]}
34
7 11 26
14 4 12
10 17 6
7 15 4
1 3 22
14 9 13
15 2 13
0 8 3
7 10 12
10 11 5
8 2 9
0 9 12
1 11 8
19 5 6
1 5 20
20 3 6
19 18 23
2 18 25
16 17 21
20 16 13
14 15 19
22 24 18
21 27 4
24 25 16
21 23 31
23 30 17
28 32 0
22 29 32
26 29 30
27 28 31
25 28 33
24 29 33
26 27 33
30 31 32
86
{[23, 22, 18, 14, 4]}
{[9, 7, 3, 2, 0]}
34
7 11 21
14 4 12
10 17 6
7 15 4
1 3 22
14 9 13
15 2 13
0 8 3
7 10 12
10 11 5
8 2 9
0 9 12
1 11 8
19 5 6
1 5 20
20 3 6
19 18 24
2 18 25
16 17 30
20 16 13
14 15 19
23 24 0
23 25 4
21 22 27
21 26 16
22 31 17
24 28 32
23 29 32
26 29 30
27 28 31
28 33 18
25 29 33
26 27 33
30 31 32
87
{[23, 22, 18, 14, 4]}
{[5, 4, 2, 1, 0]}
34
7 11 23
14 4 12
10 17 6
7 15 4
1 3 21
14 9 13
15 2 13
0 8 3
7 10 12
10 11 5
8 2 9
0 9 12
1 11 8
19 5 6
1 5 20
20 3 6
19 18 24
2 18 22
16 17 27
20 16 13
14 15 19
22 25 4
21 26 17
24 25 0
23 31 16
21 23 30
22 28 32
29 32 18
26 29 30
27 28 31
25 28 33
24 29 33
26 27 33
30 31 32
88
{[23, 22, 18, 14, 4]}
{[8, 7, 4, 2, 0]}
34
7 11 31
14 4 12
10 17 6
7 15 4
1 3 25
14 9 13
15 2 13
0 8 3
7 10 12
10 11 5
8 2 9
0 9 12
1 11 8
19 5 6
1 5 20
20 3 6
19 18 21
2 18 23
16 17 22
20 16 13
14 15 19
23 24 16
24 25 18
21 27 17
21 22 26
22 30 4
24 28 32
23 29 32
26 29 30
27 28 31
25 28 33
29 33 0
26 27 33
30 31 32
89
{[23, 22, 18, 14, 4]}
{[16, 13, 12, 11, 10]}
34
7 11 26
14 4 12
10 17 6
7 15 4
1 3 33
14 9 13
15 2 13
0 8 3
7 10 12
10 11 5
8 2 9
0 9 12
1 11 8
19 5 6
1 5 20
20 3 6
19 18 27
2 18 32
16 17 31
20 16 13
14 15 19
23 24 25
23 26 27
21 22 28
21 27 30
21 26 29
22 25 0
22 24 16
23 29 30
25 28 32
24 28 31
30 33 18
29 33 17
31 32 4
90
{[23, 22, 18, 14, 4]}
{[17, 16, 14, 12, 10]}
34
7 11 27
14 4 12
10 17 6
7 15 4
1 3 32
14 9 13
15 2 13
0 8 3
7 10 12
10 11 5
8 2 9
0 9 12
1 11 8
19 5 6
1 5 20
20 3 6
19 18 30
2 18 31
16 17 33
20 16 13
14 15 19
23 24 25
23 26 27
21 22 28
21 27 30
21 26 29
22 25 31
22 24 0
23 29 30
25 28 33
24 28 16
26 32 17
31 33 4
29 32 18
91
{[23, 22, 18, 14, 4]}
{[16, 13, 12, 11, 10]}
34
7 11 31
14 4 12
10 17 6
7 15 4
1 3 27
14 9 13
15 2 13
0 8 3
7 10 12
10 11 5
8 2 9
0 9 12
1 11 8
19 5 6
1 5 20
20 3 6
19 18 33
2 18 32
16 17 26
20 16 13
14 15 19
23 24 25
23 26 27
21 22 28
21 27 30
21 26 29
22 25 18
22 24 4
23 29 30
25 28 32
24 28 31
30 33 0
29 33 17
31 32 16
92
{[23, 22, 18, 14, 4]}
{[17, 16, 14, 12, 10]}
34
7 11 33
14 4 12
10 17 6
7 15 4
1 3 30
14 9 13
15 2 13
0 8 3
7 10 12
10 11 5
8 2 9
0 9 12
1 11 8
19 5 6
1 5 20
20 3 6
19 18 32
2 18 31
16 17 27
20 16 13
14 15 19
23 24 25
23 26 27
21 22 28
21 27 30
21 26 29
22 25 31
22 24 18
23 29 30
25 28 33
24 28 4
26 32 17
31 33 16
29 32 0
93
{[23, 22, 18, 14, 4]}
{[17, 16, 15, 13, 11]}
34
7 11 31
14 4 12
10 17 6
7 15 4
1 3 26
14 9 13
15 2 13
0 8 3
7 10 12
10 11 5
8 2 9
0 9 12
1 11 8
19 5 6
1 5 20
20 3 6
19 18 32
2 18 33
16 17 29
20 16 13
14 15 19
23 24 25
23 26 27
21 22 28
21 27 30
21 26 29
22 25 4
22 24 31
23 29 30
25 28 18
24 28 33
27 32 0
31 33 16
30 32 17
94
{[23, 22, 18, 14, 4]}
{[17, 16, 15, 13, 11]}
34
7 11 29
14 4 12
10 17 6
7 15 4
1 3 32
14 9 13
15 2 13
0 8 3
7 10 12
10 11 5
8 2 9
0 9 12
1 11 8
19 5 6
1 5 20
20 3 6
19 18 26
2 18 33
16 17 31
20 16 13
14 15 19
23 24 25
23 26 27
21 22 28
21 27 30
21 26 29
22 25 16
22 24 31
23 29 30
25 28 0
24 28 33
27 32 18
31 33 4
30 32 17
95
{[23, 22, 18, 14, 4]}
{[17, 15, 14, 13, 12]}
34
7 11 32
14 4 12
10 17 6
7 15 4
1 3 29
14 9 13
15 2 13
0 8 3
7 10 12
10 11 5
8 2 9
0 9 12
1 11 8
19 5 6
1 5 20
20 3 6
19 18 33
2 18 31
16 17 30
20 16 13
14 15 19
23 24 25
23 26 27
21 22 28
21 27 30
21 26 29
22 25 32
22 24 31
23 29 30
25 28 4
24 28 18
27 33 17
26 33 0
31 32 16
96
{[23, 22, 18, 14, 4]}
{[17, 15, 14, 13, 12]}
34
7 11 30
14 4 12
10 17 6
7 15 4
1 3 33
14 9 13
15 2 13
0 8 3
7 10 12
10 11 5
8 2 9
0 9 12
1 11 8
19 5 6
1 5 20
20 3 6
19 18 29
2 18 31
16 17 32
20 16 13
14 15 19
23 24 25
23 26 27
21 22 28
21 27 30
21 26 29
22 25 32
22 24 31
23 29 30
25 28 16
24 28 0
27 33 17
26 33 18
31 32 4
97
{[25, 24, 16, 15, 6]}
{[5, 4, 2, 1, 0]}
34
7 11 4
5 12 27
10 17 6
7 14 5
0 15 13
1 3 19
14 2 22
0 8 3
7 10 12
10 11 21
8 2 9
0 9 12
1 11 8
4 18 19
3 6 23
16 4 20
15 18 24
2 18 20
16 17 13
5 13 20
15 17 19
22 25 9
21 26 6
24 25 14
23 31 16
21 23 30
22 28 32
29 32 1
26 29 30
27 28 31
25 28 33
24 29 33
26 27 33
30 31 32
98
{[25, 24, 16, 15, 6]}
{[6, 3, 2, 1, 0]}
34
7 11 4
5 12 21
10 17 6
7 14 5
0 15 13
1 3 19
14 2 25
0 8 3
7 10 12
10 11 22
8 2 9
0 9 12
1 11 8
4 18 19
3 6 26
16 4 20
15 18 23
2 18 20
16 17 13
5 13 20
15 17 19
22 24 1
21 27 9
24 25 16
21 23 31
23 30 6
28 32 14
22 29 32
26 29 30
27 28 31
25 28 33
24 29 33
26 27 33
30 31 32
99
{[25, 24, 16, 15, 6]}
{[8, 7, 4, 2, 0]}
34
7 11 4
5 12 22
10 17 6
7 14 5
0 15 13
1 3 19
14 2 23
0 8 3
7 10 12
10 11 25
8 2 9
0 9 12
1 11 8
4 18 19
3 6 31
16 4 20
15 18 21
2 18 20
16 17 13
5 13 20
15 17 19
23 24 16
24 25 1
21 27 6
21 22 26
22 30 9
24 28 32
23 29 32
26 29 30
27 28 31
25 28 33
29 33 14
26 27 33
30 31 32
100
{[25, 24, 16, 15, 6]}
{[9, 7, 3, 2, 0]}
34
7 11 4
5 12 30
10 17 6
7 14 5
0 15 13
1 3 19
14 2 25
0 8 3
7 10 12
10 11 22
8 2 9
0 9 12
1 11 8
4 18 19
3 6 21
16 4 20
15 18 24
2 18 20
16 17 13
5 13 20
15 17 19
23 24 14
23 25 9
21 22 27
21 26 16
22 31 6
24 28 32
23 29 32
26 29 30
27 28 31
28 33 1
25 29 33
26 27 33
30 31 32
101
{[25, 24, 16, 15, 6]}
{[6, 3, 2, 1, 0]}
34
7 11 4
5 12 26
10 17 6
7 14 5
0 15 13
1 3 19
14 2 25
0 8 3
7 10 12
10 11 23
8 2 9
0 9 12
1 11 8
4 18 19
3 6 21
16 4 20
15 18 22
2 18 20
16 17 13
5 13 20
15 17 19
22 24 14
21 27 16
24 25 9
21 23 31
23 30 6
28 32 1
22 29 32
26 29 30
27 28 31
25 28 33
24 29 33
26 27 33
30 31 32
102
{[25, 24, 16, 15, 6]}
{[9, 7, 3, 2, 0]}
34
7 11 4
5 12 21
10 17 6
7 14 5
0 15 13
1 3 19
14 2 25
0 8 3
7 10 12
10 11 24
8 2 9
0 9 12
1 11 8
4 18 19
3 6 30
16 4 20
15 18 22
2 18 20
16 17 13
5 13 20
15 17 19
23 24 1
23 25 16
21 22 27
21 26 9
22 31 6
24 28 32
23 29 32
26 29 30
27 28 31
28 33 14
25 29 33
26 27 33
30 31 32
103
{[25, 24, 16, 15, 6]}
{[5, 4, 2, 1, 0]}
34
7 11 4
5 12 23
10 17 6
7 14 5
0 15 13
1 3 19
14 2 22
0 8 3
7 10 12
10 11 24
8 2 9
0 9 12
1 11 8
4 18 19
3 6 27
16 4 20
15 18 21
2 18 20
16 17 13
5 13 20
15 17 19
22 25 16
21 26 6
24 25 1
23 31 9
21 23 30
22 28 32
29 32 14
26 29 30
27 28 31
25 28 33
24 29 33
26 27 33
30 31 32
104
{[25, 24, 16, 15, 6]}
{[8, 7, 4, 2, 0]}
34
7 11 4
5 12 31
10 17 6
7 14 5
0 15 13
1 3 19
14 2 23
0 8 3
7 10 12
10 11 21
8 2 9
0 9 12
1 11 8
4 18 19
3 6 22
16 4 20
15 18 25
2 18 20
16 17 13
5 13 20
15 17 19
23 24 9
24 25 14
21 27 6
21 22 26
22 30 16
24 28 32
23 29 32
26 29 30
27 28 31
25 28 33
29 33 1
26 27 33
30 31 32
105
{[25, 24, 16, 15, 6]}
{[16, 13, 12, 11, 10]}
34
7 11 4
5 12 26
10 17 6
7 14 5
0 15 13
1 3 19
14 2 32
0 8 3
7 10 12
10 11 27
8 2 9
0 9 12
1 11 8
4 18 19
3 6 31
16 4 20
15 18 33
2 18 20
16 17 13
5 13 20
15 17 19
23 24 25
23 26 27
21 22 28
21 27 30
21 26 29
22 25 1
22 24 9
23 29 30
25 28 32
24 28 31
30 33 14
29 33 6
31 32 16
106
{[25, 24, 16, 15, 6]}
{[17, 16, 14, 12, 10]}
34
7 11 4
5 12 27
10 17 6
7 14 5
0 15 13
1 3 19
14 2 31
0 8 3
7 10 12
10 11 30
8 2 9
0 9 12
1 11 8
4 18 19
3 6 33
16 4 20
15 18 32
2 18 20
16 17 13
5 13 20
15 17 19
23 24 25
23 26 27
21 22 28
21 27 30
21 26 29
22 25 31
22 24 1
23 29 30
25 28 33
24 28 9
26 32 6
31 33 16
29 32 14
107
{[25, 24, 16, 15, 6]}
{[16, 13, 12, 11, 10]}
34
7 11 4
5 12 31
10 17 6
7 14 5
0 15 13
1 3 19
14 2 32
0 8 3
7 10 12
10 11 33
8 2 9
0 9 12
1 11 8
4 18 19
3 6 26
16 4 20
15 18 27
2 18 20
16 17 13
5 13 20
15 17 19
23 24 25
23 26 27
21 22 28
21 27 30
21 26 29
22 25 14
22 24 16
23 29 30
25 28 32
24 28 31
30 33 1
29 33 6
31 32 9
108
{[25, 24, 16, 15, 6]}
{[17, 16, 14, 12, 10]}
34
7 11 4
5 12 33
10 17 6
7 14 5
0 15 13
1 3 19
14 2 31
0 8 3
7 10 12
10 11 32
8 2 9
0 9 12
1 11 8
4 18 19
3 6 27
16 4 20
15 18 30
2 18 20
16 17 13
5 13 20
15 17 19
23 24 25
23 26 27
21 22 28
21 27 30
21 26 29
22 25 31
22 24 14
23 29 30
25 28 33
24 28 16
26 32 6
31 33 9
29 32 1
109
{[25, 24, 16, 15, 6]}
{[17, 16, 15, 13, 11]}
34
7 11 4
5 12 31
10 17 6
7 14 5
0 15 13
1 3 19
14 2 33
0 8 3
7 10 12
10 11 32
8 2 9
0 9 12
1 11 8
4 18 19
3 6 29
16 4 20
15 18 26
2 18 20
16 17 13
5 13 20
15 17 19
23 24 25
23 26 27
21 22 28
21 27 30
21 26 29
22 25 16
22 24 31
23 29 30
25 28 14
24 28 33
27 32 1
31 33 9
30 32 6
110
{[25, 24, 16, 15, 6]}
{[17, 16, 15, 13, 11]}
34
7 11 4
5 12 29
10 17 6
7 14 5
0 15 13
1 3 19
14 2 33
0 8 3
7 10 12
10 11 26
8 2 9
0 9 12
1 11 8
4 18 19
3 6 31
16 4 20
15 18 32
2 18 20
16 17 13
5 13 20
15 17 19
23 24 25
23 26 27
21 22 28
21 27 30
21 26 29
22 25 9
22 24 31
23 29 30
25 28 1
24 28 33
27 32 14
31 33 16
30 32 6
111
{[25, 24, 16, 15, 6]}
{[17, 15, 14, 13, 12]}
34
7 11 4
5 12 32
10 17 6
7 14 5
0 15 13
1 3 19
14 2 31
0 8 3
7 10 12
10 11 33
8 2 9
0 9 12
1 11 8
4 18 19
3 6 30
16 4 20
15 18 29
2 18 20
16 17 13
5 13 20
15 17 19
23 24 25
23 26 27
21 22 28
21 27 30
21 26 29
22 25 32
22 24 31
23 29 30
25 28 16
24 28 14
27 33 6
26 33 1
31 32 9
112
{[25, 24, 16, 15, 6]}
{[17, 15, 14, 13, 12]}
34
7 11 4
5 12 30
10 17 6
7 14 5
0 15 13
1 3 19
14 2 31
0 8 3
7 10 12
10 11 29
8 2 9
0 9 12
1 11 8
4 18 19
3 6 32
16 4 20
15 18 33
2 18 20
16 17 13
5 13 20
15 17 19
23 24 25
23 26 27
21 22 28
21 27 30
21 26 29
22 25 32
22 24 31
23 29 30
25 28 9
24 28 1
27 33 6
26 33 14
31 32 16
113
{[25, 24, 16, 15, 6]}
{[5, 4, 2, 1, 0]}
34
7 11 4
5 12 23
10 17 6
7 14 5
0 15 13
1 3 19
14 2 22
0 8 3
7 10 12
10 11 24
8 2 9
0 9 12
1 11 8
4 18 19
3 6 27
16 4 20
15 18 21
2 18 20
16 17 13
5 13 20
15 17 19
22 25 16
21 26 6
24 25 1
23 31 9
21 23 30
22 28 32
29 32 14
26 29 30
27 28 31
25 28 33
24 29 33
26 27 33
30 31 32
114
{[25, 24, 16, 15, 6]}
{[6, 3, 2, 1, 0]}
34
7 11 4
5 12 26
10 17 6
7 14 5
0 15 13
1 3 19
14 2 25
0 8 3
7 10 12
10 11 23
8 2 9
0 9 12
1 11 8
4 18 19
3 6 21
16 4 20
15 18 22
2 18 20
16 17 13
5 13 20
15 17 19
22 24 14
21 27 16
24 25 9
21 23 31
23 30 6
28 32 1
22 29 32
26 29 30
27 28 31
25 28 33
24 29 33
26 27 33
30 31 32
115
{[25, 24, 16, 15, 6]}
{[8, 7, 4, 2, 0]}
34
7 11 4
5 12 31
10 17 6
7 14 5
0 15 13
1 3 19
14 2 23
0 8 3
7 10 12
10 11 21
8 2 9
0 9 12
1 11 8
4 18 19
3 6 22
16 4 20
15 18 25
2 18 20
16 17 13
5 13 20
15 17 19
23 24 9
24 25 14
21 27 6
21 22 26
22 30 16
24 28 32
23 29 32
26 29 30
27 28 31
25 28 33
29 33 1
26 27 33
30 31 32
116
{[25, 24, 16, 15, 6]}
{[9, 7, 3, 2, 0]}
34
7 11 4
5 12 21
10 17 6
7 14 5
0 15 13
1 3 19
14 2 25
0 8 3
7 10 12
10 11 24
8 2 9
0 9 12
1 11 8
4 18 19
3 6 30
16 4 20
15 18 22
2 18 20
16 17 13
5 13 20
15 17 19
23 24 1
23 25 16
21 22 27
21 26 9
22 31 6
24 28 32
23 29 32
26 29 30
27 28 31
28 33 14
25 29 33
26 27 33
30 31 32
117
{[25, 24, 16, 15, 6]}
{[6, 3, 2, 1, 0]}
34
7 11 4
5 12 21
10 17 6
7 14 5
0 15 13
1 3 19
14 2 25
0 8 3
7 10 12
10 11 22
8 2 9
0 9 12
1 11 8
4 18 19
3 6 26
16 4 20
15 18 23
2 18 20
16 17 13
5 13 20
15 17 19
22 24 1
21 27 9
24 25 16
21 23 31
23 30 6
28 32 14
22 29 32
26 29 30
27 28 31
25 28 33
24 29 33
26 27 33
30 31 32
118
{[25, 24, 16, 15, 6]}
{[9, 7, 3, 2, 0]}
34
7 11 4
5 12 30
10 17 6
7 14 5
0 15 13
1 3 19
14 2 25
0 8 3
7 10 12
10 11 22
8 2 9
0 9 12
1 11 8
4 18 19
3 6 21
16 4 20
15 18 24
2 18 20
16 17 13
5 13 20
15 17 19
23 24 14
23 25 9
21 22 27
21 26 16
22 31 6
24 28 32
23 29 32
26 29 30
27 28 31
28 33 1
25 29 33
26 27 33
30 31 32
119
{[25, 24, 16, 15, 6]}
{[5, 4, 2, 1, 0]}
34
7 11 4
5 12 27
10 17 6
7 14 5
0 15 13
1 3 19
14 2 22
0 8 3
7 10 12
10 11 21
8 2 9
0 9 12
1 11 8
4 18 19
3 6 23
16 4 20
15 18 24
2 18 20
16 17 13
5 13 20
15 17 19
22 25 9
21 26 6
24 25 14
23 31 16
21 23 30
22 28 32
29 32 1
26 29 30
27 28 31
25 28 33
24 29 33
26 27 33
30 31 32
120
{[25, 24, 16, 15, 6]}
{[8, 7, 4, 2, 0]}
34
7 11 4
5 12 22
10 17 6
7 14 5
0 15 13
1 3 19
14 2 23
0 8 3
7 10 12
10 11 25
8 2 9
0 9 12
1 11 8
4 18 19
3 6 31
16 4 20
15 18 21
2 18 20
16 17 13
5 13 20
15 17 19
23 24 16
24 25 1
21 27 6
21 22 26
22 30 9
24 28 32
23 29 32
26 29 30
27 28 31
25 28 33
29 33 14
26 27 33
30 31 32
121
{[25, 24, 16, 15, 6]}
{[16, 13, 12, 11, 10]}
34
7 11 4
5 12 31
10 17 6
7 14 5
0 15 13
1 3 19
14 2 32
0 8 3
7 10 12
10 11 33
8 2 9
0 9 12
1 11 8
4 18 19
3 6 26
16 4 20
15 18 27
2 18 20
16 17 13
5 13 20
15 17 19
23 24 25
23 26 27
21 22 28
21 27 30
21 26 29
22 25 14
22 24 16
23 29 30
25 28 32
24 28 31
30 33 1
29 33 6
31 32 9
122
{[25, 24, 16, 15, 6]}
{[17, 16, 14, 12, 10]}
34
7 11 4
5 12 33
10 17 6
7 14 5
0 15 13
1 3 19
14 2 31
0 8 3
7 10 12
10 11 32
8 2 9
0 9 12
1 11 8
4 18 19
3 6 27
16 4 20
15 18 30
2 18 20
16 17 13
5 13 20
15 17 19
23 24 25
23 26 27
21 22 28
21 27 30
21 26 29
22 25 31
22 24 14
23 29 30
25 28 33
24 28 16
26 32 6
31 33 9
29 32 1
123
{[25, 24, 16, 15, 6]}
{[16, 13, 12, 11, 10]}
34
7 11 4
5 12 26
10 17 6
7 14 5
0 15 13
1 3 19
14 2 32
0 8 3
7 10 12
10 11 27
8 2 9
0 9 12
1 11 8
4 18 19
3 6 31
16 4 20
15 18 33
2 18 20
16 17 13
5 13 20
15 17 19
23 24 25
23 26 27
21 22 28
21 27 30
21 26 29
22 25 1
22 24 9
23 29 30
25 28 32
24 28 31
30 33 14
29 33 6
31 32 16
124
{[25, 24, 16, 15, 6]}
{[17, 16, 14, 12, 10]}
34
7 11 4
5 12 27
10 17 6
7 14 5
0 15 13
1 3 19
14 2 31
0 8 3
7 10 12
10 11 30
8 2 9
0 9 12
1 11 8
4 18 19
3 6 33
16 4 20
15 18 32
2 18 20
16 17 13
5 13 20
15 17 19
23 24 25
23 26 27
21 22 28
21 27 30
21 26 29
22 25 31
22 24 1
23 29 30
25 28 33
24 28 9
26 32 6
31 33 16
29 32 14
125
{[25, 24, 16, 15, 6]}
{[17, 16, 15, 13, 11]}
34
7 11 4
5 12 29
10 17 6
7 14 5
0 15 13
1 3 19
14 2 33
0 8 3
7 10 12
10 11 26
8 2 9
0 9 12
1 11 8
4 18 19
3 6 31
16 4 20
15 18 32
2 18 20
16 17 13
5 13 20
15 17 19
23 24 25
23 26 27
21 22 28
21 27 30
21 26 29
22 25 9
22 24 31
23 29 30
25 28 1
24 28 33
27 32 14
31 33 16
30 32 6
126
{[25, 24, 16, 15, 6]}
{[17, 16, 15, 13, 11]}
34
7 11 4
5 12 31
10 17 6
7 14 5
0 15 13
1 3 19
14 2 33
0 8 3
7 10 12
10 11 32
8 2 9
0 9 12
1 11 8
4 18 19
3 6 29
16 4 20
15 18 26
2 18 20
16 17 13
5 13 20
15 17 19
23 24 25
23 26 27
21 22 28
21 27 30
21 26 29
22 25 16
22 24 31
23 29 30
25 28 14
24 28 33
27 32 1
31 33 9
30 32 6
127
{[25, 24, 16, 15, 6]}
{[17, 15, 14, 13, 12]}
34
7 11 4
5 12 30
10 17 6
7 14 5
0 15 13
1 3 19
14 2 31
0 8 3
7 10 12
10 11 29
8 2 9
0 9 12
1 11 8
4 18 19
3 6 32
16 4 20
15 18 33
2 18 20
16 17 13
5 13 20
15 17 19
23 24 25
23 26 27
21 22 28
21 27 30
21 26 29
22 25 32
22 24 31
23 29 30
25 28 9
24 28 1
27 33 6
26 33 14
31 32 16
128
{[25, 24, 16, 15, 6]}
{[17, 15, 14, 13, 12]}
34
7 11 4
5 12 32
10 17 6
7 14 5
0 15 13
1 3 19
14 2 31
0 8 3
7 10 12
10 11 33
8 2 9
0 9 12
1 11 8
4 18 19
3 6 30
16 4 20
15 18 29
2 18 20
16 17 13
5 13 20
15 17 19
23 24 25
23 26 27
21 22 28
21 27 30
21 26 29
22 25 32
22 24 31
23 29 30
25 28 16
24 28 14
27 33 6
26 33 1
31 32 9
129
{[25, 24, 17, 15, 7]}
{[5, 4, 2, 1, 0]}
34
7 11 4
14 5 12
10 17 24
7 5 22
0 15 13
1 3 19
14 9 23
0 8 3
7 10 12
10 11 6
8 2 9
0 9 12
1 11 8
4 18 19
1 6 21
16 4 20
15 18 27
2 18 20
16 17 13
5 13 20
15 17 19
22 25 14
21 26 3
24 25 6
23 31 2
21 23 30
22 28 32
29 32 16
26 29 30
27 28 31
25 28 33
24 29 33
26 27 33
30 31 32
130
{[25, 24, 17, 15, 7]}
{[6, 3, 2, 1, 0]}
34
7 11 4
14 5 12
10 17 23
7 5 25
0 15 13
1 3 19
14 9 26
0 8 3
7 10 12
10 11 6
8 2 9
0 9 12
1 11 8
4 18 19
1 6 22
16 4 20
15 18 21
2 18 20
16 17 13
5 13 20
15 17 19
22 24 16
21 27 14
24 25 2
21 23 31
23 30 3
28 32 6
22 29 32
26 29 30
27 28 31
25 28 33
24 29 33
26 27 33
30 31 32
131
{[25, 24, 17, 15, 7]}
{[8, 7, 4, 2, 0]}
34
7 11 4
14 5 12
10 17 21
7 5 23
0 15 13
1 3 19
14 9 31
0 8 3
7 10 12
10 11 6
8 2 9
0 9 12
1 11 8
4 18 19
1 6 25
16 4 20
15 18 22
2 18 20
16 17 13
5 13 20
15 17 19
23 24 2
24 25 16
21 27 3
21 22 26
22 30 14
24 28 32
23 29 32
26 29 30
27 28 31
25 28 33
29 33 6
26 27 33
30 31 32
132
{[25, 24, 17, 15, 7]}
{[9, 7, 3, 2, 0]}
34
7 11 4
14 5 12
10 17 24
7 5 25
0 15 13
1 3 19
14 9 21
0 8 3
7 10 12
10 11 6
8 2 9
0 9 12
1 11 8
4 18 19
1 6 22
16 4 20
15 18 30
2 18 20
16 17 13
5 13 20
15 17 19
23 24 6
23 25 14
21 22 27
21 26 2
22 31 3
24 28 32
23 29 32
26 29 30
27 28 31
28 33 16
25 29 33
26 27 33
30 31 32
133
{[25, 24, 17, 15, 7]}
{[6, 3, 2, 1, 0]}
34
7 11 4
14 5 12
10 17 22
7 5 25
0 15 13
1 3 19
14 9 21
0 8 3
7 10 12
10 11 6
8 2 9
0 9 12
1 11 8
4 18 19
1 6 23
16 4 20
15 18 26
2 18 20
16 17 13
5 13 20
15 17 19
22 24 6
21 27 2
24 25 14
21 23 31
23 30 3
28 32 16
22 29 32
26 29 30
27 28 31
25 28 33
24 29 33
26 27 33
30 31 32
134
{[25, 24, 17, 15, 7]}
{[9, 7, 3, 2, 0]}
34
7 11 4
14 5 12
10 17 22
7 5 25
0 15 13
1 3 19
14 9 30
0 8 3
7 10 12
10 11 6
8 2 9
0 9 12
1 11 8
4 18 19
1 6 24
16 4 20
15 18 21
2 18 20
16 17 13
5 13 20
15 17 19
23 24 16
23 25 2
21 22 27
21 26 14
22 31 3
24 28 32
23 29 32
26 29 30
27 28 31
28 33 6
25 29 33
26 27 33
30 31 32
135
{[25, 24, 17, 15, 7]}
{[5, 4, 2, 1, 0]}
34
7 11 4
14 5 12
10 17 21
7 5 22
0 15 13
1 3 19
14 9 27
0 8 3
7 10 12
10 11 6
8 2 9
0 9 12
1 11 8
4 18 19
1 6 24
16 4 20
15 18 23
2 18 20
16 17 13
5 13 20
15 17 19
22 25 2
21 26 3
24 25 16
23 31 14
21 23 30
22 28 32
29 32 6
26 29 30
27 28 31
25 28 33
24 29 33
26 27 33
30 31 32
136
{[25, 24, 17, 15, 7]}
{[8, 7, 4, 2, 0]}
34
7 11 4
14 5 12
10 17 25
7 5 23
0 15 13
1 3 19
14 9 22
0 8 3
7 10 12
10 11 6
8 2 9
0 9 12
1 11 8
4 18 19
1 6 21
16 4 20
15 18 31
2 18 20
16 17 13
5 13 20
15 17 19
23 24 14
24 25 6
21 27 3
21 22 26
22 30 2
24 28 32
23 29 32
26 29 30
27 28 31
25 28 33
29 33 16
26 27 33
30 31 32
137
{[25, 24, 17, 15, 7]}
{[16, 13, 12, 11, 10]}
34
7 11 4
14 5 12
10 17 33
7 5 32
0 15 13
1 3 19
14 9 31
0 8 3
7 10 12
10 11 6
8 2 9
0 9 12
1 11 8
4 18 19
1 6 27
16 4 20
15 18 26
2 18 20
16 17 13
5 13 20
15 17 19
23 24 25
23 26 27
21 22 28
21 27 30
21 26 29
22 25 16
22 24 14
23 29 30
25 28 32
24 28 31
30 33 6
29 33 3
31 32 2
138
{[25, 24, 17, 15, 7]}
{[17, 16, 14, 12, 10]}
34
7 11 4
14 5 12
10 17 32
7 5 31
0 15 13
1 3 19
14 9 33
0 8 3
7 10 12
10 11 6
8 2 9
0 9 12
1 11 8
4 18 19
1 6 30
16 4 20
15 18 27
2 18 20
16 17 13
5 13 20
15 17 19
23 24 25
23 26 27
21 22 28
21 27 30
21 26 29
22 25 31
22 24 16
23 29 30
25 28 33
24 28 14
26 32 3
31 33 2
29 32 6
139
{[25, 24, 17, 15, 7]}
{[16, 13, 12, 11, 10]}
34
7 11 4
14 5 12
10 17 27
7 5 32
0 15 13
1 3 19
14 9 26
0 8 3
7 10 12
10 11 6
8 2 9
0 9 12
1 11 8
4 18 19
1 6 33
16 4 20
15 18 31
2 18 20
16 17 13
5 13 20
15 17 19
23 24 25
23 26 27
21 22 28
21 27 30
21 26 29
22 25 6
22 24 2
23 29 30
25 28 32
24 28 31
30 33 16
29 33 3
31 32 14
140
{[25, 24, 17, 15, 7]}
{[17, 16, 14, 12, 10]}
34
7 11 4
14 5 12
10 17 30
7 5 31
0 15 13
1 3 19
14 9 27
0 8 3
7 10 12
10 11 6
8 2 9
0 9 12
1 11 8
4 18 19
1 6 32
16 4 20
15 18 33
2 18 20
16 17 13
5 13 20
15 17 19
23 24 25
23 26 27
21 22 28
21 27 30
21 26 29
22 25 31
22 24 6
23 29 30
25 28 33
24 28 2
26 32 3
31 33 14
29 32 16
141
{[25, 24, 17, 15, 7]}
{[17, 16, 15, 13, 11]}
34
7 11 4
14 5 12
10 17 26
7 5 33
0 15 13
1 3 19
14 9 29
0 8 3
7 10 12
10 11 6
8 2 9
0 9 12
1 11 8
4 18 19
1 6 32
16 4 20
15 18 31
2 18 20
16 17 13
5 13 20
15 17 19
23 24 25
23 26 27
21 22 28
21 27 30
21 26 29
22 25 2
22 24 31
23 29 30
25 28 6
24 28 33
27 32 16
31 33 14
30 32 3
142
{[25, 24, 17, 15, 7]}
{[17, 16, 15, 13, 11]}
34
7 11 4
14 5 12
10 17 32
7 5 33
0 15 13
1 3 19
14 9 31
0 8 3
7 10 12
10 11 6
8 2 9
0 9 12
1 11 8
4 18 19
1 6 26
16 4 20
15 18 29
2 18 20
16 17 13
5 13 20
15 17 19
23 24 25
23 26 27
21 22 28
21 27 30
21 26 29
22 25 14
22 24 31
23 29 30
25 28 16
24 28 33
27 32 6
31 33 2
30 32 3
143
{[25, 24, 17, 15, 7]}
{[17, 15, 14, 13, 12]}
34
7 11 4
14 5 12
10 17 29
7 5 31
0 15 13
1 3 19
14 9 30
0 8 3
7 10 12
10 11 6
8 2 9
0 9 12
1 11 8
4 18 19
1 6 33
16 4 20
15 18 32
2 18 20
16 17 13
5 13 20
15 17 19
23 24 25
23 26 27
21 22 28
21 27 30
21 26 29
22 25 32
22 24 31
23 29 30
25 28 2
24 28 6
27 33 3
26 33 16
31 32 14
144
{[25, 24, 17, 15, 7]}
{[17, 15, 14, 13, 12]}
34
7 11 4
14 5 12
10 17 33
7 5 31
0 15 13
1 3 19
14 9 32
0 8 3
7 10 12
10 11 6
8 2 9
0 9 12
1 11 8
4 18 19
1 6 29
16 4 20
15 18 30
2 18 20
16 17 13
5 13 20
15 17 19
23 24 25
23 26 27
21 22 28
21 27 30
21 26 29
22 25 32
22 24 31
23 29 30
25 28 14
24 28 16
27 33 3
26 33 6
31 32 2
145
{[25, 24, 17, 15, 7]}
{[5, 4, 2, 1, 0]}
34
7 11 4
14 5 12
10 17 21
7 5 22
0 15 13
1 3 19
14 9 27
0 8 3
7 10 12
10 11 6
8 2 9
0 9 12
1 11 8
4 18 19
1 6 24
16 4 20
15 18 23
2 18 20
16 17 13
5 13 20
15 17 19
22 25 2
21 26 3
24 25 16
23 31 14
21 23 30
22 28 32
29 32 6
26 29 30
27 28 31
25 28 33
24 29 33
26 27 33
30 31 32
146
{[25, 24, 17, 15, 7]}
{[6, 3, 2, 1, 0]}
34
7 11 4
14 5 12
10 17 22
7 5 25
0 15 13
1 3 19
14 9 21
0 8 3
7 10 12
10 11 6
8 2 9
0 9 12
1 11 8
4 18 19
1 6 23
16 4 20
15 18 26
2 18 20
16 17 13
5 13 20
15 17 19
22 24 6
21 27 2
24 25 14
21 23 31
23 30 3
28 32 16
22 29 32
26 29 30
27 28 31
25 28 33
24 29 33
26 27 33
30 31 32
147
{[25, 24, 17, 15, 7]}
{[8, 7, 4, 2, 0]}
34
7 11 4
14 5 12
10 17 25
7 5 23
0 15 13
1 3 19
14 9 22
0 8 3
7 10 12
10 11 6
8 2 9
0 9 12
1 11 8
4 18 19
1 6 21
16 4 20
15 18 31
2 18 20
16 17 13
5 13 20
15 17 19
23 24 14
24 25 6
21 27 3
21 22 26
22 30 2
24 28 32
23 29 32
26 29 30
27 28 31
25 28 33
29 33 16
26 27 33
30 31 32
148
{[25, 24, 17, 15, 7]}
{[9, 7, 3, 2, 0]}
34
7 11 4
14 5 12
10 17 22
7 5 25
0 15 13
1 3 19
14 9 30
0 8 3
7 10 12
10 11 6
8 2 9
0 9 12
1 11 8
4 18 19
1 6 24
16 4 20
15 18 21
2 18 20
16 17 13
5 13 20
15 17 19
23 24 16
23 25 2
21 22 27
21 26 14
22 31 3
24 28 32
23 29 32
26 29 30
27 28 31
28 33 6
25 29 33
26 27 33
30 31 32
149
{[25, 24, 17, 15, 7]}
{[6, 3, 2, 1, 0]}
34
7 11 4
14 5 12
10 17 23
7 5 25
0 15 13
1 3 19
14 9 26
0 8 3
7 10 12
10 11 6
8 2 9
0 9 12
1 11 8
4 18 19
1 6 22
16 4 20
15 18 21
2 18 20
16 17 13
5 13 20
15 17 19
22 24 16
21 27 14
24 25 2
21 23 31
23 30 3
28 32 6
22 29 32
26 29 30
27 28 31
25 28 33
24 29 33
26 27 33
30 31 32
150
{[25, 24, 17, 15, 7]}
{[9, 7, 3, 2, 0]}
34
7 11 4
14 5 12
10 17 24
7 5 25
0 15 13
1 3 19
14 9 21
0 8 3
7 10 12
10 11 6
8 2 9
0 9 12
1 11 8
4 18 19
1 6 22
16 4 20
15 18 30
2 18 20
16 17 13
5 13 20
15 17 19
23 24 6
23 25 14
21 22 27
21 26 2
22 31 3
24 28 32
23 29 32
26 29 30
27 28 31
28 33 16
25 29 33
26 27 33
30 31 32
151
{[25, 24, 17, 15, 7]}
{[5, 4, 2, 1, 0]}
34
7 11 4
14 5 12
10 17 24
7 5 22
0 15 13
1 3 19
14 9 23
0 8 3
7 10 12
10 11 6
8 2 9
0 9 12
1 11 8
4 18 19
1 6 21
16 4 20
15 18 27
2 18 20
16 17 13
5 13 20
15 17 19
22 25 14
21 26 3
24 25 6
23 31 2
21 23 30
22 28 32
29 32 16
26 29 30
27 28 31
25 28 33
24 29 33
26 27 33
30 31 32
152
{[25, 24, 17, 15, 7]}
{[8, 7, 4, 2, 0]}
34
7 11 4
14 5 12
10 17 21
7 5 23
0 15 13
1 3 19
14 9 31
0 8 3
7 10 12
10 11 6
8 2 9
0 9 12
1 11 8
4 18 19
1 6 25
16 4 20
15 18 22
2 18 20
16 17 13
5 13 20
15 17 19
23 24 2
24 25 16
21 27 3
21 22 26
22 30 14
24 28 32
23 29 32
26 29 30
27 28 31
25 28 33
29 33 6
26 27 33
30 31 32
153
{[25, 24, 17, 15, 7]}
{[16, 13, 12, 11, 10]}
34
7 11 4
14 5 12
10 17 27
7 5 32
0 15 13
1 3 19
14 9 26
0 8 3
7 10 12
10 11 6
8 2 9
0 9 12
1 11 8
4 18 19
1 6 33
16 4 20
15 18 31
2 18 20
16 17 13
5 13 20
15 17 19
23 24 25
23 26 27
21 22 28
21 27 30
21 26 29
22 25 6
22 24 2
23 29 30
25 28 32
24 28 31
30 33 16
29 33 3
31 32 14
154
{[25, 24, 17, 15, 7]}
{[17, 16, 14, 12, 10]}
34
7 11 4
14 5 12
10 17 30
7 5 31
0 15 13
1 3 19
14 9 27
0 8 3
7 10 12
10 11 6
8 2 9
0 9 12
1 11 8
4 18 19
1 6 32
16 4 20
15 18 33
2 18 20
16 17 13
5 13 20
15 17 19
23 24 25
23 26 27
21 22 28
21 27 30
21 26 29
22 25 31
22 24 6
23 29 30
25 28 33
24 28 2
26 32 3
31 33 14
29 32 16
155
{[25, 24, 17, 15, 7]}
{[16, 13, 12, 11, 10]}
34
7 11 4
14 5 12
10 17 33
7 5 32
0 15 13
1 3 19
14 9 31
0 8 3
7 10 12
10 11 6
8 2 9
0 9 12
1 11 8
4 18 19
1 6 27
16 4 20
15 18 26
2 18 20
16 17 13
5 13 20
15 17 19
23 24 25
23 26 27
21 22 28
21 27 30
21 26 29
22 25 16
22 24 14
23 29 30
25 28 32
24 28 31
30 33 6
29 33 3
31 32 2
156
{[25, 24, 17, 15, 7]}
{[17, 16, 14, 12, 10]}
34
7 11 4
14 5 12
10 17 32
7 5 31
0 15 13
1 3 19
14 9 33
0 8 3
7 10 12
10 11 6
8 2 9
0 9 12
1 11 8
4 18 19
1 6 30
16 4 20
15 18 27
2 18 20
16 17 13
5 13 20
15 17 19
23 24 25
23 26 27
21 22 28
21 27 30
21 26 29
22 25 31
22 24 16
23 29 30
25 28 33
24 28 14
26 32 3
31 33 2
29 32 6
157
{[25, 24, 17, 15, 7]}
{[17, 16, 15, 13, 11]}
34
7 11 4
14 5 12
10 17 32
7 5 33
0 15 13
1 3 19
14 9 31
0 8 3
7 10 12
10 11 6
8 2 9
0 9 12
1 11 8
4 18 19
1 6 26
16 4 20
15 18 29
2 18 20
16 17 13
5 13 20
15 17 19
23 24 25
23 26 27
21 22 28
21 27 30
21 26 29
22 25 14
22 24 31
23 29 30
25 28 16
24 28 33
27 32 6
31 33 2
30 32 3
158
{[25, 24, 17, 15, 7]}
{[17, 16, 15, 13, 11]}
34
7 11 4
14 5 12
10 17 26
7 5 33
0 15 13
1 3 19
14 9 29
0 8 3
7 10 12
10 11 6
8 2 9
0 9 12
1 11 8
4 18 19
1 6 32
16 4 20
15 18 31
2 18 20
16 17 13
5 13 20
15 17 19
23 24 25
23 26 27
21 22 28
21 27 30
21 26 29
22 25 2
22 24 31
23 29 30
25 28 6
24 28 33
27 32 16
31 33 14
30 32 3
159
{[25, 24, 17, 15, 7]}
{[17, 15, 14, 13, 12]}
34
7 11 4
14 5 12
10 17 33
7 5 31
0 15 13
1 3 19
14 9 32
0 8 3
7 10 12
10 11 6
8 2 9
0 9 12
1 11 8
4 18 19
1 6 29
16 4 20
15 18 30
2 18 20
16 17 13
5 13 20
15 17 19
23 24 25
23 26 27
21 22 28
21 27 30
21 26 29
22 25 32
22 24 31
23 29 30
25 28 14
24 28 16
27 33 3
26 33 6
31 32 2
160
{[25, 24, 17, 15, 7]}
{[17, 15, 14, 13, 12]}
34
7 11 4
14 5 12
10 17 29
7 5 31
0 15 13
1 3 19
14 9 30
0 8 3
7 10 12
10 11 6
8 2 9
0 9 12
1 11 8
4 18 19
1 6 33
16 4 20
15 18 32
2 18 20
16 17 13
5 13 20
15 17 19
23 24 25
23 26 27
21 22 28
21 27 30
21 26 29
22 25 32
22 24 31
23 29 30
25 28 2
24 28 6
27 33 3
26 33 16
31 32 14
161
{[13, 12, 11, 10, 9]}
{[5, 4, 2, 1, 0]}
34
8 4 23
11 5 27
15 7 22
8 12 5
0 13 9
1 3 17
11 10 24
12 2 10
0 3 21
4 16 17
19 6 7
1 6 20
20 3 7
14 4 18
19 13 16
2 16 18
14 15 9
5 9 18
13 15 17
20 14 10
11 12 19
22 25 8
21 26 2
24 25 0
23 31 6
21 23 30
22 28 32
29 32 1
26 29 30
27 28 31
25 28 33
24 29 33
26 27 33
30 31 32
162
{[13, 12, 11, 10, 9]}
{[6, 3, 2, 1, 0]}
34
8 4 26
11 5 21
15 7 25
8 12 5
0 13 9
1 3 17
11 10 23
12 2 10
0 3 22
4 16 17
19 6 7
1 6 20
20 3 7
14 4 18
19 13 16
2 16 18
14 15 9
5 9 18
13 15 17
20 14 10
11 12 19
22 24 1
21 27 8
24 25 6
21 23 31
23 30 2
28 32 0
22 29 32
26 29 30
27 28 31
25 28 33
24 29 33
26 27 33
30 31 32
163
{[13, 12, 11, 10, 9]}
{[8, 7, 4, 2, 0]}
34
8 4 31
11 5 22
15 7 23
8 12 5
0 13 9
1 3 17
11 10 21
12 2 10
0 3 25
4 16 17
19 6 7
1 6 20
20 3 7
14 4 18
19 13 16
2 16 18
14 15 9
5 9 18
13 15 17
20 14 10
11 12 19
23 24 6
24 25 1
21 27 2
21 22 26
22 30 8
24 28 32
23 29 32
26 29 30
27 28 31
25 28 33
29 33 0
26 27 33
30 31 32
164
{[13, 12, 11, 10, 9]}
{[9, 7, 3, 2, 0]}
34
8 4 21
11 5 30
15 7 25
8 12 5
0 13 9
1 3 17
11 10 24
12 2 10
0 3 22
4 16 17
19 6 7
1 6 20
20 3 7
14 4 18
19 13 16
2 16 18
14 15 9
5 9 18
13 15 17
20 14 10
11 12 19
23 24 0
23 25 8
21 22 27
21 26 6
22 31 2
24 28 32
23 29 32
26 29 30
27 28 31
28 33 1
25 29 33
26 27 33
30 31 32
165
{[13, 12, 11, 10, 9]}
{[6, 3, 2, 1, 0]}
34
8 4 21
11 5 26
15 7 25
8 12 5
0 13 9
1 3 17
11 10 22
12 2 10
0 3 23
4 16 17
19 6 7
1 6 20
20 3 7
14 4 18
19 13 16
2 16 18
14 15 9
5 9 18
13 15 17
20 14 10
11 12 19
22 24 0
21 27 6
24 25 8
21 23 31
23 30 2
28 32 1
22 29 32
26 29 30
27 28 31
25 28 33
24 29 33
26 27 33
30 31 32
166
{[13, 12, 11, 10, 9]}
{[9, 7, 3, 2, 0]}
34
8 4 30
11 5 21
15 7 25
8 12 5
0 13 9
1 3 17
11 10 22
12 2 10
0 3 24
4 16 17
19 6 7
1 6 20
20 3 7
14 4 18
19 13 16
2 16 18
14 15 9
5 9 18
13 15 17
20 14 10
11 12 19
23 24 1
23 25 6
21 22 27
21 26 8
22 31 2
24 28 32
23 29 32
26 29 30
27 28 31
28 33 0
25 29 33
26 27 33
30 31 32
167
{[13, 12, 11, 10, 9]}
{[5, 4, 2, 1, 0]}
34
8 4 27
11 5 23
15 7 22
8 12 5
0 13 9
1 3 17
11 10 21
12 2 10
0 3 24
4 16 17
19 6 7
1 6 20
20 3 7
14 4 18
19 13 16
2 16 18
14 15 9
5 9 18
13 15 17
20 14 10
11 12 19
22 25 6
21 26 2
24 25 1
23 31 8
21 23 30
22 28 32
29 32 0
26 29 30
27 28 31
25 28 33
24 29 33
26 27 33
30 31 32
168
{[13, 12, 11, 10, 9]}
{[8, 7, 4, 2, 0]}
34
8 4 22
11 5 31
15 7 23
8 12 5
0 13 9
1 3 17
11 10 25
12 2 10
0 3 21
4 16 17
19 6 7
1 6 20
20 3 7
14 4 18
19 13 16
2 16 18
14 15 9
5 9 18
13 15 17
20 14 10
11 12 19
23 24 8
24 25 0
21 27 2
21 22 26
22 30 6
24 28 32
23 29 32
26 29 30
27 28 31
25 28 33
29 33 1
26 27 33
30 31 32
169
{[13, 12, 11, 10, 9]}
{[16, 13, 12, 11, 10]}
34
8 4 31
11 5 26
15 7 32
8 12 5
0 13 9
1 3 17
11 10 33
12 2 10
0 3 27
4 16 17
19 6 7
1 6 20
20 3 7
14 4 18
19 13 16
2 16 18
14 15 9
5 9 18
13 15 17
20 14 10
11 12 19
23 24 25
23 26 27
21 22 28
21 27 30
21 26 29
22 25 1
22 24 8
23 29 30
25 28 32
24 28 31
30 33 0
29 33 2
31 32 6
170
{[13, 12, 11, 10, 9]}
{[17, 16, 14, 12, 10]}
34
8 4 33
11 5 27
15 7 31
8 12 5
0 13 9
1 3 17
11 10 32
12 2 10
0 3 30
4 16 17
19 6 7
1 6 20
20 3 7
14 4 18
19 13 16
2 16 18
14 15 9
5 9 18
13 15 17
20 14 10
11 12 19
23 24 25
23 26 27
21 22 28
21 27 30
21 26 29
22 25 31
22 24 1
23 29 30
25 28 33
24 28 8
26 32 2
31 33 6
29 32 0
171
{[13, 12, 11, 10, 9]}
{[16, 13, 12, 11, 10]}
34
8 4 26
11 5 31
15 7 32
8 12 5
0 13 9
1 3 17
11 10 27
12 2 10
0 3 33
4 16 17
19 6 7
1 6 20
20 3 7
14 4 18
19 13 16
2 16 18
14 15 9
5 9 18
13 15 17
20 14 10
11 12 19
23 24 25
23 26 27
21 22 28
21 27 30
21 26 29
22 25 0
22 24 6
23 29 30
25 28 32
24 28 31
30 33 1
29 33 2
31 32 8
172
{[13, 12, 11, 10, 9]}
{[17, 16, 14, 12, 10]}
34
8 4 27
11 5 33
15 7 31
8 12 5
0 13 9
1 3 17
11 10 30
12 2 10
0 3 32
4 16 17
19 6 7
1 6 20
20 3 7
14 4 18
19 13 16
2 16 18
14 15 9
5 9 18
13 15 17
20 14 10
11 12 19
23 24 25
23 26 27
21 22 28
21 27 30
21 26 29
22 25 31
22 24 0
23 29 30
25 28 33
24 28 6
26 32 2
31 33 8
29 32 1
173
{[13, 12, 11, 10, 9]}
{[17, 16, 15, 13, 11]}
34
8 4 29
11 5 31
15 7 33
8 12 5
0 13 9
1 3 17
11 10 26
12 2 10
0 3 32
4 16 17
19 6 7
1 6 20
20 3 7
14 4 18
19 13 16
2 16 18
14 15 9
5 9 18
13 15 17
20 14 10
11 12 19
23 24 25
23 26 27
21 22 28
21 27 30
21 26 29
22 25 6
22 24 31
23 29 30
25 28 0
24 28 33
27 32 1
31 33 8
30 32 2
174
{[13, 12, 11, 10, 9]}
{[17, 16, 15, 13, 11]}
34
8 4 31
11 5 29
15 7 33
8 12 5
0 13 9
1 3 17
11 10 32
12 2 10
0 3 26
4 16 17
19 6 7
1 6 20
20 3 7
14 4 18
19 13 16
2 16 18
14 15 9
5 9 18
13 15 17
20 14 10
11 12 19
23 24 25
23 26 27
21 22 28
21 27 30
21 26 29
22 25 8
22 24 31
23 29 30
25 28 1
24 28 33
27 32 0
31 33 6
30 32 2
175
{[13, 12, 11, 10, 9]}
{[17, 15, 14, 13, 12]}
34
8 4 30
11 5 32
15 7 31
8 12 5
0 13 9
1 3 17
11 10 29
12 2 10
0 3 33
4 16 17
19 6 7
1 6 20
20 3 7
14 4 18
19 13 16
2 16 18
14 15 9
5 9 18
13 15 17
20 14 10
11 12 19
23 24 25
23 26 27
21 22 28
21 27 30
21 26 29
22 25 32
22 24 31
23 29 30
25 28 6
24 28 0
27 33 2
26 33 1
31 32 8
176
{[13, 12, 11, 10, 9]}
{[17, 15, 14, 13, 12]}
34
8 4 32
11 5 30
15 7 31
8 12 5
0 13 9
1 3 17
11 10 33
12 2 10
0 3 29
4 16 17
19 6 7
1 6 20
20 3 7
14 4 18
19 13 16
2 16 18
14 15 9
5 9 18
13 15 17
20 14 10
11 12 19
23 24 25
23 26 27
21 22 28
21 27 30
21 26 29
22 25 32
22 24 31
23 29 30
25 28 8
24 28 1
27 33 2
26 33 0
31 32 6
177
{[13, 12, 11, 10, 9]}
{[5, 4, 2, 1, 0]}
34
8 4 27
11 5 23
15 7 22
8 12 5
0 13 9
1 3 17
11 10 21
12 2 10
0 3 24
4 16 17
19 6 7
1 6 20
20 3 7
14 4 18
19 13 16
2 16 18
14 15 9
5 9 18
13 15 17
20 14 10
11 12 19
22 25 6
21 26 2
24 25 1
23 31 8
21 23 30
22 28 32
29 32 0
26 29 30
27 28 31
25 28 33
24 29 33
26 27 33
30 31 32
178
{[13, 12, 11, 10, 9]}
{[6, 3, 2, 1, 0]}
34
8 4 21
11 5 26
15 7 25
8 12 5
0 13 9
1 3 17
11 10 22
12 2 10
0 3 23
4 16 17
19 6 7
1 6 20
20 3 7
14 4 18
19 13 16
2 16 18
14 15 9
5 9 18
13 15 17
20 14 10
11 12 19
22 24 0
21 27 6
24 25 8
21 23 31
23 30 2
28 32 1
22 29 32
26 29 30
27 28 31
25 28 33
24 29 33
26 27 33
30 31 32
179
{[13, 12, 11, 10, 9]}
{[8, 7, 4, 2, 0]}
34
8 4 22
11 5 31
15 7 23
8 12 5
0 13 9
1 3 17
11 10 25
12 2 10
0 3 21
4 16 17
19 6 7
1 6 20
20 3 7
14 4 18
19 13 16
2 16 18
14 15 9
5 9 18
13 15 17
20 14 10
11 12 19
23 24 8
24 25 0
21 27 2
21 22 26
22 30 6
24 28 32
23 29 32
26 29 30
27 28 31
25 28 33
29 33 1
26 27 33
30 31 32
180
{[13, 12, 11, 10, 9]}
{[9, 7, 3, 2, 0]}
34
8 4 30
11 5 21
15 7 25
8 12 5
0 13 9
1 3 17
11 10 22
12 2 10
0 3 24
4 16 17
19 6 7
1 6 20
20 3 7
14 4 18
19 13 16
2 16 18
14 15 9
5 9 18
13 15 17
20 14 10
11 12 19
23 24 1
23 25 6
21 22 27
21 26 8
22 31 2
24 28 32
23 29 32
26 29 30
27 28 31
28 33 0
25 29 33
26 27 33
30 31 32
181
{[13, 12, 11, 10, 9]}
{[6, 3, 2, 1, 0]}
34
8 4 26
11 5 21
15 7 25
8 12 5
0 13 9
1 3 17
11 10 23
12 2 10
0 3 22
4 16 17
19 6 7
1 6 20
20 3 7
14 4 18
19 13 16
2 16 18
14 15 9
5 9 18
13 15 17
20 14 10
11 12 19
22 24 1
21 27 8
24 25 6
21 23 31
23 30 2
28 32 0
22 29 32
26 29 30
27 28 31
25 28 33
24 29 33
26 27 33
30 31 32
182
{[13, 12, 11, 10, 9]}
{[9, 7, 3, 2, 0]}
34
8 4 21
11 5 30
15 7 25
8 12 5
0 13 9
1 3 17
11 10 24
12 2 10
0 3 22
4 16 17
19 6 7
1 6 20
20 3 7
14 4 18
19 13 16
2 16 18
14 15 9
5 9 18
13 15 17
20 14 10
11 12 19
23 24 0
23 25 8
21 22 27
21 26 6
22 31 2
24 28 32
23 29 32
26 29 30
27 28 31
28 33 1
25 29 33
26 27 33
30 31 32
183
{[13, 12, 11, 10, 9]}
{[5, 4, 2, 1, 0]}
34
8 4 23
11 5 27
15 7 22
8 12 5
0 13 9
1 3 17
11 10 24
12 2 10
0 3 21
4 16 17
19 6 7
1 6 20
20 3 7
14 4 18
19 13 16
2 16 18
14 15 9
5 9 18
13 15 17
20 14 10
11 12 19
22 25 8
21 26 2
24 25 0
23 31 6
21 23 30
22 28 32
29 32 1
26 29 30
27 28 31
25 28 33
24 29 33
26 27 33
30 31 32
184
{[13, 12, 11, 10, 9]}
{[8, 7, 4, 2, 0]}
34
8 4 31
11 5 22
15 7 23
8 12 5
0 13 9
1 3 17
11 10 21
12 2 10
0 3 25
4 16 17
19 6 7
1 6 20
20 3 7
14 4 18
19 13 16
2 16 18
14 15 9
5 9 18
13 15 17
20 14 10
11 12 19
23 24 6
24 25 1
21 27 2
21 22 26
22 30 8
24 28 32
23 29 32
26 29 30
27 28 31
25 28 33
29 33 0
26 27 33
30 31 32
185
{[13, 12, 11, 10, 9]}
{[16, 13, 12, 11, 10]}
34
8 4 26
11 5 31
15 7 32
8 12 5
0 13 9
1 3 17
11 10 27
12 2 10
0 3 33
4 16 17
19 6 7
1 6 20
20 3 7
14 4 18
19 13 16
2 16 18
14 15 9
5 9 18
13 15 17
20 14 10
11 12 19
23 24 25
23 26 27
21 22 28
21 27 30
21 26 29
22 25 0
22 24 6
23 29 30
25 28 32
24 28 31
30 33 1
29 33 2
31 32 8
186
{[13, 12, 11, 10, 9]}
{[17, 16, 14, 12, 10]}
34
8 4 27
11 5 33
15 7 31
8 12 5
0 13 9
1 3 17
11 10 30
12 2 10
0 3 32
4 16 17
19 6 7
1 6 20
20 3 7
14 4 18
19 13 16
2 16 18
14 15 9
5 9 18
13 15 17
20 14 10
11 12 19
23 24 25
23 26 27
21 22 28
21 27 30
21 26 29
22 25 31
22 24 0
23 29 30
25 28 33
24 28 6
26 32 2
31 33 8
29 32 1
187
{[13, 12, 11, 10, 9]}
{[16, 13, 12, 11, 10]}
34
8 4 31
11 5 26
15 7 32
8 12 5
0 13 9
1 3 17
11 10 33
12 2 10
0 3 27
4 16 17
19 6 7
1 6 20
20 3 7
14 4 18
19 13 16
2 16 18
14 15 9
5 9 18
13 15 17
20 14 10
11 12 19
23 24 25
23 26 27
21 22 28
21 27 30
21 26 29
22 25 1
22 24 8
23 29 30
25 28 32
24 28 31
30 33 0
29 33 2
31 32 6
188
{[13, 12, 11, 10, 9]}
{[17, 16, 14, 12, 10]}
34
8 4 33
11 5 27
15 7 31
8 12 5
0 13 9
1 3 17
11 10 32
12 2 10
0 3 30
4 16 17
19 6 7
1 6 20
20 3 7
14 4 18
19 13 16
2 16 18
14 15 9
5 9 18
13 15 17
20 14 10
11 12 19
23 24 25
23 26 27
21 22 28
21 27 30
21 26 29
22 25 31
22 24 1
23 29 30
25 28 33
24 28 8
26 32 2
31 33 6
29 32 0
189
{[13, 12, 11, 10, 9]}
{[17, 16, 15, 13, 11]}
34
8 4 31
11 5 29
15 7 33
8 12 5
0 13 9
1 3 17
11 10 32
12 2 10
0 3 26
4 16 17
19 6 7
1 6 20
20 3 7
14 4 18
19 13 16
2 16 18
14 15 9
5 9 18
13 15 17
20 14 10
11 12 19
23 24 25
23 26 27
21 22 28
21 27 30
21 26 29
22 25 8
22 24 31
23 29 30
25 28 1
24 28 33
27 32 0
31 33 6
30 32 2
190
{[13, 12, 11, 10, 9]}
{[17, 16, 15, 13, 11]}
34
8 4 29
11 5 31
15 7 33
8 12 5
0 13 9
1 3 17
11 10 26
12 2 10
0 3 32
4 16 17
19 6 7
1 6 20
20 3 7
14 4 18
19 13 16
2 16 18
14 15 9
5 9 18
13 15 17
20 14 10
11 12 19
23 24 25
23 26 27
21 22 28
21 27 30
21 26 29
22 25 6
22 24 31
23 29 30
25 28 0
24 28 33
27 32 1
31 33 8
30 32 2
191
{[13, 12, 11, 10, 9]}
{[17, 15, 14, 13, 12]}
34
8 4 32
11 5 30
15 7 31
8 12 5
0 13 9
1 3 17
11 10 33
12 2 10
0 3 29
4 16 17
19 6 7
1 6 20
20 3 7
14 4 18
19 13 16
2 16 18
14 15 9
5 9 18
13 15 17
20 14 10
11 12 19
23 24 25
23 26 27
21 22 28
21 27 30
21 26 29
22 25 32
22 24 31
23 29 30
25 28 8
24 28 1
27 33 2
26 33 0
31 32 6
192
{[13, 12, 11, 10, 9]}
{[17, 15, 14, 13, 12]}
34
8 4 30
11 5 32
15 7 31
8 12 5
0 13 9
1 3 17
11 10 29
12 2 10
0 3 33
4 16 17
19 6 7
1 6 20
20 3 7
14 4 18
19 13 16
2 16 18
14 15 9
5 9 18
13 15 17
20 14 10
11 12 19
23 24 25
23 26 27
21 22 28
21 27 30
21 26 29
22 25 32
22 24 31
23 29 30
25 28 6
24 28 0
27 33 2
26 33 1
31 32 8
193
{[23, 22, 21, 20, 14]}
{[5, 4, 2, 1, 0]}
34
8 12 4
15 5 13
11 7 24
8 16 5
0 17 21
1 3 27
15 10 14
16 2 14
0 9 3
8 11 13
11 12 6
9 2 10
0 10 13
1 12 9
19 6 7
1 6 20
20 3 7
18 4 23
19 17 22
20 18 14
15 16 19
22 25 4
21 26 18
24 25 17
23 31 2
21 23 30
22 28 32
29 32 5
26 29 30
27 28 31
25 28 33
24 29 33
26 27 33
30 31 32
194
{[23, 22, 21, 20, 14]}
{[6, 3, 2, 1, 0]}
34
8 12 4
15 5 13
11 7 23
8 16 5
0 17 22
1 3 21
15 10 14
16 2 14
0 9 3
8 11 13
11 12 6
9 2 10
0 10 13
1 12 9
19 6 7
1 6 20
20 3 7
18 4 26
19 17 25
20 18 14
15 16 19
22 24 5
21 27 4
24 25 2
21 23 31
23 30 18
28 32 17
22 29 32
26 29 30
27 28 31
25 28 33
24 29 33
26 27 33
30 31 32
195
{[23, 22, 21, 20, 14]}
{[8, 7, 4, 2, 0]}
34
8 12 4
15 5 13
11 7 21
8 16 5
0 17 25
1 3 22
15 10 14
16 2 14
0 9 3
8 11 13
11 12 6
9 2 10
0 10 13
1 12 9
19 6 7
1 6 20
20 3 7
18 4 31
19 17 23
20 18 14
15 16 19
23 24 2
24 25 5
21 27 18
21 22 26
22 30 4
24 28 32
23 29 32
26 29 30
27 28 31
25 28 33
29 33 17
26 27 33
30 31 32
196
{[23, 22, 21, 20, 14]}
{[9, 7, 3, 2, 0]}
34
8 12 4
15 5 13
11 7 24
8 16 5
0 17 22
1 3 30
15 10 14
16 2 14
0 9 3
8 11 13
11 12 6
9 2 10
0 10 13
1 12 9
19 6 7
1 6 20
20 3 7
18 4 21
19 17 25
20 18 14
15 16 19
23 24 17
23 25 4
21 22 27
21 26 2
22 31 18
24 28 32
23 29 32
26 29 30
27 28 31
28 33 5
25 29 33
26 27 33
30 31 32
197
{[23, 22, 21, 20, 14]}
{[6, 3, 2, 1, 0]}
34
8 12 4
15 5 13
11 7 22
8 16 5
0 17 23
1 3 26
15 10 14
16 2 14
0 9 3
8 11 13
11 12 6
9 2 10
0 10 13
1 12 9
19 6 7
1 6 20
20 3 7
18 4 21
19 17 25
20 18 14
15 16 19
22 24 17
21 27 2
24 25 4
21 23 31
23 30 18
28 32 5
22 29 32
26 29 30
27 28 31
25 28 33
24 29 33
26 27 33
30 31 32
198
{[23, 22, 21, 20, 14]}
{[9, 7, 3, 2, 0]}
34
8 12 4
15 5 13
11 7 22
8 16 5
0 17 24
1 3 21
15 10 14
16 2 14
0 9 3
8 11 13
11 12 6
9 2 10
0 10 13
1 12 9
19 6 7
1 6 20
20 3 7
18 4 30
19 17 25
20 18 14
15 16 19
23 24 5
23 25 2
21 22 27
21 26 4
22 31 18
24 28 32
23 29 32
26 29 30
27 28 31
28 33 17
25 29 33
26 27 33
30 31 32
199
{[23, 22, 21, 20, 14]}
{[5, 4, 2, 1, 0]}
34
8 12 4
15 5 13
11 7 21
8 16 5
0 17 24
1 3 23
15 10 14
16 2 14
0 9 3
8 11 13
11 12 6
9 2 10
0 10 13
1 12 9
19 6 7
1 6 20
20 3 7
18 4 27
19 17 22
20 18 14
15 16 19
22 25 2
21 26 18
24 25 5
23 31 4
21 23 30
22 28 32
29 32 17
26 29 30
27 28 31
25 28 33
24 29 33
26 27 33
30 31 32
200
{[23, 22, 21, 20, 14]}
{[8, 7, 4, 2, 0]}
34
8 12 4
15 5 13
11 7 25
8 16 5
0 17 21
1 3 31
15 10 14
16 2 14
0 9 3
8 11 13
11 12 6
9 2 10
0 10 13
1 12 9
19 6 7
1 6 20
20 3 7
18 4 22
19 17 23
20 18 14
15 16 19
23 24 4
24 25 17
21 27 18
21 22 26
22 30 2
24 28 32
23 29 32
26 29 30
27 28 31
25 28 33
29 33 5
26 27 33
30 31 32
201
{[23, 22, 21, 20, 14]}
{[16, 13, 12, 11, 10]}
34
8 12 4
15 5 13
11 7 33
8 16 5
0 17 27
1 3 26
15 10 14
16 2 14
0 9 3
8 11 13
11 12 6
9 2 10
0 10 13
1 12 9
19 6 7
1 6 20
20 3 7
18 4 31
19 17 32
20 18 14
15 16 19
23 24 25
23 26 27
21 22 28
21 27 30
21 26 29
22 25 5
22 24 4
23 29 30
25 28 32
24 28 31
30 33 17
29 33 18
31 32 2
202
{[23, 22, 21, 20, 14]}
{[17, 16, 14, 12, 10]}
34
8 12 4
15 5 13
11 7 32
8 16 5
0 17 30
1 3 27
15 10 14
16 2 14
0 9 3
8 11 13
11 12 6
9 2 10
0 10 13
1 12 9
19 6 7
1 6 20
20 3 7
18 4 33
19 17 31
20 18 14
15 16 19
23 24 25
23 26 27
21 22 28
21 27 30
21 26 29
22 25 31
22 24 5
23 29 30
25 28 33
24 28 4
26 32 18
31 33 2
29 32 17
203
{[23, 22, 21, 20, 14]}
{[16, 13, 12, 11, 10]}
34
8 12 4
15 5 13
11 7 27
8 16 5
0 17 33
1 3 31
15 10 14
16 2 14
0 9 3
8 11 13
11 12 6
9 2 10
0 10 13
1 12 9
19 6 7
1 6 20
20 3 7
18 4 26
19 17 32
20 18 14
15 16 19
23 24 25
23 26 27
21 22 28
21 27 30
21 26 29
22 25 17
22 24 2
23 29 30
25 28 32
24 28 31
30 33 5
29 33 18
31 32 4
204
{[23, 22, 21, 20, 14]}
{[17, 16, 14, 12, 10]}
34
8 12 4
15 5 13
11 7 30
8 16 5
0 17 32
1 3 33
15 10 14
16 2 14
0 9 3
8 11 13
11 12 6
9 2 10
0 10 13
1 12 9
19 6 7
1 6 20
20 3 7
18 4 27
19 17 31
20 18 14
15 16 19
23 24 25
23 26 27
21 22 28
21 27 30
21 26 29
22 25 31
22 24 17
23 29 30
25 28 33
24 28 2
26 32 18
31 33 4
29 32 5
205
{[23, 22, 21, 20, 14]}
{[17, 16, 15, 13, 11]}
34
8 12 4
15 5 13
11 7 26
8 16 5
0 17 32
1 3 31
15 10 14
16 2 14
0 9 3
8 11 13
11 12 6
9 2 10
0 10 13
1 12 9
19 6 7
1 6 20
20 3 7
18 4 29
19 17 33
20 18 14
15 16 19
23 24 25
23 26 27
21 22 28
21 27 30
21 26 29
22 25 2
22 24 31
23 29 30
25 28 17
24 28 33
27 32 5
31 33 4
30 32 18
206
{[23, 22, 21, 20, 14]}
{[17, 16, 15, 13, 11]}
34
8 12 4
15 5 13
11 7 32
8 16 5
0 17 26
1 3 29
15 10 14
16 2 14
0 9 3
8 11 13
11 12 6
9 2 10
0 10 13
1 12 9
19 6 7
1 6 20
20 3 7
18 4 31
19 17 33
20 18 14
15 16 19
23 24 25
23 26 27
21 22 28
21 27 30
21 26 29
22 25 4
22 24 31
23 29 30
25 28 5
24 28 33
27 32 17
31 33 2
30 32 18
207
{[23, 22, 21, 20, 14]}
{[17, 15, 14, 13, 12]}
34
8 12 4
15 5 13
11 7 29
8 16 5
0 17 33
1 3 32
15 10 14
16 2 14
0 9 3
8 11 13
11 12 6
9 2 10
0 10 13
1 12 9
19 6 7
1 6 20
20 3 7
18 4 30
19 17 31
20 18 14
15 16 19
23 24 25
23 26 27
21 22 28
21 27 30
21 26 29
22 25 32
22 24 31
23 29 30
25 28 2
24 28 17
27 33 18
26 33 5
31 32 4
208
{[23, 22, 21, 20, 14]}
{[17, 15, 14, 13, 12]}
34
8 12 4
15 5 13
11 7 33
8 16 5
0 17 29
1 3 30
15 10 14
16 2 14
0 9 3
8 11 13
11 12 6
9 2 10
0 10 13
1 12 9
19 6 7
1 6 20
20 3 7
18 4 32
19 17 31
20 18 14
15 16 19
23 24 25
23 26 27
21 22 28
21 27 30
21 26 29
22 25 32
22 24 31
23 29 30
25 28 4
24 28 5
27 33 18
26 33 17
31 32 2
209
{[23, 22, 21, 20, 14]}
{[5, 4, 2, 1, 0]}
34
8 12 4
15 5 13
11 7 21
8 16 5
0 17 24
1 3 23
15 10 14
16 2 14
0 9 3
8 11 13
11 12 6
9 2 10
0 10 13
1 12 9
19 6 7
1 6 20
20 3 7
18 4 27
19 17 22
20 18 14
15 16 19
22 25 2
21 26 18
24 25 5
23 31 4
21 23 30
22 28 32
29 32 17
26 29 30
27 28 31
25 28 33
24 29 33
26 27 33
30 31 32
210
{[23, 22, 21, 20, 14]}
{[6, 3, 2, 1, 0]}
34
8 12 4
15 5 13
11 7 22
8 16 5
0 17 23
1 3 26
15 10 14
16 2 14
0 9 3
8 11 13
11 12 6
9 2 10
0 10 13
1 12 9
19 6 7
1 6 20
20 3 7
18 4 21
19 17 25
20 18 14
15 16 19
22 24 17
21 27 2
24 25 4
21 23 31
23 30 18
28 32 5
22 29 32
26 29 30
27 28 31
25 28 33
24 29 33
26 27 33
30 31 32
211
{[23, 22, 21, 20, 14]}
{[8, 7, 4, 2, 0]}
34
8 12 4
15 5 13
11 7 25
8 16 5
0 17 21
1 3 31
15 10 14
16 2 14
0 9 3
8 11 13
11 12 6
9 2 10
0 10 13
1 12 9
19 6 7
1 6 20
20 3 7
18 4 22
19 17 23
20 18 14
15 16 19
23 24 4
24 25 17
21 27 18
21 22 26
22 30 2
24 28 32
23 29 32
26 29 30
27 28 31
25 28 33
29 33 5
26 27 33
30 31 32
212
{[23, 22, 21, 20, 14]}
{[9, 7, 3, 2, 0]}
34
8 12 4
15 5 13
11 7 22
8 16 5
0 17 24
1 3 21
15 10 14
16 2 14
0 9 3
8 11 13
11 12 6
9 2 10
0 10 13
1 12 9
19 6 7
1 6 20
20 3 7
18 4 30
19 17 25
20 18 14
15 16 19
23 24 5
23 25 2
21 22 27
21 26 4
22 31 18
24 28 32
23 29 32
26 29 30
27 28 31
28 33 17
25 29 33
26 27 33
30 31 32
213
{[23, 22, 21, 20, 14]}
{[6, 3, 2, 1, 0]}
34
8 12 4
15 5 13
11 7 23
8 16 5
0 17 22
1 3 21
15 10 14
16 2 14
0 9 3
8 11 13
11 12 6
9 2 10
0 10 13
1 12 9
19 6 7
1 6 20
20 3 7
18 4 26
19 17 25
20 18 14
15 16 19
22 24 5
21 27 4
24 25 2
21 23 31
23 30 18
28 32 17
22 29 32
26 29 30
27 28 31
25 28 33
24 29 33
26 27 33
30 31 32
214
{[23, 22, 21, 20, 14]}
{[9, 7, 3, 2, 0]}
34
8 12 4
15 5 13
11 7 24
8 16 5
0 17 22
1 3 30
15 10 14
16 2 14
0 9 3
8 11 13
11 12 6
9 2 10
0 10 13
1 12 9
19 6 7
1 6 20
20 3 7
18 4 21
19 17 25
20 18 14
15 16 19
23 24 17
23 25 4
21 22 27
21 26 2
22 31 18
24 28 32
23 29 32
26 29 30
27 28 31
28 33 5
25 29 33
26 27 33
30 31 32
215
{[23, 22, 21, 20, 14]}
{[5, 4, 2, 1, 0]}
34
8 12 4
15 5 13
11 7 24
8 16 5
0 17 21
1 3 27
15 10 14
16 2 14
0 9 3
8 11 13
11 12 6
9 2 10
0 10 13
1 12 9
19 6 7
1 6 20
20 3 7
18 4 23
19 17 22
20 18 14
15 16 19
22 25 4
21 26 18
24 25 17
23 31 2
21 23 30
22 28 32
29 32 5
26 29 30
27 28 31
25 28 33
24 29 33
26 27 33
30 31 32
216
{[23, 22, 21, 20, 14]}
{[8, 7, 4, 2, 0]}
34
8 12 4
15 5 13
11 7 21
8 16 5
0 17 25
1 3 22
15 10 14
16 2 14
0 9 3
8 11 13
11 12 6
9 2 10
0 10 13
1 12 9
19 6 7
1 6 20
20 3 7
18 4 31
19 17 23
20 18 14
15 16 19
23 24 2
24 25 5
21 27 18
21 22 26
22 30 4
24 28 32
23 29 32
26 29 30
27 28 31
25 28 33
29 33 17
26 27 33
30 31 32
217
{[23, 22, 21, 20, 14]}
{[16, 13, 12, 11, 10]}
34
8 12 4
15 5 13
11 7 27
8 16 5
0 17 33
1 3 31
15 10 14
16 2 14
0 9 3
8 11 13
11 12 6
9 2 10
0 10 13
1 12 9
19 6 7
1 6 20
20 3 7
18 4 26
19 17 32
20 18 14
15 16 19
23 24 25
23 26 27
21 22 28
21 27 30
21 26 29
22 25 17
22 24 2
23 29 30
25 28 32
24 28 31
30 33 5
29 33 18
31 32 4
218
{[23, 22, 21, 20, 14]}
{[17, 16, 14, 12, 10]}
34
8 12 4
15 5 13
11 7 30
8 16 5
0 17 32
1 3 33
15 10 14
16 2 14
0 9 3
8 11 13
11 12 6
9 2 10
0 10 13
1 12 9
19 6 7
1 6 20
20 3 7
18 4 27
19 17 31
20 18 14
15 16 19
23 24 25
23 26 27
21 22 28
21 27 30
21 26 29
22 25 31
22 24 17
23 29 30
25 28 33
24 28 2
26 32 18
31 33 4
29 32 5
219
{[23, 22, 21, 20, 14]}
{[16, 13, 12, 11, 10]}
34
8 12 4
15 5 13
11 7 33
8 16 5
0 17 27
1 3 26
15 10 14
16 2 14
0 9 3
8 11 13
11 12 6
9 2 10
0 10 13
1 12 9
19 6 7
1 6 20
20 3 7
18 4 31
19 17 32
20 18 14
15 16 19
23 24 25
23 26 27
21 22 28
21 27 30
21 26 29
22 25 5
22 24 4
23 29 30
25 28 32
24 28 31
30 33 17
29 33 18
31 32 2
220
{[23, 22, 21, 20, 14]}
{[17, 16, 14, 12, 10]}
34
8 12 4
15 5 13
11 7 32
8 16 5
0 17 30
1 3 27
15 10 14
16 2 14
0 9 3
8 11 13
11 12 6
9 2 10
0 10 13
1 12 9
19 6 7
1 6 20
20 3 7
18 4 33
19 17 31
20 18 14
15 16 19
23 24 25
23 26 27
21 22 28
21 27 30
21 26 29
22 25 31
22 24 5
23 29 30
25 28 33
24 28 4
26 32 18
31 33 2
29 32 17
221
{[23, 22, 21, 20, 14]}
{[17, 16, 15, 13, 11]}
34
8 12 4
15 5 13
11 7 32
8 16 5
0 17 26
1 3 29
15 10 14
16 2 14
0 9 3
8 11 13
11 12 6
9 2 10
0 10 13
1 12 9
19 6 7
1 6 20
20 3 7
18 4 31
19 17 33
20 18 14
15 16 19
23 24 25
23 26 27
21 22 28
21 27 30
21 26 29
22 25 4
22 24 31
23 29 30
25 28 5
24 28 33
27 32 17
31 33 2
30 32 18
222
{[23, 22, 21, 20, 14]}
{[17, 16, 15, 13, 11]}
34
8 12 4
15 5 13
11 7 26
8 16 5
0 17 32
1 3 31
15 10 14
16 2 14
0 9 3
8 11 13
11 12 6
9 2 10
0 10 13
1 12 9
19 6 7
1 6 20
20 3 7
18 4 29
19 17 33
20 18 14
15 16 19
23 24 25
23 26 27
21 22 28
21 27 30
21 26 29
22 25 2
22 24 31
23 29 30
25 28 17
24 28 33
27 32 5
31 33 4
30 32 18
223
{[23, 22, 21, 20, 14]}
{[17, 15, 14, 13, 12]}
34
8 12 4
15 5 13
11 7 33
8 16 5
0 17 29
1 3 30
15 10 14
16 2 14
0 9 3
8 11 13
11 12 6
9 2 10
0 10 13
1 12 9
19 6 7
1 6 20
20 3 7
18 4 32
19 17 31
20 18 14
15 16 19
23 24 25
23 26 27
21 22 28
21 27 30
21 26 29
22 25 32
22 24 31
23 29 30
25 28 4
24 28 5
27 33 18
26 33 17
31 32 2
224
{[23, 22, 21, 20, 14]}
{[17, 15, 14, 13, 12]}
34
8 12 4
15 5 13
11 7 29
8 16 5
0 17 33
1 3 32
15 10 14
16 2 14
0 9 3
8 11 13
11 12 6
9 2 10
0 10 13
1 12 9
19 6 7
1 6 20
20 3 7
18 4 30
19 17 31
20 18 14
15 16 19
23 24 25
23 26 27
21 22 28
21 27 30
21 26 29
22 25 32
22 24 31
23 29 30
25 28 2
24 28 17
27 33 18
26 33 5
31 32 4
225
{[23, 21, 20, 19, 18]}
{[5, 4, 2, 1, 0]}
34
8 12 4
16 5 13
11 7 27
8 17 5
0 14 22
1 3 18
16 10 15
17 2 15
0 9 3
8 11 13
11 12 6
9 2 10
0 10 13
1 12 9
4 18 23
19 6 7
1 6 20
20 3 7
5 14 21
20 15 24
16 17 19
22 25 18
21 26 4
24 25 14
23 31 19
21 23 30
22 28 32
29 32 2
26 29 30
27 28 31
25 28 33
24 29 33
26 27 33
30 31 32
226
{[23, 21, 20, 19, 18]}
{[6, 3, 2, 1, 0]}
34
8 12 4
16 5 13
11 7 21
8 17 5
0 14 25
1 3 18
16 10 15
17 2 15
0 9 3
8 11 13
11 12 6
9 2 10
0 10 13
1 12 9
4 18 26
19 6 7
1 6 20
20 3 7
5 14 22
20 15 23
16 17 19
22 24 2
21 27 18
24 25 19
21 23 31
23 30 4
28 32 14
22 29 32
26 29 30
27 28 31
25 28 33
24 29 33
26 27 33
30 31 32
227
{[23, 21, 20, 19, 18]}
{[8, 7, 4, 2, 0]}
34
8 12 4
16 5 13
11 7 22
8 17 5
0 14 23
1 3 18
16 10 15
17 2 15
0 9 3
8 11 13
11 12 6
9 2 10
0 10 13
1 12 9
4 18 31
19 6 7
1 6 20
20 3 7
5 14 25
20 15 21
16 17 19
23 24 19
24 25 2
21 27 4
21 22 26
22 30 18
24 28 32
23 29 32
26 29 30
27 28 31
25 28 33
29 33 14
26 27 33
30 31 32
228
{[23, 21, 20, 19, 18]}
{[9, 7, 3, 2, 0]}
34
8 12 4
16 5 13
11 7 30
8 17 5
0 14 25
1 3 18
16 10 15
17 2 15
0 9 3
8 11 13
11 12 6
9 2 10
0 10 13
1 12 9
4 18 21
19 6 7
1 6 20
20 3 7
5 14 22
20 15 24
16 17 19
23 24 14
23 25 18
21 22 27
21 26 19
22 31 4
24 28 32
23 29 32
26 29 30
27 28 31
28 33 2
25 29 33
26 27 33
30 31 32
229
{[23, 21, 20, 19, 18]}
{[6, 3, 2, 1, 0]}
34
8 12 4
16 5 13
11 7 26
8 17 5
0 14 25
1 3 18
16 10 15
17 2 15
0 9 3
8 11 13
11 12 6
9 2 10
0 10 13
1 12 9
4 18 21
19 6 7
1 6 20
20 3 7
5 14 23
20 15 22
16 17 19
22 24 14
21 27 19
24 25 18
21 23 31
23 30 4
28 32 2
22 29 32
26 29 30
27 28 31
25 28 33
24 29 33
26 27 33
30 31 32
230
{[23, 21, 20, 19, 18]}
{[9, 7, 3, 2, 0]}
34
8 12 4
16 5 13
11 7 21
8 17 5
0 14 25
1 3 18
16 10 15
17 2 15
0 9 3
8 11 13
11 12 6
9 2 10
0 10 13
1 12 9
4 18 30
19 6 7
1 6 20
20 3 7
5 14 24
20 15 22
16 17 19
23 24 2
23 25 19
21 22 27
21 26 18
22 31 4
24 28 32
23 29 32
26 29 30
27 28 31
28 33 14
25 29 33
26 27 33
30 31 32
231
{[23, 21, 20, 19, 18]}
{[5, 4, 2, 1, 0]}
34
8 12 4
16 5 13
11 7 23
8 17 5
0 14 22
1 3 18
16 10 15
17 2 15
0 9 3
8 11 13
11 12 6
9 2 10
0 10 13
1 12 9
4 18 27
19 6 7
1 6 20
20 3 7
5 14 24
20 15 21
16 17 19
22 25 19
21 26 4
24 25 2
23 31 18
21 23 30
22 28 32
29 32 14
26 29 30
27 28 31
25 28 33
24 29 33
26 27 33
30 31 32
232
{[23, 21, 20, 19, 18]}
{[8, 7, 4, 2, 0]}
34
8 12 4
16 5 13
11 7 31
8 17 5
0 14 23
1 3 18
16 10 15
17 2 15
0 9 3
8 11 13
11 12 6
9 2 10
0 10 13
1 12 9
4 18 22
19 6 7
1 6 20
20 3 7
5 14 21
20 15 25
16 17 19
23 24 18
24 25 14
21 27 4
21 22 26
22 30 19
24 28 32
23 29 32
26 29 30
27 28 31
25 28 33
29 33 2
26 27 33
30 31 32
233
{[23, 21, 20, 19, 18]}
{[16, 13, 12, 11, 10]}
34
8 12 4
16 5 13
11 7 26
8 17 5
0 14 32
1 3 18
16 10 15
17 2 15
0 9 3
8 11 13
11 12 6
9 2 10
0 10 13
1 12 9
4 18 31
19 6 7
1 6 20
20 3 7
5 14 27
20 15 33
16 17 19
23 24 25
23 26 27
21 22 28
21 27 30
21 26 29
22 25 2
22 24 18
23 29 30
25 28 32
24 28 31
30 33 14
29 33 4
31 32 19
234
{[23, 21, 20, 19, 18]}
{[17, 16, 14, 12, 10]}
34
8 12 4
16 5 13
11 7 27
8 17 5
0 14 31
1 3 18
16 10 15
17 2 15
0 9 3
8 11 13
11 12 6
9 2 10
0 10 13
1 12 9
4 18 33
19 6 7
1 6 20
20 3 7
5 14 30
20 15 32
16 17 19
23 24 25
23 26 27
21 22 28
21 27 30
21 26 29
22 25 31
22 24 2
23 29 30
25 28 33
24 28 18
26 32 4
31 33 19
29 32 14
235
{[23, 21, 20, 19, 18]}
{[16, 13, 12, 11, 10]}
34
8 12 4
16 5 13
11 7 31
8 17 5
0 14 32
1 3 18
16 10 15
17 2 15
0 9 3
8 11 13
11 12 6
9 2 10
0 10 13
1 12 9
4 18 26
19 6 7
1 6 20
20 3 7
5 14 33
20 15 27
16 17 19
23 24 25
23 26 27
21 22 28
21 27 30
21 26 29
22 25 14
22 24 19
23 29 30
25 28 32
24 28 31
30 33 2
29 33 4
31 32 18
236
{[23, 21, 20, 19, 18]}
{[17, 16, 14, 12, 10]}
34
8 12 4
16 5 13
11 7 33
8 17 5
0 14 31
1 3 18
16 10 15
17 2 15
0 9 3
8 11 13
11 12 6
9 2 10
0 10 13
1 12 9
4 18 27
19 6 7
1 6 20
20 3 7
5 14 32
20 15 30
16 17 19
23 24 25
23 26 27
21 22 28
21 27 30
21 26 29
22 25 31
22 24 14
23 29 30
25 28 33
24 28 19
26 32 4
31 33 18
29 32 2
237
{[23, 21, 20, 19, 18]}
{[17, 16, 15, 13, 11]}
34
8 12 4
16 5 13
11 7 31
8 17 5
0 14 33
1 3 18
16 10 15
17 2 15
0 9 3
8 11 13
11 12 6
9 2 10
0 10 13
1 12 9
4 18 29
19 6 7
1 6 20
20 3 7
5 14 32
20 15 26
16 17 19
23 24 25
23 26 27
21 22 28
21 27 30
21 26 29
22 25 19
22 24 31
23 29 30
25 28 14
24 28 33
27 32 2
31 33 18
30 32 4
238
{[23, 21, 20, 19, 18]}
{[17, 16, 15, 13, 11]}
34
8 12 4
16 5 13
11 7 29
8 17 5
0 14 33
1 3 18
16 10 15
17 2 15
0 9 3
8 11 13
11 12 6
9 2 10
0 10 13
1 12 9
4 18 31
19 6 7
1 6 20
20 3 7
5 14 26
20 15 32
16 17 19
23 24 25
23 26 27
21 22 28
21 27 30
21 26 29
22 25 18
22 24 31
23 29 30
25 28 2
24 28 33
27 32 14
31 33 19
30 32 4
239
{[23, 21, 20, 19, 18]}
{[17, 15, 14, 13, 12]}
34
8 12 4
16 5 13
11 7 32
8 17 5
0 14 31
1 3 18
16 10 15
17 2 15
0 9 3
8 11 13
11 12 6
9 2 10
0 10 13
1 12 9
4 18 30
19 6 7
1 6 20
20 3 7
5 14 33
20 15 29
16 17 19
23 24 25
23 26 27
21 22 28
21 27 30
21 26 29
22 25 32
22 24 31
23 29 30
25 28 19
24 28 14
27 33 4
26 33 2
31 32 18
240
{[23, 21, 20, 19, 18]}
{[17, 15, 14, 13, 12]}
34
8 12 4
16 5 13
11 7 30
8 17 5
0 14 31
1 3 18
16 10 15
17 2 15
0 9 3
8 11 13
11 12 6
9 2 10
0 10 13
1 12 9
4 18 32
19 6 7
1 6 20
20 3 7
5 14 29
20 15 33
16 17 19
23 24 25
23 26 27
21 22 28
21 27 30
21 26 29
22 25 32
22 24 31
23 29 30
25 28 18
24 28 2
27 33 4
26 33 14
31 32 19
241
{[23, 21, 20, 19, 18]}
{[5, 4, 2, 1, 0]}
34
8 12 4
16 5 13
11 7 23
8 17 5
0 14 22
1 3 18
16 10 15
17 2 15
0 9 3
8 11 13
11 12 6
9 2 10
0 10 13
1 12 9
4 18 27
19 6 7
1 6 20
20 3 7
5 14 24
20 15 21
16 17 19
22 25 19
21 26 4
24 25 2
23 31 18
21 23 30
22 28 32
29 32 14
26 29 30
27 28 31
25 28 33
24 29 33
26 27 33
30 31 32
242
{[23, 21, 20, 19, 18]}
{[6, 3, 2, 1, 0]}
34
8 12 4
16 5 13
11 7 26
8 17 5
0 14 25
1 3 18
16 10 15
17 2 15
0 9 3
8 11 13
11 12 6
9 2 10
0 10 13
1 12 9
4 18 21
19 6 7
1 6 20
20 3 7
5 14 23
20 15 22
16 17 19
22 24 14
21 27 19
24 25 18
21 23 31
23 30 4
28 32 2
22 29 32
26 29 30
27 28 31
25 28 33
24 29 33
26 27 33
30 31 32
243
{[23, 21, 20, 19, 18]}
{[8, 7, 4, 2, 0]}
34
8 12 4
16 5 13
11 7 31
8 17 5
0 14 23
1 3 18
16 10 15
17 2 15
0 9 3
8 11 13
11 12 6
9 2 10
0 10 13
1 12 9
4 18 22
19 6 7
1 6 20
20 3 7
5 14 21
20 15 25
16 17 19
23 24 18
24 25 14
21 27 4
21 22 26
22 30 19
24 28 32
23 29 32
26 29 30
27 28 31
25 28 33
29 33 2
26 27 33
30 31 32
244
{[23, 21, 20, 19, 18]}
{[9, 7, 3, 2, 0]}
34
8 12 4
16 5 13
11 7 21
8 17 5
0 14 25
1 3 18
16 10 15
17 2 15
0 9 3
8 11 13
11 12 6
9 2 10
0 10 13
1 12 9
4 18 30
19 6 7
1 6 20
20 3 7
5 14 24
20 15 22
16 17 19
23 24 2
23 25 19
21 22 27
21 26 18
22 31 4
24 28 32
23 29 32
26 29 30
27 28 31
28 33 14
25 29 33
26 27 33
30 31 32
245
{[23, 21, 20, 19, 18]}
{[6, 3, 2, 1, 0]}
34
8 12 4
16 5 13
11 7 21
8 17 5
0 14 25
1 3 18
16 10 15
17 2 15
0 9 3
8 11 13
11 12 6
9 2 10
0 10 13
1 12 9
4 18 26
19 6 7
1 6 20
20 3 7
5 14 22
20 15 23
16 17 19
22 24 2
21 27 18
24 25 19
21 23 31
23 30 4
28 32 14
22 29 32
26 29 30
27 28 31
25 28 33
24 29 33
26 27 33
30 31 32
246
{[23, 21, 20, 19, 18]}
{[9, 7, 3, 2, 0]}
34
8 12 4
16 5 13
11 7 30
8 17 5
0 14 25
1 3 18
16 10 15
17 2 15
0 9 3
8 11 13
11 12 6
9 2 10
0 10 13
1 12 9
4 18 21
19 6 7
1 6 20
20 3 7
5 14 22
20 15 24
16 17 19
23 24 14
23 25 18
21 22 27
21 26 19
22 31 4
24 28 32
23 29 32
26 29 30
27 28 31
28 33 2
25 29 33
26 27 33
30 31 32
247
{[23, 21, 20, 19, 18]}
{[5, 4, 2, 1, 0]}
34
8 12 4
16 5 13
11 7 27
8 17 5
0 14 22
1 3 18
16 10 15
17 2 15
0 9 3
8 11 13
11 12 6
9 2 10
0 10 13
1 12 9
4 18 23
19 6 7
1 6 20
20 3 7
5 14 21
20 15 24
16 17 19
22 25 18
21 26 4
24 25 14
23 31 19
21 23 30
22 28 32
29 32 2
26 29 30
27 28 31
25 28 33
24 29 33
26 27 33
30 31 32
248
{[23, 21, 20, 19, 18]}
{[8, 7, 4, 2, 0]}
34
8 12 4
16 5 13
11 7 22
8 17 5
0 14 23
1 3 18
16 10 15
17 2 15
0 9 3
8 11 13
11 12 6
9 2 10
0 10 13
1 12 9
4 18 31
19 6 7
1 6 20
20 3 7
5 14 25
20 15 21
16 17 19
23 24 19
24 25 2
21 27 4
21 22 26
22 30 18
24 28 32
23 29 32
26 29 30
27 28 31
25 28 33
29 33 14
26 27 33
30 31 32
249
{[23, 21, 20, 19, 18]}
{[16, 13, 12, 11, 10]}
34
8 12 4
16 5 13
11 7 31
8 17 5
0 14 32
1 3 18
16 10 15
17 2 15
0 9 3
8 11 13
11 12 6
9 2 10
0 10 13
1 12 9
4 18 26
19 6 7
1 6 20
20 3 7
5 14 33
20 15 27
16 17 19
23 24 25
23 26 27
21 22 28
21 27 30
21 26 29
22 25 14
22 24 19
23 29 30
25 28 32
24 28 31
30 33 2
29 33 4
31 32 18
250
{[23, 21, 20, 19, 18]}
{[17, 16, 14, 12, 10]}
34
8 12 4
16 5 13
11 7 33
8 17 5
0 14 31
1 3 18
16 10 15
17 2 15
0 9 3
8 11 13
11 12 6
9 2 10
0 10 13
1 12 9
4 18 27
19 6 7
1 6 20
20 3 7
5 14 32
20 15 30
16 17 19
23 24 25
23 26 27
21 22 28
21 27 30
21 26 29
22 25 31
22 24 14
23 29 30
25 28 33
24 28 19
26 32 4
31 33 18
29 32 2
251
{[23, 21, 20, 19, 18]}
{[16, 13, 12, 11, 10]}
34
8 12 4
16 5 13
11 7 26
8 17 5
0 14 32
1 3 18
16 10 15
17 2 15
0 9 3
8 11 13
11 12 6
9 2 10
0 10 13
1 12 9
4 18 31
19 6 7
1 6 20
20 3 7
5 14 27
20 15 33
16 17 19
23 24 25
23 26 27
21 22 28
21 27 30
21 26 29
22 25 2
22 24 18
23 29 30
25 28 32
24 28 31
30 33 14
29 33 4
31 32 19
252
{[23, 21, 20, 19, 18]}
{[17, 16, 14, 12, 10]}
34
8 12 4
16 5 13
11 7 27
8 17 5
0 14 31
1 3 18
16 10 15
17 2 15
0 9 3
8 11 13
11 12 6
9 2 10
0 10 13
1 12 9
4 18 33
19 6 7
1 6 20
20 3 7
5 14 30
20 15 32
16 17 19
23 24 25
23 26 27
21 22 28
21 27 30
21 26 29
22 25 31
22 24 2
23 29 30
25 28 33
24 28 18
26 32 4
31 33 19
29 32 14
253
{[23, 21, 20, 19, 18]}
{[17, 16, 15, 13, 11]}
34
8 12 4
16 5 13
11 7 29
8 17 5
0 14 33
1 3 18
16 10 15
17 2 15
0 9 3
8 11 13
11 12 6
9 2 10
0 10 13
1 12 9
4 18 31
19 6 7
1 6 20
20 3 7
5 14 26
20 15 32
16 17 19
23 24 25
23 26 27
21 22 28
21 27 30
21 26 29
22 25 18
22 24 31
23 29 30
25 28 2
24 28 33
27 32 14
31 33 19
30 32 4
254
{[23, 21, 20, 19, 18]}
{[17, 16, 15, 13, 11]}
34
8 12 4
16 5 13
11 7 31
8 17 5
0 14 33
1 3 18
16 10 15
17 2 15
0 9 3
8 11 13
11 12 6
9 2 10
0 10 13
1 12 9
4 18 29
19 6 7
1 6 20
20 3 7
5 14 32
20 15 26
16 17 19
23 24 25
23 26 27
21 22 28
21 27 30
21 26 29
22 25 19
22 24 31
23 29 30
25 28 14
24 28 33
27 32 2
31 33 18
30 32 4
255
{[23, 21, 20, 19, 18]}
{[17, 15, 14, 13, 12]}
34
8 12 4
16 5 13
11 7 30
8 17 5
0 14 31
1 3 18
16 10 15
17 2 15
0 9 3
8 11 13
11 12 6
9 2 10
0 10 13
1 12 9
4 18 32
19 6 7
1 6 20
20 3 7
5 14 29
20 15 33
16 17 19
23 24 25
23 26 27
21 22 28
21 27 30
21 26 29
22 25 32
22 24 31
23 29 30
25 28 18
24 28 2
27 33 4
26 33 14
31 32 19
256
{[23, 21, 20, 19, 18]}
{[17, 15, 14, 13, 12]}
34
8 12 4
16 5 13
11 7 32
8 17 5
0 14 31
1 3 18
16 10 15
17 2 15
0 9 3
8 11 13
11 12 6
9 2 10
0 10 13
1 12 9
4 18 30
19 6 7
1 6 20
20 3 7
5 14 33
20 15 29
16 17 19
23 24 25
23 26 27
21 22 28
21 27 30
21 26 29
22 25 32
22 24 31
23 29 30
25 28 19
24 28 14
27 33 4
26 33 2
31 32 18
