288
1
{[25, 24, 13, 6, 1]}
{[5, 4, 2, 1, 0]}
34
6 13 10
7 15 5
6 17 5
13 4 19
16 3 21
1 2 11
0 7 2
6 1 9
9 10 24
7 8 12
0 8 27
12 5 22
9 11 23
0 14 3
13 17 20
1 16 18
15 4 20
14 2 18
15 17 19
3 18 20
14 16 19
22 25 4
21 26 11
24 25 12
23 31 8
21 23 30
22 28 32
29 32 10
26 29 30
27 28 31
25 28 33
24 29 33
26 27 33
30 31 32
2
{[25, 24, 13, 6, 1]}
{[6, 3, 2, 1, 0]}
34
6 13 10
7 15 5
6 17 5
13 4 19
16 3 22
1 2 11
0 7 2
6 1 9
9 10 23
7 8 12
0 8 21
12 5 25
9 11 26
0 14 3
13 17 20
1 16 18
15 4 20
14 2 18
15 17 19
3 18 20
14 16 19
22 24 10
21 27 4
24 25 8
21 23 31
23 30 11
28 32 12
22 29 32
26 29 30
27 28 31
25 28 33
24 29 33
26 27 33
30 31 32
3
{[25, 24, 13, 6, 1]}
{[8, 7, 4, 2, 0]}
34
6 13 10
7 15 5
6 17 5
13 4 19
16 3 25
1 2 11
0 7 2
6 1 9
9 10 21
7 8 12
0 8 22
12 5 23
9 11 31
0 14 3
13 17 20
1 16 18
15 4 20
14 2 18
15 17 19
3 18 20
14 16 19
23 24 8
24 25 10
21 27 11
21 22 26
22 30 4
24 28 32
23 29 32
26 29 30
27 28 31
25 28 33
29 33 12
26 27 33
30 31 32
4
{[25, 24, 13, 6, 1]}
{[9, 7, 3, 2, 0]}
34
6 13 10
7 15 5
6 17 5
13 4 19
16 3 22
1 2 11
0 7 2
6 1 9
9 10 24
7 8 12
0 8 30
12 5 25
9 11 21
0 14 3
13 17 20
1 16 18
15 4 20
14 2 18
15 17 19
3 18 20
14 16 19
23 24 12
23 25 4
21 22 27
21 26 8
22 31 11
24 28 32
23 29 32
26 29 30
27 28 31
28 33 10
25 29 33
26 27 33
30 31 32
5
{[25, 24, 13, 6, 1]}
{[6, 3, 2, 1, 0]}
34
6 13 10
7 15 5
6 17 5
13 4 19
16 3 23
1 2 11
0 7 2
6 1 9
9 10 22
7 8 12
0 8 26
12 5 25
9 11 21
0 14 3
13 17 20
1 16 18
15 4 20
14 2 18
15 17 19
3 18 20
14 16 19
22 24 12
21 27 8
24 25 4
21 23 31
23 30 11
28 32 10
22 29 32
26 29 30
27 28 31
25 28 33
24 29 33
26 27 33
30 31 32
6
{[25, 24, 13, 6, 1]}
{[9, 7, 3, 2, 0]}
34
6 13 10
7 15 5
6 17 5
13 4 19
16 3 24
1 2 11
0 7 2
6 1 9
9 10 22
7 8 12
0 8 21
12 5 25
9 11 30
0 14 3
13 17 20
1 16 18
15 4 20
14 2 18
15 17 19
3 18 20
14 16 19
23 24 10
23 25 8
21 22 27
21 26 4
22 31 11
24 28 32
23 29 32
26 29 30
27 28 31
28 33 12
25 29 33
26 27 33
30 31 32
7
{[25, 24, 13, 6, 1]}
{[5, 4, 2, 1, 0]}
34
6 13 10
7 15 5
6 17 5
13 4 19
16 3 24
1 2 11
0 7 2
6 1 9
9 10 21
7 8 12
0 8 23
12 5 22
9 11 27
0 14 3
13 17 20
1 16 18
15 4 20
14 2 18
15 17 19
3 18 20
14 16 19
22 25 8
21 26 11
24 25 10
23 31 4
21 23 30
22 28 32
29 32 12
26 29 30
27 28 31
25 28 33
24 29 33
26 27 33
30 31 32
8
{[25, 24, 13, 6, 1]}
{[8, 7, 4, 2, 0]}
34
6 13 10
7 15 5
6 17 5
13 4 19
16 3 21
1 2 11
0 7 2
6 1 9
9 10 25
7 8 12
0 8 31
12 5 23
9 11 22
0 14 3
13 17 20
1 16 18
15 4 20
14 2 18
15 17 19
3 18 20
14 16 19
23 24 4
24 25 12
21 27 11
21 22 26
22 30 8
24 28 32
23 29 32
26 29 30
27 28 31
25 28 33
29 33 10
26 27 33
30 31 32
9
{[25, 24, 13, 6, 1]}
{[16, 13, 12, 11, 10]}
34
6 13 10
7 15 5
6 17 5
13 4 19
16 3 27
1 2 11
0 7 2
6 1 9
9 10 33
7 8 12
0 8 26
12 5 32
9 11 31
0 14 3
13 17 20
1 16 18
15 4 20
14 2 18
15 17 19
3 18 20
14 16 19
23 24 25
23 26 27
21 22 28
21 27 30
21 26 29
22 25 10
22 24 4
23 29 30
25 28 32
24 28 31
30 33 12
29 33 11
31 32 8
10
{[25, 24, 13, 6, 1]}
{[17, 16, 14, 12, 10]}
34
6 13 10
7 15 5
6 17 5
13 4 19
16 3 30
1 2 11
0 7 2
6 1 9
9 10 32
7 8 12
0 8 27
12 5 31
9 11 33
0 14 3
13 17 20
1 16 18
15 4 20
14 2 18
15 17 19
3 18 20
14 16 19
23 24 25
23 26 27
21 22 28
21 27 30
21 26 29
22 25 31
22 24 10
23 29 30
25 28 33
24 28 4
26 32 11
31 33 8
29 32 12
11
{[25, 24, 13, 6, 1]}
{[16, 13, 12, 11, 10]}
34
6 13 10
7 15 5
6 17 5
13 4 19
16 3 33
1 2 11
0 7 2
6 1 9
9 10 27
7 8 12
0 8 31
12 5 32
9 11 26
0 14 3
13 17 20
1 16 18
15 4 20
14 2 18
15 17 19
3 18 20
14 16 19
23 24 25
23 26 27
21 22 28
21 27 30
21 26 29
22 25 12
22 24 8
23 29 30
25 28 32
24 28 31
30 33 10
29 33 11
31 32 4
12
{[25, 24, 13, 6, 1]}
{[17, 16, 14, 12, 10]}
34
6 13 10
7 15 5
6 17 5
13 4 19
16 3 32
1 2 11
0 7 2
6 1 9
9 10 30
7 8 12
0 8 33
12 5 31
9 11 27
0 14 3
13 17 20
1 16 18
15 4 20
14 2 18
15 17 19
3 18 20
14 16 19
23 24 25
23 26 27
21 22 28
21 27 30
21 26 29
22 25 31
22 24 12
23 29 30
25 28 33
24 28 8
26 32 11
31 33 4
29 32 10
13
{[25, 24, 13, 6, 1]}
{[17, 16, 15, 13, 11]}
34
6 13 10
7 15 5
6 17 5
13 4 19
16 3 32
1 2 11
0 7 2
6 1 9
9 10 26
7 8 12
0 8 31
12 5 33
9 11 29
0 14 3
13 17 20
1 16 18
15 4 20
14 2 18
15 17 19
3 18 20
14 16 19
23 24 25
23 26 27
21 22 28
21 27 30
21 26 29
22 25 8
22 24 31
23 29 30
25 28 12
24 28 33
27 32 10
31 33 4
30 32 11
14
{[25, 24, 13, 6, 1]}
{[17, 16, 15, 13, 11]}
34
6 13 10
7 15 5
6 17 5
13 4 19
16 3 26
1 2 11
0 7 2
6 1 9
9 10 32
7 8 12
0 8 29
12 5 33
9 11 31
0 14 3
13 17 20
1 16 18
15 4 20
14 2 18
15 17 19
3 18 20
14 16 19
23 24 25
23 26 27
21 22 28
21 27 30
21 26 29
22 25 4
22 24 31
23 29 30
25 28 10
24 28 33
27 32 12
31 33 8
30 32 11
15
{[25, 24, 13, 6, 1]}
{[17, 15, 14, 13, 12]}
34
6 13 10
7 15 5
6 17 5
13 4 19
16 3 33
1 2 11
0 7 2
6 1 9
9 10 29
7 8 12
0 8 32
12 5 31
9 11 30
0 14 3
13 17 20
1 16 18
15 4 20
14 2 18
15 17 19
3 18 20
14 16 19
23 24 25
23 26 27
21 22 28
21 27 30
21 26 29
22 25 32
22 24 31
23 29 30
25 28 8
24 28 12
27 33 11
26 33 10
31 32 4
16
{[25, 24, 13, 6, 1]}
{[17, 15, 14, 13, 12]}
34
6 13 10
7 15 5
6 17 5
13 4 19
16 3 29
1 2 11
0 7 2
6 1 9
9 10 33
7 8 12
0 8 30
12 5 31
9 11 32
0 14 3
13 17 20
1 16 18
15 4 20
14 2 18
15 17 19
3 18 20
14 16 19
23 24 25
23 26 27
21 22 28
21 27 30
21 26 29
22 25 32
22 24 31
23 29 30
25 28 4
24 28 10
27 33 11
26 33 12
31 32 8
17
{[25, 24, 13, 6, 1]}
{[5, 4, 2, 1, 0]}
34
6 13 10
7 15 5
6 17 5
13 4 19
16 3 24
1 2 11
0 7 2
6 1 9
9 10 21
7 8 12
0 8 23
12 5 22
9 11 27
0 14 3
13 17 20
1 16 18
15 4 20
14 2 18
15 17 19
3 18 20
14 16 19
22 25 8
21 26 11
24 25 10
23 31 4
21 23 30
22 28 32
29 32 12
26 29 30
27 28 31
25 28 33
24 29 33
26 27 33
30 31 32
18
{[25, 24, 13, 6, 1]}
{[6, 3, 2, 1, 0]}
34
6 13 10
7 15 5
6 17 5
13 4 19
16 3 23
1 2 11
0 7 2
6 1 9
9 10 22
7 8 12
0 8 26
12 5 25
9 11 21
0 14 3
13 17 20
1 16 18
15 4 20
14 2 18
15 17 19
3 18 20
14 16 19
22 24 12
21 27 8
24 25 4
21 23 31
23 30 11
28 32 10
22 29 32
26 29 30
27 28 31
25 28 33
24 29 33
26 27 33
30 31 32
19
{[25, 24, 13, 6, 1]}
{[8, 7, 4, 2, 0]}
34
6 13 10
7 15 5
6 17 5
13 4 19
16 3 21
1 2 11
0 7 2
6 1 9
9 10 25
7 8 12
0 8 31
12 5 23
9 11 22
0 14 3
13 17 20
1 16 18
15 4 20
14 2 18
15 17 19
3 18 20
14 16 19
23 24 4
24 25 12
21 27 11
21 22 26
22 30 8
24 28 32
23 29 32
26 29 30
27 28 31
25 28 33
29 33 10
26 27 33
30 31 32
20
{[25, 24, 13, 6, 1]}
{[9, 7, 3, 2, 0]}
34
6 13 10
7 15 5
6 17 5
13 4 19
16 3 24
1 2 11
0 7 2
6 1 9
9 10 22
7 8 12
0 8 21
12 5 25
9 11 30
0 14 3
13 17 20
1 16 18
15 4 20
14 2 18
15 17 19
3 18 20
14 16 19
23 24 10
23 25 8
21 22 27
21 26 4
22 31 11
24 28 32
23 29 32
26 29 30
27 28 31
28 33 12
25 29 33
26 27 33
30 31 32
21
{[25, 24, 13, 6, 1]}
{[6, 3, 2, 1, 0]}
34
6 13 10
7 15 5
6 17 5
13 4 19
16 3 22
1 2 11
0 7 2
6 1 9
9 10 23
7 8 12
0 8 21
12 5 25
9 11 26
0 14 3
13 17 20
1 16 18
15 4 20
14 2 18
15 17 19
3 18 20
14 16 19
22 24 10
21 27 4
24 25 8
21 23 31
23 30 11
28 32 12
22 29 32
26 29 30
27 28 31
25 28 33
24 29 33
26 27 33
30 31 32
22
{[25, 24, 13, 6, 1]}
{[9, 7, 3, 2, 0]}
34
6 13 10
7 15 5
6 17 5
13 4 19
16 3 22
1 2 11
0 7 2
6 1 9
9 10 24
7 8 12
0 8 30
12 5 25
9 11 21
0 14 3
13 17 20
1 16 18
15 4 20
14 2 18
15 17 19
3 18 20
14 16 19
23 24 12
23 25 4
21 22 27
21 26 8
22 31 11
24 28 32
23 29 32
26 29 30
27 28 31
28 33 10
25 29 33
26 27 33
30 31 32
23
{[25, 24, 13, 6, 1]}
{[5, 4, 2, 1, 0]}
34
6 13 10
7 15 5
6 17 5
13 4 19
16 3 21
1 2 11
0 7 2
6 1 9
9 10 24
7 8 12
0 8 27
12 5 22
9 11 23
0 14 3
13 17 20
1 16 18
15 4 20
14 2 18
15 17 19
3 18 20
14 16 19
22 25 4
21 26 11
24 25 12
23 31 8
21 23 30
22 28 32
29 32 10
26 29 30
27 28 31
25 28 33
24 29 33
26 27 33
30 31 32
24
{[25, 24, 13, 6, 1]}
{[8, 7, 4, 2, 0]}
34
6 13 10
7 15 5
6 17 5
13 4 19
16 3 25
1 2 11
0 7 2
6 1 9
9 10 21
7 8 12
0 8 22
12 5 23
9 11 31
0 14 3
13 17 20
1 16 18
15 4 20
14 2 18
15 17 19
3 18 20
14 16 19
23 24 8
24 25 10
21 27 11
21 22 26
22 30 4
24 28 32
23 29 32
26 29 30
27 28 31
25 28 33
29 33 12
26 27 33
30 31 32
25
{[25, 24, 13, 6, 1]}
{[16, 13, 12, 11, 10]}
34
6 13 10
7 15 5
6 17 5
13 4 19
16 3 33
1 2 11
0 7 2
6 1 9
9 10 27
7 8 12
0 8 31
12 5 32
9 11 26
0 14 3
13 17 20
1 16 18
15 4 20
14 2 18
15 17 19
3 18 20
14 16 19
23 24 25
23 26 27
21 22 28
21 27 30
21 26 29
22 25 12
22 24 8
23 29 30
25 28 32
24 28 31
30 33 10
29 33 11
31 32 4
26
{[25, 24, 13, 6, 1]}
{[17, 16, 14, 12, 10]}
34
6 13 10
7 15 5
6 17 5
13 4 19
16 3 32
1 2 11
0 7 2
6 1 9
9 10 30
7 8 12
0 8 33
12 5 31
9 11 27
0 14 3
13 17 20
1 16 18
15 4 20
14 2 18
15 17 19
3 18 20
14 16 19
23 24 25
23 26 27
21 22 28
21 27 30
21 26 29
22 25 31
22 24 12
23 29 30
25 28 33
24 28 8
26 32 11
31 33 4
29 32 10
27
{[25, 24, 13, 6, 1]}
{[16, 13, 12, 11, 10]}
34
6 13 10
7 15 5
6 17 5
13 4 19
16 3 27
1 2 11
0 7 2
6 1 9
9 10 33
7 8 12
0 8 26
12 5 32
9 11 31
0 14 3
13 17 20
1 16 18
15 4 20
14 2 18
15 17 19
3 18 20
14 16 19
23 24 25
23 26 27
21 22 28
21 27 30
21 26 29
22 25 10
22 24 4
23 29 30
25 28 32
24 28 31
30 33 12
29 33 11
31 32 8
28
{[25, 24, 13, 6, 1]}
{[17, 16, 14, 12, 10]}
34
6 13 10
7 15 5
6 17 5
13 4 19
16 3 30
1 2 11
0 7 2
6 1 9
9 10 32
7 8 12
0 8 27
12 5 31
9 11 33
0 14 3
13 17 20
1 16 18
15 4 20
14 2 18
15 17 19
3 18 20
14 16 19
23 24 25
23 26 27
21 22 28
21 27 30
21 26 29
22 25 31
22 24 10
23 29 30
25 28 33
24 28 4
26 32 11
31 33 8
29 32 12
29
{[25, 24, 13, 6, 1]}
{[17, 16, 15, 13, 11]}
34
6 13 10
7 15 5
6 17 5
13 4 19
16 3 26
1 2 11
0 7 2
6 1 9
9 10 32
7 8 12
0 8 29
12 5 33
9 11 31
0 14 3
13 17 20
1 16 18
15 4 20
14 2 18
15 17 19
3 18 20
14 16 19
23 24 25
23 26 27
21 22 28
21 27 30
21 26 29
22 25 4
22 24 31
23 29 30
25 28 10
24 28 33
27 32 12
31 33 8
30 32 11
30
{[25, 24, 13, 6, 1]}
{[17, 16, 15, 13, 11]}
34
6 13 10
7 15 5
6 17 5
13 4 19
16 3 32
1 2 11
0 7 2
6 1 9
9 10 26
7 8 12
0 8 31
12 5 33
9 11 29
0 14 3
13 17 20
1 16 18
15 4 20
14 2 18
15 17 19
3 18 20
14 16 19
23 24 25
23 26 27
21 22 28
21 27 30
21 26 29
22 25 8
22 24 31
23 29 30
25 28 12
24 28 33
27 32 10
31 33 4
30 32 11
31
{[25, 24, 13, 6, 1]}
{[17, 15, 14, 13, 12]}
34
6 13 10
7 15 5
6 17 5
13 4 19
16 3 29
1 2 11
0 7 2
6 1 9
9 10 33
7 8 12
0 8 30
12 5 31
9 11 32
0 14 3
13 17 20
1 16 18
15 4 20
14 2 18
15 17 19
3 18 20
14 16 19
23 24 25
23 26 27
21 22 28
21 27 30
21 26 29
22 25 32
22 24 31
23 29 30
25 28 4
24 28 10
27 33 11
26 33 12
31 32 8
32
{[25, 24, 13, 6, 1]}
{[17, 15, 14, 13, 12]}
34
6 13 10
7 15 5
6 17 5
13 4 19
16 3 33
1 2 11
0 7 2
6 1 9
9 10 29
7 8 12
0 8 32
12 5 31
9 11 30
0 14 3
13 17 20
1 16 18
15 4 20
14 2 18
15 17 19
3 18 20
14 16 19
23 24 25
23 26 27
21 22 28
21 27 30
21 26 29
22 25 32
22 24 31
23 29 30
25 28 8
24 28 12
27 33 11
26 33 10
31 32 4
33
{[9, 8, 7, 3, 2]}
{[5, 4, 2, 1, 0]}
34
11 7 22
3 4 8
11 3 17
1 14 2
19 1 9
19 6 7
5 10 24
0 5 8
1 7 20
10 4 27
20 6 9
0 12 2
11 15 18
14 16 23
13 3 18
12 16 21
13 15 17
2 16 18
12 14 17
20 5 4
19 8 10
22 25 15
21 26 0
24 25 13
23 31 6
21 23 30
22 28 32
29 32 9
26 29 30
27 28 31
25 28 33
24 29 33
26 27 33
30 31 32
34
{[9, 8, 7, 3, 2]}
{[6, 3, 2, 1, 0]}
34
11 7 25
3 4 8
11 3 17
1 14 2
19 1 9
19 6 7
5 10 23
0 5 8
1 7 20
10 4 21
20 6 9
0 12 2
11 15 18
14 16 26
13 3 18
12 16 22
13 15 17
2 16 18
12 14 17
20 5 4
19 8 10
22 24 9
21 27 15
24 25 6
21 23 31
23 30 0
28 32 13
22 29 32
26 29 30
27 28 31
25 28 33
24 29 33
26 27 33
30 31 32
35
{[9, 8, 7, 3, 2]}
{[8, 7, 4, 2, 0]}
34
11 7 23
3 4 8
11 3 17
1 14 2
19 1 9
19 6 7
5 10 21
0 5 8
1 7 20
10 4 22
20 6 9
0 12 2
11 15 18
14 16 31
13 3 18
12 16 25
13 15 17
2 16 18
12 14 17
20 5 4
19 8 10
23 24 6
24 25 9
21 27 0
21 22 26
22 30 15
24 28 32
23 29 32
26 29 30
27 28 31
25 28 33
29 33 13
26 27 33
30 31 32
36
{[9, 8, 7, 3, 2]}
{[9, 7, 3, 2, 0]}
34
11 7 25
3 4 8
11 3 17
1 14 2
19 1 9
19 6 7
5 10 24
0 5 8
1 7 20
10 4 30
20 6 9
0 12 2
11 15 18
14 16 21
13 3 18
12 16 22
13 15 17
2 16 18
12 14 17
20 5 4
19 8 10
23 24 13
23 25 15
21 22 27
21 26 6
22 31 0
24 28 32
23 29 32
26 29 30
27 28 31
28 33 9
25 29 33
26 27 33
30 31 32
37
{[9, 8, 7, 3, 2]}
{[6, 3, 2, 1, 0]}
34
11 7 25
3 4 8
11 3 17
1 14 2
19 1 9
19 6 7
5 10 22
0 5 8
1 7 20
10 4 26
20 6 9
0 12 2
11 15 18
14 16 21
13 3 18
12 16 23
13 15 17
2 16 18
12 14 17
20 5 4
19 8 10
22 24 13
21 27 6
24 25 15
21 23 31
23 30 0
28 32 9
22 29 32
26 29 30
27 28 31
25 28 33
24 29 33
26 27 33
30 31 32
38
{[9, 8, 7, 3, 2]}
{[9, 7, 3, 2, 0]}
34
11 7 25
3 4 8
11 3 17
1 14 2
19 1 9
19 6 7
5 10 22
0 5 8
1 7 20
10 4 21
20 6 9
0 12 2
11 15 18
14 16 30
13 3 18
12 16 24
13 15 17
2 16 18
12 14 17
20 5 4
19 8 10
23 24 9
23 25 6
21 22 27
21 26 15
22 31 0
24 28 32
23 29 32
26 29 30
27 28 31
28 33 13
25 29 33
26 27 33
30 31 32
39
{[9, 8, 7, 3, 2]}
{[5, 4, 2, 1, 0]}
34
11 7 22
3 4 8
11 3 17
1 14 2
19 1 9
19 6 7
5 10 21
0 5 8
1 7 20
10 4 23
20 6 9
0 12 2
11 15 18
14 16 27
13 3 18
12 16 24
13 15 17
2 16 18
12 14 17
20 5 4
19 8 10
22 25 6
21 26 0
24 25 9
23 31 15
21 23 30
22 28 32
29 32 13
26 29 30
27 28 31
25 28 33
24 29 33
26 27 33
30 31 32
40
{[9, 8, 7, 3, 2]}
{[8, 7, 4, 2, 0]}
34
11 7 23
3 4 8
11 3 17
1 14 2
19 1 9
19 6 7
5 10 25
0 5 8
1 7 20
10 4 31
20 6 9
0 12 2
11 15 18
14 16 22
13 3 18
12 16 21
13 15 17
2 16 18
12 14 17
20 5 4
19 8 10
23 24 15
24 25 13
21 27 0
21 22 26
22 30 6
24 28 32
23 29 32
26 29 30
27 28 31
25 28 33
29 33 9
26 27 33
30 31 32
41
{[9, 8, 7, 3, 2]}
{[16, 13, 12, 11, 10]}
34
11 7 32
3 4 8
11 3 17
1 14 2
19 1 9
19 6 7
5 10 33
0 5 8
1 7 20
10 4 26
20 6 9
0 12 2
11 15 18
14 16 31
13 3 18
12 16 27
13 15 17
2 16 18
12 14 17
20 5 4
19 8 10
23 24 25
23 26 27
21 22 28
21 27 30
21 26 29
22 25 9
22 24 15
23 29 30
25 28 32
24 28 31
30 33 13
29 33 0
31 32 6
42
{[9, 8, 7, 3, 2]}
{[17, 16, 14, 12, 10]}
34
11 7 31
3 4 8
11 3 17
1 14 2
19 1 9
19 6 7
5 10 32
0 5 8
1 7 20
10 4 27
20 6 9
0 12 2
11 15 18
14 16 33
13 3 18
12 16 30
13 15 17
2 16 18
12 14 17
20 5 4
19 8 10
23 24 25
23 26 27
21 22 28
21 27 30
21 26 29
22 25 31
22 24 9
23 29 30
25 28 33
24 28 15
26 32 0
31 33 6
29 32 13
43
{[9, 8, 7, 3, 2]}
{[16, 13, 12, 11, 10]}
34
11 7 32
3 4 8
11 3 17
1 14 2
19 1 9
19 6 7
5 10 27
0 5 8
1 7 20
10 4 31
20 6 9
0 12 2
11 15 18
14 16 26
13 3 18
12 16 33
13 15 17
2 16 18
12 14 17
20 5 4
19 8 10
23 24 25
23 26 27
21 22 28
21 27 30
21 26 29
22 25 13
22 24 6
23 29 30
25 28 32
24 28 31
30 33 9
29 33 0
31 32 15
44
{[9, 8, 7, 3, 2]}
{[17, 16, 14, 12, 10]}
34
11 7 31
3 4 8
11 3 17
1 14 2
19 1 9
19 6 7
5 10 30
0 5 8
1 7 20
10 4 33
20 6 9
0 12 2
11 15 18
14 16 27
13 3 18
12 16 32
13 15 17
2 16 18
12 14 17
20 5 4
19 8 10
23 24 25
23 26 27
21 22 28
21 27 30
21 26 29
22 25 31
22 24 13
23 29 30
25 28 33
24 28 6
26 32 0
31 33 15
29 32 9
45
{[9, 8, 7, 3, 2]}
{[17, 16, 15, 13, 11]}
34
11 7 33
3 4 8
11 3 17
1 14 2
19 1 9
19 6 7
5 10 26
0 5 8
1 7 20
10 4 31
20 6 9
0 12 2
11 15 18
14 16 29
13 3 18
12 16 32
13 15 17
2 16 18
12 14 17
20 5 4
19 8 10
23 24 25
23 26 27
21 22 28
21 27 30
21 26 29
22 25 6
22 24 31
23 29 30
25 28 13
24 28 33
27 32 9
31 33 15
30 32 0
46
{[9, 8, 7, 3, 2]}
{[17, 16, 15, 13, 11]}
34
11 7 33
3 4 8
11 3 17
1 14 2
19 1 9
19 6 7
5 10 32
0 5 8
1 7 20
10 4 29
20 6 9
0 12 2
11 15 18
14 16 31
13 3 18
12 16 26
13 15 17
2 16 18
12 14 17
20 5 4
19 8 10
23 24 25
23 26 27
21 22 28
21 27 30
21 26 29
22 25 15
22 24 31
23 29 30
25 28 9
24 28 33
27 32 13
31 33 6
30 32 0
47
{[9, 8, 7, 3, 2]}
{[17, 15, 14, 13, 12]}
34
11 7 31
3 4 8
11 3 17
1 14 2
19 1 9
19 6 7
5 10 29
0 5 8
1 7 20
10 4 32
20 6 9
0 12 2
11 15 18
14 16 30
13 3 18
12 16 33
13 15 17
2 16 18
12 14 17
20 5 4
19 8 10
23 24 25
23 26 27
21 22 28
21 27 30
21 26 29
22 25 32
22 24 31
23 29 30
25 28 6
24 28 13
27 33 0
26 33 9
31 32 15
48
{[9, 8, 7, 3, 2]}
{[17, 15, 14, 13, 12]}
34
11 7 31
3 4 8
11 3 17
1 14 2
19 1 9
19 6 7
5 10 33
0 5 8
1 7 20
10 4 30
20 6 9
0 12 2
11 15 18
14 16 32
13 3 18
12 16 29
13 15 17
2 16 18
12 14 17
20 5 4
19 8 10
23 24 25
23 26 27
21 22 28
21 27 30
21 26 29
22 25 32
22 24 31
23 29 30
25 28 15
24 28 9
27 33 0
26 33 13
31 32 6
49
{[9, 8, 7, 3, 2]}
{[5, 4, 2, 1, 0]}
34
11 7 22
3 4 8
11 3 17
1 14 2
19 1 9
19 6 7
5 10 21
0 5 8
1 7 20
10 4 23
20 6 9
0 12 2
11 15 18
14 16 27
13 3 18
12 16 24
13 15 17
2 16 18
12 14 17
20 5 4
19 8 10
22 25 6
21 26 0
24 25 9
23 31 15
21 23 30
22 28 32
29 32 13
26 29 30
27 28 31
25 28 33
24 29 33
26 27 33
30 31 32
50
{[9, 8, 7, 3, 2]}
{[6, 3, 2, 1, 0]}
34
11 7 25
3 4 8
11 3 17
1 14 2
19 1 9
19 6 7
5 10 22
0 5 8
1 7 20
10 4 26
20 6 9
0 12 2
11 15 18
14 16 21
13 3 18
12 16 23
13 15 17
2 16 18
12 14 17
20 5 4
19 8 10
22 24 13
21 27 6
24 25 15
21 23 31
23 30 0
28 32 9
22 29 32
26 29 30
27 28 31
25 28 33
24 29 33
26 27 33
30 31 32
51
{[9, 8, 7, 3, 2]}
{[8, 7, 4, 2, 0]}
34
11 7 23
3 4 8
11 3 17
1 14 2
19 1 9
19 6 7
5 10 25
0 5 8
1 7 20
10 4 31
20 6 9
0 12 2
11 15 18
14 16 22
13 3 18
12 16 21
13 15 17
2 16 18
12 14 17
20 5 4
19 8 10
23 24 15
24 25 13
21 27 0
21 22 26
22 30 6
24 28 32
23 29 32
26 29 30
27 28 31
25 28 33
29 33 9
26 27 33
30 31 32
52
{[9, 8, 7, 3, 2]}
{[9, 7, 3, 2, 0]}
34
11 7 25
3 4 8
11 3 17
1 14 2
19 1 9
19 6 7
5 10 22
0 5 8
1 7 20
10 4 21
20 6 9
0 12 2
11 15 18
14 16 30
13 3 18
12 16 24
13 15 17
2 16 18
12 14 17
20 5 4
19 8 10
23 24 9
23 25 6
21 22 27
21 26 15
22 31 0
24 28 32
23 29 32
26 29 30
27 28 31
28 33 13
25 29 33
26 27 33
30 31 32
53
{[9, 8, 7, 3, 2]}
{[6, 3, 2, 1, 0]}
34
11 7 25
3 4 8
11 3 17
1 14 2
19 1 9
19 6 7
5 10 23
0 5 8
1 7 20
10 4 21
20 6 9
0 12 2
11 15 18
14 16 26
13 3 18
12 16 22
13 15 17
2 16 18
12 14 17
20 5 4
19 8 10
22 24 9
21 27 15
24 25 6
21 23 31
23 30 0
28 32 13
22 29 32
26 29 30
27 28 31
25 28 33
24 29 33
26 27 33
30 31 32
54
{[9, 8, 7, 3, 2]}
{[9, 7, 3, 2, 0]}
34
11 7 25
3 4 8
11 3 17
1 14 2
19 1 9
19 6 7
5 10 24
0 5 8
1 7 20
10 4 30
20 6 9
0 12 2
11 15 18
14 16 21
13 3 18
12 16 22
13 15 17
2 16 18
12 14 17
20 5 4
19 8 10
23 24 13
23 25 15
21 22 27
21 26 6
22 31 0
24 28 32
23 29 32
26 29 30
27 28 31
28 33 9
25 29 33
26 27 33
30 31 32
55
{[9, 8, 7, 3, 2]}
{[5, 4, 2, 1, 0]}
34
11 7 22
3 4 8
11 3 17
1 14 2
19 1 9
19 6 7
5 10 24
0 5 8
1 7 20
10 4 27
20 6 9
0 12 2
11 15 18
14 16 23
13 3 18
12 16 21
13 15 17
2 16 18
12 14 17
20 5 4
19 8 10
22 25 15
21 26 0
24 25 13
23 31 6
21 23 30
22 28 32
29 32 9
26 29 30
27 28 31
25 28 33
24 29 33
26 27 33
30 31 32
56
{[9, 8, 7, 3, 2]}
{[8, 7, 4, 2, 0]}
34
11 7 23
3 4 8
11 3 17
1 14 2
19 1 9
19 6 7
5 10 21
0 5 8
1 7 20
10 4 22
20 6 9
0 12 2
11 15 18
14 16 31
13 3 18
12 16 25
13 15 17
2 16 18
12 14 17
20 5 4
19 8 10
23 24 6
24 25 9
21 27 0
21 22 26
22 30 15
24 28 32
23 29 32
26 29 30
27 28 31
25 28 33
29 33 13
26 27 33
30 31 32
57
{[9, 8, 7, 3, 2]}
{[16, 13, 12, 11, 10]}
34
11 7 32
3 4 8
11 3 17
1 14 2
19 1 9
19 6 7
5 10 27
0 5 8
1 7 20
10 4 31
20 6 9
0 12 2
11 15 18
14 16 26
13 3 18
12 16 33
13 15 17
2 16 18
12 14 17
20 5 4
19 8 10
23 24 25
23 26 27
21 22 28
21 27 30
21 26 29
22 25 13
22 24 6
23 29 30
25 28 32
24 28 31
30 33 9
29 33 0
31 32 15
58
{[9, 8, 7, 3, 2]}
{[17, 16, 14, 12, 10]}
34
11 7 31
3 4 8
11 3 17
1 14 2
19 1 9
19 6 7
5 10 30
0 5 8
1 7 20
10 4 33
20 6 9
0 12 2
11 15 18
14 16 27
13 3 18
12 16 32
13 15 17
2 16 18
12 14 17
20 5 4
19 8 10
23 24 25
23 26 27
21 22 28
21 27 30
21 26 29
22 25 31
22 24 13
23 29 30
25 28 33
24 28 6
26 32 0
31 33 15
29 32 9
59
{[9, 8, 7, 3, 2]}
{[16, 13, 12, 11, 10]}
34
11 7 32
3 4 8
11 3 17
1 14 2
19 1 9
19 6 7
5 10 33
0 5 8
1 7 20
10 4 26
20 6 9
0 12 2
11 15 18
14 16 31
13 3 18
12 16 27
13 15 17
2 16 18
12 14 17
20 5 4
19 8 10
23 24 25
23 26 27
21 22 28
21 27 30
21 26 29
22 25 9
22 24 15
23 29 30
25 28 32
24 28 31
30 33 13
29 33 0
31 32 6
60
{[9, 8, 7, 3, 2]}
{[17, 16, 14, 12, 10]}
34
11 7 31
3 4 8
11 3 17
1 14 2
19 1 9
19 6 7
5 10 32
0 5 8
1 7 20
10 4 27
20 6 9
0 12 2
11 15 18
14 16 33
13 3 18
12 16 30
13 15 17
2 16 18
12 14 17
20 5 4
19 8 10
23 24 25
23 26 27
21 22 28
21 27 30
21 26 29
22 25 31
22 24 9
23 29 30
25 28 33
24 28 15
26 32 0
31 33 6
29 32 13
61
{[9, 8, 7, 3, 2]}
{[17, 16, 15, 13, 11]}
34
11 7 33
3 4 8
11 3 17
1 14 2
19 1 9
19 6 7
5 10 32
0 5 8
1 7 20
10 4 29
20 6 9
0 12 2
11 15 18
14 16 31
13 3 18
12 16 26
13 15 17
2 16 18
12 14 17
20 5 4
19 8 10
23 24 25
23 26 27
21 22 28
21 27 30
21 26 29
22 25 15
22 24 31
23 29 30
25 28 9
24 28 33
27 32 13
31 33 6
30 32 0
62
{[9, 8, 7, 3, 2]}
{[17, 16, 15, 13, 11]}
34
11 7 33
3 4 8
11 3 17
1 14 2
19 1 9
19 6 7
5 10 26
0 5 8
1 7 20
10 4 31
20 6 9
0 12 2
11 15 18
14 16 29
13 3 18
12 16 32
13 15 17
2 16 18
12 14 17
20 5 4
19 8 10
23 24 25
23 26 27
21 22 28
21 27 30
21 26 29
22 25 6
22 24 31
23 29 30
25 28 13
24 28 33
27 32 9
31 33 15
30 32 0
63
{[9, 8, 7, 3, 2]}
{[17, 15, 14, 13, 12]}
34
11 7 31
3 4 8
11 3 17
1 14 2
19 1 9
19 6 7
5 10 33
0 5 8
1 7 20
10 4 30
20 6 9
0 12 2
11 15 18
14 16 32
13 3 18
12 16 29
13 15 17
2 16 18
12 14 17
20 5 4
19 8 10
23 24 25
23 26 27
21 22 28
21 27 30
21 26 29
22 25 32
22 24 31
23 29 30
25 28 15
24 28 9
27 33 0
26 33 13
31 32 6
64
{[9, 8, 7, 3, 2]}
{[17, 15, 14, 13, 12]}
34
11 7 31
3 4 8
11 3 17
1 14 2
19 1 9
19 6 7
5 10 29
0 5 8
1 7 20
10 4 32
20 6 9
0 12 2
11 15 18
14 16 30
13 3 18
12 16 33
13 15 17
2 16 18
12 14 17
20 5 4
19 8 10
23 24 25
23 26 27
21 22 28
21 27 30
21 26 29
22 25 32
22 24 31
23 29 30
25 28 6
24 28 13
27 33 0
26 33 9
31 32 15
65
{[23, 22, 19, 5, 4]}
{[5, 4, 2, 1, 0]}
34
6 14 10
4 11 21
7 16 5
6 17 5
19 1 12
2 3 12
0 7 3
6 2 9
19 9 10
7 8 13
0 8 11
1 10 20
13 4 5
20 9 12
0 15 27
14 17 24
2 18 22
15 3 18
16 17 23
20 8 4
19 11 13
22 25 1
21 26 16
24 25 18
23 31 15
21 23 30
22 28 32
29 32 14
26 29 30
27 28 31
25 28 33
24 29 33
26 27 33
30 31 32
66
{[23, 22, 19, 5, 4]}
{[6, 3, 2, 1, 0]}
34
6 14 10
4 11 22
7 16 5
6 17 5
19 1 12
2 3 12
0 7 3
6 2 9
19 9 10
7 8 13
0 8 11
1 10 20
13 4 5
20 9 12
0 15 21
14 17 23
2 18 25
15 3 18
16 17 26
20 8 4
19 11 13
22 24 14
21 27 1
24 25 15
21 23 31
23 30 16
28 32 18
22 29 32
26 29 30
27 28 31
25 28 33
24 29 33
26 27 33
30 31 32
67
{[23, 22, 19, 5, 4]}
{[8, 7, 4, 2, 0]}
34
6 14 10
4 11 25
7 16 5
6 17 5
19 1 12
2 3 12
0 7 3
6 2 9
19 9 10
7 8 13
0 8 11
1 10 20
13 4 5
20 9 12
0 15 22
14 17 21
2 18 23
15 3 18
16 17 31
20 8 4
19 11 13
23 24 15
24 25 14
21 27 16
21 22 26
22 30 1
24 28 32
23 29 32
26 29 30
27 28 31
25 28 33
29 33 18
26 27 33
30 31 32
68
{[23, 22, 19, 5, 4]}
{[9, 7, 3, 2, 0]}
34
6 14 10
4 11 22
7 16 5
6 17 5
19 1 12
2 3 12
0 7 3
6 2 9
19 9 10
7 8 13
0 8 11
1 10 20
13 4 5
20 9 12
0 15 30
14 17 24
2 18 25
15 3 18
16 17 21
20 8 4
19 11 13
23 24 18
23 25 1
21 22 27
21 26 15
22 31 16
24 28 32
23 29 32
26 29 30
27 28 31
28 33 14
25 29 33
26 27 33
30 31 32
69
{[23, 22, 19, 5, 4]}
{[6, 3, 2, 1, 0]}
34
6 14 10
4 11 23
7 16 5
6 17 5
19 1 12
2 3 12
0 7 3
6 2 9
19 9 10
7 8 13
0 8 11
1 10 20
13 4 5
20 9 12
0 15 26
14 17 22
2 18 25
15 3 18
16 17 21
20 8 4
19 11 13
22 24 18
21 27 15
24 25 1
21 23 31
23 30 16
28 32 14
22 29 32
26 29 30
27 28 31
25 28 33
24 29 33
26 27 33
30 31 32
70
{[23, 22, 19, 5, 4]}
{[9, 7, 3, 2, 0]}
34
6 14 10
4 11 24
7 16 5
6 17 5
19 1 12
2 3 12
0 7 3
6 2 9
19 9 10
7 8 13
0 8 11
1 10 20
13 4 5
20 9 12
0 15 21
14 17 22
2 18 25
15 3 18
16 17 30
20 8 4
19 11 13
23 24 14
23 25 15
21 22 27
21 26 1
22 31 16
24 28 32
23 29 32
26 29 30
27 28 31
28 33 18
25 29 33
26 27 33
30 31 32
71
{[23, 22, 19, 5, 4]}
{[5, 4, 2, 1, 0]}
34
6 14 10
4 11 24
7 16 5
6 17 5
19 1 12
2 3 12
0 7 3
6 2 9
19 9 10
7 8 13
0 8 11
1 10 20
13 4 5
20 9 12
0 15 23
14 17 21
2 18 22
15 3 18
16 17 27
20 8 4
19 11 13
22 25 15
21 26 16
24 25 14
23 31 1
21 23 30
22 28 32
29 32 18
26 29 30
27 28 31
25 28 33
24 29 33
26 27 33
30 31 32
72
{[23, 22, 19, 5, 4]}
{[8, 7, 4, 2, 0]}
34
6 14 10
4 11 21
7 16 5
6 17 5
19 1 12
2 3 12
0 7 3
6 2 9
19 9 10
7 8 13
0 8 11
1 10 20
13 4 5
20 9 12
0 15 31
14 17 25
2 18 23
15 3 18
16 17 22
20 8 4
19 11 13
23 24 1
24 25 18
21 27 16
21 22 26
22 30 15
24 28 32
23 29 32
26 29 30
27 28 31
25 28 33
29 33 14
26 27 33
30 31 32
73
{[23, 22, 19, 5, 4]}
{[16, 13, 12, 11, 10]}
34
6 14 10
4 11 27
7 16 5
6 17 5
19 1 12
2 3 12
0 7 3
6 2 9
19 9 10
7 8 13
0 8 11
1 10 20
13 4 5
20 9 12
0 15 26
14 17 33
2 18 32
15 3 18
16 17 31
20 8 4
19 11 13
23 24 25
23 26 27
21 22 28
21 27 30
21 26 29
22 25 14
22 24 1
23 29 30
25 28 32
24 28 31
30 33 18
29 33 16
31 32 15
74
{[23, 22, 19, 5, 4]}
{[17, 16, 14, 12, 10]}
34
6 14 10
4 11 30
7 16 5
6 17 5
19 1 12
2 3 12
0 7 3
6 2 9
19 9 10
7 8 13
0 8 11
1 10 20
13 4 5
20 9 12
0 15 27
14 17 32
2 18 31
15 3 18
16 17 33
20 8 4
19 11 13
23 24 25
23 26 27
21 22 28
21 27 30
21 26 29
22 25 31
22 24 14
23 29 30
25 28 33
24 28 1
26 32 16
31 33 15
29 32 18
75
{[23, 22, 19, 5, 4]}
{[16, 13, 12, 11, 10]}
34
6 14 10
4 11 33
7 16 5
6 17 5
19 1 12
2 3 12
0 7 3
6 2 9
19 9 10
7 8 13
0 8 11
1 10 20
13 4 5
20 9 12
0 15 31
14 17 27
2 18 32
15 3 18
16 17 26
20 8 4
19 11 13
23 24 25
23 26 27
21 22 28
21 27 30
21 26 29
22 25 18
22 24 15
23 29 30
25 28 32
24 28 31
30 33 14
29 33 16
31 32 1
76
{[23, 22, 19, 5, 4]}
{[17, 16, 14, 12, 10]}
34
6 14 10
4 11 32
7 16 5
6 17 5
19 1 12
2 3 12
0 7 3
6 2 9
19 9 10
7 8 13
0 8 11
1 10 20
13 4 5
20 9 12
0 15 33
14 17 30
2 18 31
15 3 18
16 17 27
20 8 4
19 11 13
23 24 25
23 26 27
21 22 28
21 27 30
21 26 29
22 25 31
22 24 18
23 29 30
25 28 33
24 28 15
26 32 16
31 33 1
29 32 14
77
{[23, 22, 19, 5, 4]}
{[17, 16, 15, 13, 11]}
34
6 14 10
4 11 32
7 16 5
6 17 5
19 1 12
2 3 12
0 7 3
6 2 9
19 9 10
7 8 13
0 8 11
1 10 20
13 4 5
20 9 12
0 15 31
14 17 26
2 18 33
15 3 18
16 17 29
20 8 4
19 11 13
23 24 25
23 26 27
21 22 28
21 27 30
21 26 29
22 25 15
22 24 31
23 29 30
25 28 18
24 28 33
27 32 14
31 33 1
30 32 16
78
{[23, 22, 19, 5, 4]}
{[17, 16, 15, 13, 11]}
34
6 14 10
4 11 26
7 16 5
6 17 5
19 1 12
2 3 12
0 7 3
6 2 9
19 9 10
7 8 13
0 8 11
1 10 20
13 4 5
20 9 12
0 15 29
14 17 32
2 18 33
15 3 18
16 17 31
20 8 4
19 11 13
23 24 25
23 26 27
21 22 28
21 27 30
21 26 29
22 25 1
22 24 31
23 29 30
25 28 14
24 28 33
27 32 18
31 33 15
30 32 16
79
{[23, 22, 19, 5, 4]}
{[17, 15, 14, 13, 12]}
34
6 14 10
4 11 33
7 16 5
6 17 5
19 1 12
2 3 12
0 7 3
6 2 9
19 9 10
7 8 13
0 8 11
1 10 20
13 4 5
20 9 12
0 15 32
14 17 29
2 18 31
15 3 18
16 17 30
20 8 4
19 11 13
23 24 25
23 26 27
21 22 28
21 27 30
21 26 29
22 25 32
22 24 31
23 29 30
25 28 15
24 28 18
27 33 16
26 33 14
31 32 1
80
{[23, 22, 19, 5, 4]}
{[17, 15, 14, 13, 12]}
34
6 14 10
4 11 29
7 16 5
6 17 5
19 1 12
2 3 12
0 7 3
6 2 9
19 9 10
7 8 13
0 8 11
1 10 20
13 4 5
20 9 12
0 15 30
14 17 33
2 18 31
15 3 18
16 17 32
20 8 4
19 11 13
23 24 25
23 26 27
21 22 28
21 27 30
21 26 29
22 25 32
22 24 31
23 29 30
25 28 1
24 28 14
27 33 16
26 33 18
31 32 15
81
{[23, 22, 17, 16, 4]}
{[5, 4, 2, 1, 0]}
34
7 11 24
4 5 12
8 15 6
7 17 6
1 16 22
19 1 13
2 3 13
0 8 3
7 2 10
19 10 11
8 9 14
0 9 12
1 11 20
14 5 6
20 10 13
2 16 18
15 4 27
3 18 23
15 17 21
20 9 5
19 12 14
22 25 18
21 26 4
24 25 17
23 31 0
21 23 30
22 28 32
29 32 16
26 29 30
27 28 31
25 28 33
24 29 33
26 27 33
30 31 32
82
{[23, 22, 17, 16, 4]}
{[6, 3, 2, 1, 0]}
34
7 11 23
4 5 12
8 15 6
7 17 6
1 16 25
19 1 13
2 3 13
0 8 3
7 2 10
19 10 11
8 9 14
0 9 12
1 11 20
14 5 6
20 10 13
2 16 18
15 4 21
3 18 26
15 17 22
20 9 5
19 12 14
22 24 16
21 27 18
24 25 0
21 23 31
23 30 4
28 32 17
22 29 32
26 29 30
27 28 31
25 28 33
24 29 33
26 27 33
30 31 32
83
{[23, 22, 17, 16, 4]}
{[8, 7, 4, 2, 0]}
34
7 11 21
4 5 12
8 15 6
7 17 6
1 16 23
19 1 13
2 3 13
0 8 3
7 2 10
19 10 11
8 9 14
0 9 12
1 11 20
14 5 6
20 10 13
2 16 18
15 4 22
3 18 31
15 17 25
20 9 5
19 12 14
23 24 0
24 25 16
21 27 4
21 22 26
22 30 18
24 28 32
23 29 32
26 29 30
27 28 31
25 28 33
29 33 17
26 27 33
30 31 32
84
{[23, 22, 17, 16, 4]}
{[9, 7, 3, 2, 0]}
34
7 11 24
4 5 12
8 15 6
7 17 6
1 16 25
19 1 13
2 3 13
0 8 3
7 2 10
19 10 11
8 9 14
0 9 12
1 11 20
14 5 6
20 10 13
2 16 18
15 4 30
3 18 21
15 17 22
20 9 5
19 12 14
23 24 17
23 25 18
21 22 27
21 26 0
22 31 4
24 28 32
23 29 32
26 29 30
27 28 31
28 33 16
25 29 33
26 27 33
30 31 32
85
{[23, 22, 17, 16, 4]}
{[6, 3, 2, 1, 0]}
34
7 11 22
4 5 12
8 15 6
7 17 6
1 16 25
19 1 13
2 3 13
0 8 3
7 2 10
19 10 11
8 9 14
0 9 12
1 11 20
14 5 6
20 10 13
2 16 18
15 4 26
3 18 21
15 17 23
20 9 5
19 12 14
22 24 17
21 27 0
24 25 18
21 23 31
23 30 4
28 32 16
22 29 32
26 29 30
27 28 31
25 28 33
24 29 33
26 27 33
30 31 32
86
{[23, 22, 17, 16, 4]}
{[9, 7, 3, 2, 0]}
34
7 11 22
4 5 12
8 15 6
7 17 6
1 16 25
19 1 13
2 3 13
0 8 3
7 2 10
19 10 11
8 9 14
0 9 12
1 11 20
14 5 6
20 10 13
2 16 18
15 4 21
3 18 30
15 17 24
20 9 5
19 12 14
23 24 16
23 25 0
21 22 27
21 26 18
22 31 4
24 28 32
23 29 32
26 29 30
27 28 31
28 33 17
25 29 33
26 27 33
30 31 32
87
{[23, 22, 17, 16, 4]}
{[5, 4, 2, 1, 0]}
34
7 11 21
4 5 12
8 15 6
7 17 6
1 16 22
19 1 13
2 3 13
0 8 3
7 2 10
19 10 11
8 9 14
0 9 12
1 11 20
14 5 6
20 10 13
2 16 18
15 4 23
3 18 27
15 17 24
20 9 5
19 12 14
22 25 0
21 26 4
24 25 16
23 31 18
21 23 30
22 28 32
29 32 17
26 29 30
27 28 31
25 28 33
24 29 33
26 27 33
30 31 32
88
{[23, 22, 17, 16, 4]}
{[8, 7, 4, 2, 0]}
34
7 11 25
4 5 12
8 15 6
7 17 6
1 16 23
19 1 13
2 3 13
0 8 3
7 2 10
19 10 11
8 9 14
0 9 12
1 11 20
14 5 6
20 10 13
2 16 18
15 4 31
3 18 22
15 17 21
20 9 5
19 12 14
23 24 18
24 25 17
21 27 4
21 22 26
22 30 0
24 28 32
23 29 32
26 29 30
27 28 31
25 28 33
29 33 16
26 27 33
30 31 32
89
{[23, 22, 17, 16, 4]}
{[16, 13, 12, 11, 10]}
34
7 11 33
4 5 12
8 15 6
7 17 6
1 16 32
19 1 13
2 3 13
0 8 3
7 2 10
19 10 11
8 9 14
0 9 12
1 11 20
14 5 6
20 10 13
2 16 18
15 4 26
3 18 31
15 17 27
20 9 5
19 12 14
23 24 25
23 26 27
21 22 28
21 27 30
21 26 29
22 25 16
22 24 18
23 29 30
25 28 32
24 28 31
30 33 17
29 33 4
31 32 0
90
{[23, 22, 17, 16, 4]}
{[17, 16, 14, 12, 10]}
34
7 11 32
4 5 12
8 15 6
7 17 6
1 16 31
19 1 13
2 3 13
0 8 3
7 2 10
19 10 11
8 9 14
0 9 12
1 11 20
14 5 6
20 10 13
2 16 18
15 4 27
3 18 33
15 17 30
20 9 5
19 12 14
23 24 25
23 26 27
21 22 28
21 27 30
21 26 29
22 25 31
22 24 16
23 29 30
25 28 33
24 28 18
26 32 4
31 33 0
29 32 17
91
{[23, 22, 17, 16, 4]}
{[16, 13, 12, 11, 10]}
34
7 11 27
4 5 12
8 15 6
7 17 6
1 16 32
19 1 13
2 3 13
0 8 3
7 2 10
19 10 11
8 9 14
0 9 12
1 11 20
14 5 6
20 10 13
2 16 18
15 4 31
3 18 26
15 17 33
20 9 5
19 12 14
23 24 25
23 26 27
21 22 28
21 27 30
21 26 29
22 25 17
22 24 0
23 29 30
25 28 32
24 28 31
30 33 16
29 33 4
31 32 18
92
{[23, 22, 17, 16, 4]}
{[17, 16, 14, 12, 10]}
34
7 11 30
4 5 12
8 15 6
7 17 6
1 16 31
19 1 13
2 3 13
0 8 3
7 2 10
19 10 11
8 9 14
0 9 12
1 11 20
14 5 6
20 10 13
2 16 18
15 4 33
3 18 27
15 17 32
20 9 5
19 12 14
23 24 25
23 26 27
21 22 28
21 27 30
21 26 29
22 25 31
22 24 17
23 29 30
25 28 33
24 28 0
26 32 4
31 33 18
29 32 16
93
{[23, 22, 17, 16, 4]}
{[17, 16, 15, 13, 11]}
34
7 11 26
4 5 12
8 15 6
7 17 6
1 16 33
19 1 13
2 3 13
0 8 3
7 2 10
19 10 11
8 9 14
0 9 12
1 11 20
14 5 6
20 10 13
2 16 18
15 4 31
3 18 29
15 17 32
20 9 5
19 12 14
23 24 25
23 26 27
21 22 28
21 27 30
21 26 29
22 25 0
22 24 31
23 29 30
25 28 17
24 28 33
27 32 16
31 33 18
30 32 4
94
{[23, 22, 17, 16, 4]}
{[17, 16, 15, 13, 11]}
34
7 11 32
4 5 12
8 15 6
7 17 6
1 16 33
19 1 13
2 3 13
0 8 3
7 2 10
19 10 11
8 9 14
0 9 12
1 11 20
14 5 6
20 10 13
2 16 18
15 4 29
3 18 31
15 17 26
20 9 5
19 12 14
23 24 25
23 26 27
21 22 28
21 27 30
21 26 29
22 25 18
22 24 31
23 29 30
25 28 16
24 28 33
27 32 17
31 33 0
30 32 4
95
{[23, 22, 17, 16, 4]}
{[17, 15, 14, 13, 12]}
34
7 11 29
4 5 12
8 15 6
7 17 6
1 16 31
19 1 13
2 3 13
0 8 3
7 2 10
19 10 11
8 9 14
0 9 12
1 11 20
14 5 6
20 10 13
2 16 18
15 4 32
3 18 30
15 17 33
20 9 5
19 12 14
23 24 25
23 26 27
21 22 28
21 27 30
21 26 29
22 25 32
22 24 31
23 29 30
25 28 0
24 28 17
27 33 4
26 33 16
31 32 18
96
{[23, 22, 17, 16, 4]}
{[17, 15, 14, 13, 12]}
34
7 11 33
4 5 12
8 15 6
7 17 6
1 16 31
19 1 13
2 3 13
0 8 3
7 2 10
19 10 11
8 9 14
0 9 12
1 11 20
14 5 6
20 10 13
2 16 18
15 4 30
3 18 32
15 17 29
20 9 5
19 12 14
23 24 25
23 26 27
21 22 28
21 27 30
21 26 29
22 25 32
22 24 31
23 29 30
25 28 18
24 28 16
27 33 4
26 33 17
31 32 0
97
{[23, 22, 17, 16, 4]}
{[5, 4, 2, 1, 0]}
34
7 11 21
4 5 12
8 15 6
7 17 6
1 16 22
19 1 13
2 3 13
0 8 3
7 2 10
19 10 11
8 9 14
0 9 12
1 11 20
14 5 6
20 10 13
2 16 18
15 4 23
3 18 27
15 17 24
20 9 5
19 12 14
22 25 0
21 26 4
24 25 16
23 31 18
21 23 30
22 28 32
29 32 17
26 29 30
27 28 31
25 28 33
24 29 33
26 27 33
30 31 32
98
{[23, 22, 17, 16, 4]}
{[6, 3, 2, 1, 0]}
34
7 11 22
4 5 12
8 15 6
7 17 6
1 16 25
19 1 13
2 3 13
0 8 3
7 2 10
19 10 11
8 9 14
0 9 12
1 11 20
14 5 6
20 10 13
2 16 18
15 4 26
3 18 21
15 17 23
20 9 5
19 12 14
22 24 17
21 27 0
24 25 18
21 23 31
23 30 4
28 32 16
22 29 32
26 29 30
27 28 31
25 28 33
24 29 33
26 27 33
30 31 32
99
{[23, 22, 17, 16, 4]}
{[8, 7, 4, 2, 0]}
34
7 11 25
4 5 12
8 15 6
7 17 6
1 16 23
19 1 13
2 3 13
0 8 3
7 2 10
19 10 11
8 9 14
0 9 12
1 11 20
14 5 6
20 10 13
2 16 18
15 4 31
3 18 22
15 17 21
20 9 5
19 12 14
23 24 18
24 25 17
21 27 4
21 22 26
22 30 0
24 28 32
23 29 32
26 29 30
27 28 31
25 28 33
29 33 16
26 27 33
30 31 32
100
{[23, 22, 17, 16, 4]}
{[9, 7, 3, 2, 0]}
34
7 11 22
4 5 12
8 15 6
7 17 6
1 16 25
19 1 13
2 3 13
0 8 3
7 2 10
19 10 11
8 9 14
0 9 12
1 11 20
14 5 6
20 10 13
2 16 18
15 4 21
3 18 30
15 17 24
20 9 5
19 12 14
23 24 16
23 25 0
21 22 27
21 26 18
22 31 4
24 28 32
23 29 32
26 29 30
27 28 31
28 33 17
25 29 33
26 27 33
30 31 32
101
{[23, 22, 17, 16, 4]}
{[6, 3, 2, 1, 0]}
34
7 11 23
4 5 12
8 15 6
7 17 6
1 16 25
19 1 13
2 3 13
0 8 3
7 2 10
19 10 11
8 9 14
0 9 12
1 11 20
14 5 6
20 10 13
2 16 18
15 4 21
3 18 26
15 17 22
20 9 5
19 12 14
22 24 16
21 27 18
24 25 0
21 23 31
23 30 4
28 32 17
22 29 32
26 29 30
27 28 31
25 28 33
24 29 33
26 27 33
30 31 32
102
{[23, 22, 17, 16, 4]}
{[9, 7, 3, 2, 0]}
34
7 11 24
4 5 12
8 15 6
7 17 6
1 16 25
19 1 13
2 3 13
0 8 3
7 2 10
19 10 11
8 9 14
0 9 12
1 11 20
14 5 6
20 10 13
2 16 18
15 4 30
3 18 21
15 17 22
20 9 5
19 12 14
23 24 17
23 25 18
21 22 27
21 26 0
22 31 4
24 28 32
23 29 32
26 29 30
27 28 31
28 33 16
25 29 33
26 27 33
30 31 32
103
{[23, 22, 17, 16, 4]}
{[5, 4, 2, 1, 0]}
34
7 11 24
4 5 12
8 15 6
7 17 6
1 16 22
19 1 13
2 3 13
0 8 3
7 2 10
19 10 11
8 9 14
0 9 12
1 11 20
14 5 6
20 10 13
2 16 18
15 4 27
3 18 23
15 17 21
20 9 5
19 12 14
22 25 18
21 26 4
24 25 17
23 31 0
21 23 30
22 28 32
29 32 16
26 29 30
27 28 31
25 28 33
24 29 33
26 27 33
30 31 32
104
{[23, 22, 17, 16, 4]}
{[8, 7, 4, 2, 0]}
34
7 11 21
4 5 12
8 15 6
7 17 6
1 16 23
19 1 13
2 3 13
0 8 3
7 2 10
19 10 11
8 9 14
0 9 12
1 11 20
14 5 6
20 10 13
2 16 18
15 4 22
3 18 31
15 17 25
20 9 5
19 12 14
23 24 0
24 25 16
21 27 4
21 22 26
22 30 18
24 28 32
23 29 32
26 29 30
27 28 31
25 28 33
29 33 17
26 27 33
30 31 32
105
{[23, 22, 17, 16, 4]}
{[16, 13, 12, 11, 10]}
34
7 11 27
4 5 12
8 15 6
7 17 6
1 16 32
19 1 13
2 3 13
0 8 3
7 2 10
19 10 11
8 9 14
0 9 12
1 11 20
14 5 6
20 10 13
2 16 18
15 4 31
3 18 26
15 17 33
20 9 5
19 12 14
23 24 25
23 26 27
21 22 28
21 27 30
21 26 29
22 25 17
22 24 0
23 29 30
25 28 32
24 28 31
30 33 16
29 33 4
31 32 18
106
{[23, 22, 17, 16, 4]}
{[17, 16, 14, 12, 10]}
34
7 11 30
4 5 12
8 15 6
7 17 6
1 16 31
19 1 13
2 3 13
0 8 3
7 2 10
19 10 11
8 9 14
0 9 12
1 11 20
14 5 6
20 10 13
2 16 18
15 4 33
3 18 27
15 17 32
20 9 5
19 12 14
23 24 25
23 26 27
21 22 28
21 27 30
21 26 29
22 25 31
22 24 17
23 29 30
25 28 33
24 28 0
26 32 4
31 33 18
29 32 16
107
{[23, 22, 17, 16, 4]}
{[16, 13, 12, 11, 10]}
34
7 11 33
4 5 12
8 15 6
7 17 6
1 16 32
19 1 13
2 3 13
0 8 3
7 2 10
19 10 11
8 9 14
0 9 12
1 11 20
14 5 6
20 10 13
2 16 18
15 4 26
3 18 31
15 17 27
20 9 5
19 12 14
23 24 25
23 26 27
21 22 28
21 27 30
21 26 29
22 25 16
22 24 18
23 29 30
25 28 32
24 28 31
30 33 17
29 33 4
31 32 0
108
{[23, 22, 17, 16, 4]}
{[17, 16, 14, 12, 10]}
34
7 11 32
4 5 12
8 15 6
7 17 6
1 16 31
19 1 13
2 3 13
0 8 3
7 2 10
19 10 11
8 9 14
0 9 12
1 11 20
14 5 6
20 10 13
2 16 18
15 4 27
3 18 33
15 17 30
20 9 5
19 12 14
23 24 25
23 26 27
21 22 28
21 27 30
21 26 29
22 25 31
22 24 16
23 29 30
25 28 33
24 28 18
26 32 4
31 33 0
29 32 17
109
{[23, 22, 17, 16, 4]}
{[17, 16, 15, 13, 11]}
34
7 11 32
4 5 12
8 15 6
7 17 6
1 16 33
19 1 13
2 3 13
0 8 3
7 2 10
19 10 11
8 9 14
0 9 12
1 11 20
14 5 6
20 10 13
2 16 18
15 4 29
3 18 31
15 17 26
20 9 5
19 12 14
23 24 25
23 26 27
21 22 28
21 27 30
21 26 29
22 25 18
22 24 31
23 29 30
25 28 16
24 28 33
27 32 17
31 33 0
30 32 4
110
{[23, 22, 17, 16, 4]}
{[17, 16, 15, 13, 11]}
34
7 11 26
4 5 12
8 15 6
7 17 6
1 16 33
19 1 13
2 3 13
0 8 3
7 2 10
19 10 11
8 9 14
0 9 12
1 11 20
14 5 6
20 10 13
2 16 18
15 4 31
3 18 29
15 17 32
20 9 5
19 12 14
23 24 25
23 26 27
21 22 28
21 27 30
21 26 29
22 25 0
22 24 31
23 29 30
25 28 17
24 28 33
27 32 16
31 33 18
30 32 4
111
{[23, 22, 17, 16, 4]}
{[17, 15, 14, 13, 12]}
34
7 11 33
4 5 12
8 15 6
7 17 6
1 16 31
19 1 13
2 3 13
0 8 3
7 2 10
19 10 11
8 9 14
0 9 12
1 11 20
14 5 6
20 10 13
2 16 18
15 4 30
3 18 32
15 17 29
20 9 5
19 12 14
23 24 25
23 26 27
21 22 28
21 27 30
21 26 29
22 25 32
22 24 31
23 29 30
25 28 18
24 28 16
27 33 4
26 33 17
31 32 0
112
{[23, 22, 17, 16, 4]}
{[17, 15, 14, 13, 12]}
34
7 11 29
4 5 12
8 15 6
7 17 6
1 16 31
19 1 13
2 3 13
0 8 3
7 2 10
19 10 11
8 9 14
0 9 12
1 11 20
14 5 6
20 10 13
2 16 18
15 4 32
3 18 30
15 17 33
20 9 5
19 12 14
23 24 25
23 26 27
21 22 28
21 27 30
21 26 29
22 25 32
22 24 31
23 29 30
25 28 0
24 28 17
27 33 4
26 33 16
31 32 18
113
{[23, 22, 19, 5, 4]}
{[5, 4, 2, 1, 0]}
34
6 14 10
4 11 24
7 16 5
6 17 5
19 1 12
2 3 12
0 7 3
6 2 9
19 9 10
7 8 13
0 8 11
1 10 20
13 4 5
20 9 12
0 15 23
14 17 21
2 18 22
15 3 18
16 17 27
20 8 4
19 11 13
22 25 15
21 26 16
24 25 14
23 31 1
21 23 30
22 28 32
29 32 18
26 29 30
27 28 31
25 28 33
24 29 33
26 27 33
30 31 32
114
{[23, 22, 19, 5, 4]}
{[6, 3, 2, 1, 0]}
34
6 14 10
4 11 23
7 16 5
6 17 5
19 1 12
2 3 12
0 7 3
6 2 9
19 9 10
7 8 13
0 8 11
1 10 20
13 4 5
20 9 12
0 15 26
14 17 22
2 18 25
15 3 18
16 17 21
20 8 4
19 11 13
22 24 18
21 27 15
24 25 1
21 23 31
23 30 16
28 32 14
22 29 32
26 29 30
27 28 31
25 28 33
24 29 33
26 27 33
30 31 32
115
{[23, 22, 19, 5, 4]}
{[8, 7, 4, 2, 0]}
34
6 14 10
4 11 21
7 16 5
6 17 5
19 1 12
2 3 12
0 7 3
6 2 9
19 9 10
7 8 13
0 8 11
1 10 20
13 4 5
20 9 12
0 15 31
14 17 25
2 18 23
15 3 18
16 17 22
20 8 4
19 11 13
23 24 1
24 25 18
21 27 16
21 22 26
22 30 15
24 28 32
23 29 32
26 29 30
27 28 31
25 28 33
29 33 14
26 27 33
30 31 32
116
{[23, 22, 19, 5, 4]}
{[9, 7, 3, 2, 0]}
34
6 14 10
4 11 24
7 16 5
6 17 5
19 1 12
2 3 12
0 7 3
6 2 9
19 9 10
7 8 13
0 8 11
1 10 20
13 4 5
20 9 12
0 15 21
14 17 22
2 18 25
15 3 18
16 17 30
20 8 4
19 11 13
23 24 14
23 25 15
21 22 27
21 26 1
22 31 16
24 28 32
23 29 32
26 29 30
27 28 31
28 33 18
25 29 33
26 27 33
30 31 32
117
{[23, 22, 19, 5, 4]}
{[6, 3, 2, 1, 0]}
34
6 14 10
4 11 22
7 16 5
6 17 5
19 1 12
2 3 12
0 7 3
6 2 9
19 9 10
7 8 13
0 8 11
1 10 20
13 4 5
20 9 12
0 15 21
14 17 23
2 18 25
15 3 18
16 17 26
20 8 4
19 11 13
22 24 14
21 27 1
24 25 15
21 23 31
23 30 16
28 32 18
22 29 32
26 29 30
27 28 31
25 28 33
24 29 33
26 27 33
30 31 32
118
{[23, 22, 19, 5, 4]}
{[9, 7, 3, 2, 0]}
34
6 14 10
4 11 22
7 16 5
6 17 5
19 1 12
2 3 12
0 7 3
6 2 9
19 9 10
7 8 13
0 8 11
1 10 20
13 4 5
20 9 12
0 15 30
14 17 24
2 18 25
15 3 18
16 17 21
20 8 4
19 11 13
23 24 18
23 25 1
21 22 27
21 26 15
22 31 16
24 28 32
23 29 32
26 29 30
27 28 31
28 33 14
25 29 33
26 27 33
30 31 32
119
{[23, 22, 19, 5, 4]}
{[5, 4, 2, 1, 0]}
34
6 14 10
4 11 21
7 16 5
6 17 5
19 1 12
2 3 12
0 7 3
6 2 9
19 9 10
7 8 13
0 8 11
1 10 20
13 4 5
20 9 12
0 15 27
14 17 24
2 18 22
15 3 18
16 17 23
20 8 4
19 11 13
22 25 1
21 26 16
24 25 18
23 31 15
21 23 30
22 28 32
29 32 14
26 29 30
27 28 31
25 28 33
24 29 33
26 27 33
30 31 32
120
{[23, 22, 19, 5, 4]}
{[8, 7, 4, 2, 0]}
34
6 14 10
4 11 25
7 16 5
6 17 5
19 1 12
2 3 12
0 7 3
6 2 9
19 9 10
7 8 13
0 8 11
1 10 20
13 4 5
20 9 12
0 15 22
14 17 21
2 18 23
15 3 18
16 17 31
20 8 4
19 11 13
23 24 15
24 25 14
21 27 16
21 22 26
22 30 1
24 28 32
23 29 32
26 29 30
27 28 31
25 28 33
29 33 18
26 27 33
30 31 32
121
{[23, 22, 19, 5, 4]}
{[16, 13, 12, 11, 10]}
34
6 14 10
4 11 33
7 16 5
6 17 5
19 1 12
2 3 12
0 7 3
6 2 9
19 9 10
7 8 13
0 8 11
1 10 20
13 4 5
20 9 12
0 15 31
14 17 27
2 18 32
15 3 18
16 17 26
20 8 4
19 11 13
23 24 25
23 26 27
21 22 28
21 27 30
21 26 29
22 25 18
22 24 15
23 29 30
25 28 32
24 28 31
30 33 14
29 33 16
31 32 1
122
{[23, 22, 19, 5, 4]}
{[17, 16, 14, 12, 10]}
34
6 14 10
4 11 32
7 16 5
6 17 5
19 1 12
2 3 12
0 7 3
6 2 9
19 9 10
7 8 13
0 8 11
1 10 20
13 4 5
20 9 12
0 15 33
14 17 30
2 18 31
15 3 18
16 17 27
20 8 4
19 11 13
23 24 25
23 26 27
21 22 28
21 27 30
21 26 29
22 25 31
22 24 18
23 29 30
25 28 33
24 28 15
26 32 16
31 33 1
29 32 14
123
{[23, 22, 19, 5, 4]}
{[16, 13, 12, 11, 10]}
34
6 14 10
4 11 27
7 16 5
6 17 5
19 1 12
2 3 12
0 7 3
6 2 9
19 9 10
7 8 13
0 8 11
1 10 20
13 4 5
20 9 12
0 15 26
14 17 33
2 18 32
15 3 18
16 17 31
20 8 4
19 11 13
23 24 25
23 26 27
21 22 28
21 27 30
21 26 29
22 25 14
22 24 1
23 29 30
25 28 32
24 28 31
30 33 18
29 33 16
31 32 15
124
{[23, 22, 19, 5, 4]}
{[17, 16, 14, 12, 10]}
34
6 14 10
4 11 30
7 16 5
6 17 5
19 1 12
2 3 12
0 7 3
6 2 9
19 9 10
7 8 13
0 8 11
1 10 20
13 4 5
20 9 12
0 15 27
14 17 32
2 18 31
15 3 18
16 17 33
20 8 4
19 11 13
23 24 25
23 26 27
21 22 28
21 27 30
21 26 29
22 25 31
22 24 14
23 29 30
25 28 33
24 28 1
26 32 16
31 33 15
29 32 18
125
{[23, 22, 19, 5, 4]}
{[17, 16, 15, 13, 11]}
34
6 14 10
4 11 26
7 16 5
6 17 5
19 1 12
2 3 12
0 7 3
6 2 9
19 9 10
7 8 13
0 8 11
1 10 20
13 4 5
20 9 12
0 15 29
14 17 32
2 18 33
15 3 18
16 17 31
20 8 4
19 11 13
23 24 25
23 26 27
21 22 28
21 27 30
21 26 29
22 25 1
22 24 31
23 29 30
25 28 14
24 28 33
27 32 18
31 33 15
30 32 16
126
{[23, 22, 19, 5, 4]}
{[17, 16, 15, 13, 11]}
34
6 14 10
4 11 32
7 16 5
6 17 5
19 1 12
2 3 12
0 7 3
6 2 9
19 9 10
7 8 13
0 8 11
1 10 20
13 4 5
20 9 12
0 15 31
14 17 26
2 18 33
15 3 18
16 17 29
20 8 4
19 11 13
23 24 25
23 26 27
21 22 28
21 27 30
21 26 29
22 25 15
22 24 31
23 29 30
25 28 18
24 28 33
27 32 14
31 33 1
30 32 16
127
{[23, 22, 19, 5, 4]}
{[17, 15, 14, 13, 12]}
34
6 14 10
4 11 29
7 16 5
6 17 5
19 1 12
2 3 12
0 7 3
6 2 9
19 9 10
7 8 13
0 8 11
1 10 20
13 4 5
20 9 12
0 15 30
14 17 33
2 18 31
15 3 18
16 17 32
20 8 4
19 11 13
23 24 25
23 26 27
21 22 28
21 27 30
21 26 29
22 25 32
22 24 31
23 29 30
25 28 1
24 28 14
27 33 16
26 33 18
31 32 15
128
{[23, 22, 19, 5, 4]}
{[17, 15, 14, 13, 12]}
34
6 14 10
4 11 33
7 16 5
6 17 5
19 1 12
2 3 12
0 7 3
6 2 9
19 9 10
7 8 13
0 8 11
1 10 20
13 4 5
20 9 12
0 15 32
14 17 29
2 18 31
15 3 18
16 17 30
20 8 4
19 11 13
23 24 25
23 26 27
21 22 28
21 27 30
21 26 29
22 25 32
22 24 31
23 29 30
25 28 15
24 28 18
27 33 16
26 33 14
31 32 1
129
{[25, 24, 15, 14, 6]}
{[5, 4, 2, 1, 0]}
34
7 13 11
5 12 27
8 15 6
7 17 6
13 5 19
1 16 4
2 3 21
0 8 3
7 2 10
10 11 23
8 9 22
0 9 12
1 11 24
0 14 4
13 17 20
2 16 18
15 5 20
14 3 18
15 17 19
4 18 20
14 16 19
22 25 6
21 26 10
24 25 9
23 31 12
21 23 30
22 28 32
29 32 1
26 29 30
27 28 31
25 28 33
24 29 33
26 27 33
30 31 32
130
{[25, 24, 15, 14, 6]}
{[6, 3, 2, 1, 0]}
34
7 13 11
5 12 21
8 15 6
7 17 6
13 5 19
1 16 4
2 3 22
0 8 3
7 2 10
10 11 26
8 9 25
0 9 12
1 11 23
0 14 4
13 17 20
2 16 18
15 5 20
14 3 18
15 17 19
4 18 20
14 16 19
22 24 1
21 27 6
24 25 12
21 23 31
23 30 10
28 32 9
22 29 32
26 29 30
27 28 31
25 28 33
24 29 33
26 27 33
30 31 32
131
{[25, 24, 15, 14, 6]}
{[8, 7, 4, 2, 0]}
34
7 13 11
5 12 22
8 15 6
7 17 6
13 5 19
1 16 4
2 3 25
0 8 3
7 2 10
10 11 31
8 9 23
0 9 12
1 11 21
0 14 4
13 17 20
2 16 18
15 5 20
14 3 18
15 17 19
4 18 20
14 16 19
23 24 12
24 25 1
21 27 10
21 22 26
22 30 6
24 28 32
23 29 32
26 29 30
27 28 31
25 28 33
29 33 9
26 27 33
30 31 32
132
{[25, 24, 15, 14, 6]}
{[9, 7, 3, 2, 0]}
34
7 13 11
5 12 30
8 15 6
7 17 6
13 5 19
1 16 4
2 3 22
0 8 3
7 2 10
10 11 21
8 9 25
0 9 12
1 11 24
0 14 4
13 17 20
2 16 18
15 5 20
14 3 18
15 17 19
4 18 20
14 16 19
23 24 9
23 25 6
21 22 27
21 26 12
22 31 10
24 28 32
23 29 32
26 29 30
27 28 31
28 33 1
25 29 33
26 27 33
30 31 32
133
{[25, 24, 15, 14, 6]}
{[6, 3, 2, 1, 0]}
34
7 13 11
5 12 26
8 15 6
7 17 6
13 5 19
1 16 4
2 3 23
0 8 3
7 2 10
10 11 21
8 9 25
0 9 12
1 11 22
0 14 4
13 17 20
2 16 18
15 5 20
14 3 18
15 17 19
4 18 20
14 16 19
22 24 9
21 27 12
24 25 6
21 23 31
23 30 10
28 32 1
22 29 32
26 29 30
27 28 31
25 28 33
24 29 33
26 27 33
30 31 32
134
{[25, 24, 15, 14, 6]}
{[9, 7, 3, 2, 0]}
34
7 13 11
5 12 21
8 15 6
7 17 6
13 5 19
1 16 4
2 3 24
0 8 3
7 2 10
10 11 30
8 9 25
0 9 12
1 11 22
0 14 4
13 17 20
2 16 18
15 5 20
14 3 18
15 17 19
4 18 20
14 16 19
23 24 1
23 25 12
21 22 27
21 26 6
22 31 10
24 28 32
23 29 32
26 29 30
27 28 31
28 33 9
25 29 33
26 27 33
30 31 32
135
{[25, 24, 15, 14, 6]}
{[5, 4, 2, 1, 0]}
34
7 13 11
5 12 23
8 15 6
7 17 6
13 5 19
1 16 4
2 3 24
0 8 3
7 2 10
10 11 27
8 9 22
0 9 12
1 11 21
0 14 4
13 17 20
2 16 18
15 5 20
14 3 18
15 17 19
4 18 20
14 16 19
22 25 12
21 26 10
24 25 1
23 31 6
21 23 30
22 28 32
29 32 9
26 29 30
27 28 31
25 28 33
24 29 33
26 27 33
30 31 32
136
{[25, 24, 15, 14, 6]}
{[8, 7, 4, 2, 0]}
34
7 13 11
5 12 31
8 15 6
7 17 6
13 5 19
1 16 4
2 3 21
0 8 3
7 2 10
10 11 22
8 9 23
0 9 12
1 11 25
0 14 4
13 17 20
2 16 18
15 5 20
14 3 18
15 17 19
4 18 20
14 16 19
23 24 6
24 25 9
21 27 10
21 22 26
22 30 12
24 28 32
23 29 32
26 29 30
27 28 31
25 28 33
29 33 1
26 27 33
30 31 32
137
{[25, 24, 15, 14, 6]}
{[16, 13, 12, 11, 10]}
34
7 13 11
5 12 26
8 15 6
7 17 6
13 5 19
1 16 4
2 3 27
0 8 3
7 2 10
10 11 31
8 9 32
0 9 12
1 11 33
0 14 4
13 17 20
2 16 18
15 5 20
14 3 18
15 17 19
4 18 20
14 16 19
23 24 25
23 26 27
21 22 28
21 27 30
21 26 29
22 25 1
22 24 6
23 29 30
25 28 32
24 28 31
30 33 9
29 33 10
31 32 12
138
{[25, 24, 15, 14, 6]}
{[17, 16, 14, 12, 10]}
34
7 13 11
5 12 27
8 15 6
7 17 6
13 5 19
1 16 4
2 3 30
0 8 3
7 2 10
10 11 33
8 9 31
0 9 12
1 11 32
0 14 4
13 17 20
2 16 18
15 5 20
14 3 18
15 17 19
4 18 20
14 16 19
23 24 25
23 26 27
21 22 28
21 27 30
21 26 29
22 25 31
22 24 1
23 29 30
25 28 33
24 28 6
26 32 10
31 33 12
29 32 9
139
{[25, 24, 15, 14, 6]}
{[16, 13, 12, 11, 10]}
34
7 13 11
5 12 31
8 15 6
7 17 6
13 5 19
1 16 4
2 3 33
0 8 3
7 2 10
10 11 26
8 9 32
0 9 12
1 11 27
0 14 4
13 17 20
2 16 18
15 5 20
14 3 18
15 17 19
4 18 20
14 16 19
23 24 25
23 26 27
21 22 28
21 27 30
21 26 29
22 25 9
22 24 12
23 29 30
25 28 32
24 28 31
30 33 1
29 33 10
31 32 6
140
{[25, 24, 15, 14, 6]}
{[17, 16, 14, 12, 10]}
34
7 13 11
5 12 33
8 15 6
7 17 6
13 5 19
1 16 4
2 3 32
0 8 3
7 2 10
10 11 27
8 9 31
0 9 12
1 11 30
0 14 4
13 17 20
2 16 18
15 5 20
14 3 18
15 17 19
4 18 20
14 16 19
23 24 25
23 26 27
21 22 28
21 27 30
21 26 29
22 25 31
22 24 9
23 29 30
25 28 33
24 28 12
26 32 10
31 33 6
29 32 1
141
{[25, 24, 15, 14, 6]}
{[17, 16, 15, 13, 11]}
34
7 13 11
5 12 31
8 15 6
7 17 6
13 5 19
1 16 4
2 3 32
0 8 3
7 2 10
10 11 29
8 9 33
0 9 12
1 11 26
0 14 4
13 17 20
2 16 18
15 5 20
14 3 18
15 17 19
4 18 20
14 16 19
23 24 25
23 26 27
21 22 28
21 27 30
21 26 29
22 25 12
22 24 31
23 29 30
25 28 9
24 28 33
27 32 1
31 33 6
30 32 10
142
{[25, 24, 15, 14, 6]}
{[17, 16, 15, 13, 11]}
34
7 13 11
5 12 29
8 15 6
7 17 6
13 5 19
1 16 4
2 3 26
0 8 3
7 2 10
10 11 31
8 9 33
0 9 12
1 11 32
0 14 4
13 17 20
2 16 18
15 5 20
14 3 18
15 17 19
4 18 20
14 16 19
23 24 25
23 26 27
21 22 28
21 27 30
21 26 29
22 25 6
22 24 31
23 29 30
25 28 1
24 28 33
27 32 9
31 33 12
30 32 10
143
{[25, 24, 15, 14, 6]}
{[17, 15, 14, 13, 12]}
34
7 13 11
5 12 32
8 15 6
7 17 6
13 5 19
1 16 4
2 3 33
0 8 3
7 2 10
10 11 30
8 9 31
0 9 12
1 11 29
0 14 4
13 17 20
2 16 18
15 5 20
14 3 18
15 17 19
4 18 20
14 16 19
23 24 25
23 26 27
21 22 28
21 27 30
21 26 29
22 25 32
22 24 31
23 29 30
25 28 12
24 28 9
27 33 10
26 33 1
31 32 6
144
{[25, 24, 15, 14, 6]}
{[17, 15, 14, 13, 12]}
34
7 13 11
5 12 30
8 15 6
7 17 6
13 5 19
1 16 4
2 3 29
0 8 3
7 2 10
10 11 32
8 9 31
0 9 12
1 11 33
0 14 4
13 17 20
2 16 18
15 5 20
14 3 18
15 17 19
4 18 20
14 16 19
23 24 25
23 26 27
21 22 28
21 27 30
21 26 29
22 25 32
22 24 31
23 29 30
25 28 6
24 28 1
27 33 10
26 33 9
31 32 12
145
{[25, 24, 15, 14, 6]}
{[5, 4, 2, 1, 0]}
34
7 13 11
5 12 23
8 15 6
7 17 6
13 5 19
1 16 4
2 3 24
0 8 3
7 2 10
10 11 27
8 9 22
0 9 12
1 11 21
0 14 4
13 17 20
2 16 18
15 5 20
14 3 18
15 17 19
4 18 20
14 16 19
22 25 12
21 26 10
24 25 1
23 31 6
21 23 30
22 28 32
29 32 9
26 29 30
27 28 31
25 28 33
24 29 33
26 27 33
30 31 32
146
{[25, 24, 15, 14, 6]}
{[6, 3, 2, 1, 0]}
34
7 13 11
5 12 26
8 15 6
7 17 6
13 5 19
1 16 4
2 3 23
0 8 3
7 2 10
10 11 21
8 9 25
0 9 12
1 11 22
0 14 4
13 17 20
2 16 18
15 5 20
14 3 18
15 17 19
4 18 20
14 16 19
22 24 9
21 27 12
24 25 6
21 23 31
23 30 10
28 32 1
22 29 32
26 29 30
27 28 31
25 28 33
24 29 33
26 27 33
30 31 32
147
{[25, 24, 15, 14, 6]}
{[8, 7, 4, 2, 0]}
34
7 13 11
5 12 31
8 15 6
7 17 6
13 5 19
1 16 4
2 3 21
0 8 3
7 2 10
10 11 22
8 9 23
0 9 12
1 11 25
0 14 4
13 17 20
2 16 18
15 5 20
14 3 18
15 17 19
4 18 20
14 16 19
23 24 6
24 25 9
21 27 10
21 22 26
22 30 12
24 28 32
23 29 32
26 29 30
27 28 31
25 28 33
29 33 1
26 27 33
30 31 32
148
{[25, 24, 15, 14, 6]}
{[9, 7, 3, 2, 0]}
34
7 13 11
5 12 21
8 15 6
7 17 6
13 5 19
1 16 4
2 3 24
0 8 3
7 2 10
10 11 30
8 9 25
0 9 12
1 11 22
0 14 4
13 17 20
2 16 18
15 5 20
14 3 18
15 17 19
4 18 20
14 16 19
23 24 1
23 25 12
21 22 27
21 26 6
22 31 10
24 28 32
23 29 32
26 29 30
27 28 31
28 33 9
25 29 33
26 27 33
30 31 32
149
{[25, 24, 15, 14, 6]}
{[6, 3, 2, 1, 0]}
34
7 13 11
5 12 21
8 15 6
7 17 6
13 5 19
1 16 4
2 3 22
0 8 3
7 2 10
10 11 26
8 9 25
0 9 12
1 11 23
0 14 4
13 17 20
2 16 18
15 5 20
14 3 18
15 17 19
4 18 20
14 16 19
22 24 1
21 27 6
24 25 12
21 23 31
23 30 10
28 32 9
22 29 32
26 29 30
27 28 31
25 28 33
24 29 33
26 27 33
30 31 32
150
{[25, 24, 15, 14, 6]}
{[9, 7, 3, 2, 0]}
34
7 13 11
5 12 30
8 15 6
7 17 6
13 5 19
1 16 4
2 3 22
0 8 3
7 2 10
10 11 21
8 9 25
0 9 12
1 11 24
0 14 4
13 17 20
2 16 18
15 5 20
14 3 18
15 17 19
4 18 20
14 16 19
23 24 9
23 25 6
21 22 27
21 26 12
22 31 10
24 28 32
23 29 32
26 29 30
27 28 31
28 33 1
25 29 33
26 27 33
30 31 32
151
{[25, 24, 15, 14, 6]}
{[5, 4, 2, 1, 0]}
34
7 13 11
5 12 27
8 15 6
7 17 6
13 5 19
1 16 4
2 3 21
0 8 3
7 2 10
10 11 23
8 9 22
0 9 12
1 11 24
0 14 4
13 17 20
2 16 18
15 5 20
14 3 18
15 17 19
4 18 20
14 16 19
22 25 6
21 26 10
24 25 9
23 31 12
21 23 30
22 28 32
29 32 1
26 29 30
27 28 31
25 28 33
24 29 33
26 27 33
30 31 32
152
{[25, 24, 15, 14, 6]}
{[8, 7, 4, 2, 0]}
34
7 13 11
5 12 22
8 15 6
7 17 6
13 5 19
1 16 4
2 3 25
0 8 3
7 2 10
10 11 31
8 9 23
0 9 12
1 11 21
0 14 4
13 17 20
2 16 18
15 5 20
14 3 18
15 17 19
4 18 20
14 16 19
23 24 12
24 25 1
21 27 10
21 22 26
22 30 6
24 28 32
23 29 32
26 29 30
27 28 31
25 28 33
29 33 9
26 27 33
30 31 32
153
{[25, 24, 15, 14, 6]}
{[16, 13, 12, 11, 10]}
34
7 13 11
5 12 31
8 15 6
7 17 6
13 5 19
1 16 4
2 3 33
0 8 3
7 2 10
10 11 26
8 9 32
0 9 12
1 11 27
0 14 4
13 17 20
2 16 18
15 5 20
14 3 18
15 17 19
4 18 20
14 16 19
23 24 25
23 26 27
21 22 28
21 27 30
21 26 29
22 25 9
22 24 12
23 29 30
25 28 32
24 28 31
30 33 1
29 33 10
31 32 6
154
{[25, 24, 15, 14, 6]}
{[17, 16, 14, 12, 10]}
34
7 13 11
5 12 33
8 15 6
7 17 6
13 5 19
1 16 4
2 3 32
0 8 3
7 2 10
10 11 27
8 9 31
0 9 12
1 11 30
0 14 4
13 17 20
2 16 18
15 5 20
14 3 18
15 17 19
4 18 20
14 16 19
23 24 25
23 26 27
21 22 28
21 27 30
21 26 29
22 25 31
22 24 9
23 29 30
25 28 33
24 28 12
26 32 10
31 33 6
29 32 1
155
{[25, 24, 15, 14, 6]}
{[16, 13, 12, 11, 10]}
34
7 13 11
5 12 26
8 15 6
7 17 6
13 5 19
1 16 4
2 3 27
0 8 3
7 2 10
10 11 31
8 9 32
0 9 12
1 11 33
0 14 4
13 17 20
2 16 18
15 5 20
14 3 18
15 17 19
4 18 20
14 16 19
23 24 25
23 26 27
21 22 28
21 27 30
21 26 29
22 25 1
22 24 6
23 29 30
25 28 32
24 28 31
30 33 9
29 33 10
31 32 12
156
{[25, 24, 15, 14, 6]}
{[17, 16, 14, 12, 10]}
34
7 13 11
5 12 27
8 15 6
7 17 6
13 5 19
1 16 4
2 3 30
0 8 3
7 2 10
10 11 33
8 9 31
0 9 12
1 11 32
0 14 4
13 17 20
2 16 18
15 5 20
14 3 18
15 17 19
4 18 20
14 16 19
23 24 25
23 26 27
21 22 28
21 27 30
21 26 29
22 25 31
22 24 1
23 29 30
25 28 33
24 28 6
26 32 10
31 33 12
29 32 9
157
{[25, 24, 15, 14, 6]}
{[17, 16, 15, 13, 11]}
34
7 13 11
5 12 29
8 15 6
7 17 6
13 5 19
1 16 4
2 3 26
0 8 3
7 2 10
10 11 31
8 9 33
0 9 12
1 11 32
0 14 4
13 17 20
2 16 18
15 5 20
14 3 18
15 17 19
4 18 20
14 16 19
23 24 25
23 26 27
21 22 28
21 27 30
21 26 29
22 25 6
22 24 31
23 29 30
25 28 1
24 28 33
27 32 9
31 33 12
30 32 10
158
{[25, 24, 15, 14, 6]}
{[17, 16, 15, 13, 11]}
34
7 13 11
5 12 31
8 15 6
7 17 6
13 5 19
1 16 4
2 3 32
0 8 3
7 2 10
10 11 29
8 9 33
0 9 12
1 11 26
0 14 4
13 17 20
2 16 18
15 5 20
14 3 18
15 17 19
4 18 20
14 16 19
23 24 25
23 26 27
21 22 28
21 27 30
21 26 29
22 25 12
22 24 31
23 29 30
25 28 9
24 28 33
27 32 1
31 33 6
30 32 10
159
{[25, 24, 15, 14, 6]}
{[17, 15, 14, 13, 12]}
34
7 13 11
5 12 30
8 15 6
7 17 6
13 5 19
1 16 4
2 3 29
0 8 3
7 2 10
10 11 32
8 9 31
0 9 12
1 11 33
0 14 4
13 17 20
2 16 18
15 5 20
14 3 18
15 17 19
4 18 20
14 16 19
23 24 25
23 26 27
21 22 28
21 27 30
21 26 29
22 25 32
22 24 31
23 29 30
25 28 6
24 28 1
27 33 10
26 33 9
31 32 12
160
{[25, 24, 15, 14, 6]}
{[17, 15, 14, 13, 12]}
34
7 13 11
5 12 32
8 15 6
7 17 6
13 5 19
1 16 4
2 3 33
0 8 3
7 2 10
10 11 30
8 9 31
0 9 12
1 11 29
0 14 4
13 17 20
2 16 18
15 5 20
14 3 18
15 17 19
4 18 20
14 16 19
23 24 25
23 26 27
21 22 28
21 27 30
21 26 29
22 25 32
22 24 31
23 29 30
25 28 12
24 28 9
27 33 10
26 33 1
31 32 6
161
{[25, 24, 15, 11, 10]}
{[5, 4, 2, 1, 0]}
34
8 13 10
5 6 11
9 15 7
8 17 7
13 5 19
1 16 4
1 12 21
2 3 12
0 9 3
8 2 24
0 11 22
1 10 27
6 7 23
0 14 4
13 17 20
2 16 18
15 5 20
14 3 18
15 17 19
4 18 20
14 16 19
22 25 6
21 26 10
24 25 12
23 31 9
21 23 30
22 28 32
29 32 11
26 29 30
27 28 31
25 28 33
24 29 33
26 27 33
30 31 32
162
{[25, 24, 15, 11, 10]}
{[6, 3, 2, 1, 0]}
34
8 13 10
5 6 11
9 15 7
8 17 7
13 5 19
1 16 4
1 12 22
2 3 12
0 9 3
8 2 23
0 11 25
1 10 21
6 7 26
0 14 4
13 17 20
2 16 18
15 5 20
14 3 18
15 17 19
4 18 20
14 16 19
22 24 11
21 27 6
24 25 9
21 23 31
23 30 10
28 32 12
22 29 32
26 29 30
27 28 31
25 28 33
24 29 33
26 27 33
30 31 32
163
{[25, 24, 15, 11, 10]}
{[8, 7, 4, 2, 0]}
34
8 13 10
5 6 11
9 15 7
8 17 7
13 5 19
1 16 4
1 12 25
2 3 12
0 9 3
8 2 21
0 11 23
1 10 22
6 7 31
0 14 4
13 17 20
2 16 18
15 5 20
14 3 18
15 17 19
4 18 20
14 16 19
23 24 9
24 25 11
21 27 10
21 22 26
22 30 6
24 28 32
23 29 32
26 29 30
27 28 31
25 28 33
29 33 12
26 27 33
30 31 32
164
{[25, 24, 15, 11, 10]}
{[9, 7, 3, 2, 0]}
34
8 13 10
5 6 11
9 15 7
8 17 7
13 5 19
1 16 4
1 12 22
2 3 12
0 9 3
8 2 24
0 11 25
1 10 30
6 7 21
0 14 4
13 17 20
2 16 18
15 5 20
14 3 18
15 17 19
4 18 20
14 16 19
23 24 12
23 25 6
21 22 27
21 26 9
22 31 10
24 28 32
23 29 32
26 29 30
27 28 31
28 33 11
25 29 33
26 27 33
30 31 32
165
{[25, 24, 15, 11, 10]}
{[6, 3, 2, 1, 0]}
34
8 13 10
5 6 11
9 15 7
8 17 7
13 5 19
1 16 4
1 12 23
2 3 12
0 9 3
8 2 22
0 11 25
1 10 26
6 7 21
0 14 4
13 17 20
2 16 18
15 5 20
14 3 18
15 17 19
4 18 20
14 16 19
22 24 12
21 27 9
24 25 6
21 23 31
23 30 10
28 32 11
22 29 32
26 29 30
27 28 31
25 28 33
24 29 33
26 27 33
30 31 32
166
{[25, 24, 15, 11, 10]}
{[9, 7, 3, 2, 0]}
34
8 13 10
5 6 11
9 15 7
8 17 7
13 5 19
1 16 4
1 12 24
2 3 12
0 9 3
8 2 22
0 11 25
1 10 21
6 7 30
0 14 4
13 17 20
2 16 18
15 5 20
14 3 18
15 17 19
4 18 20
14 16 19
23 24 11
23 25 9
21 22 27
21 26 6
22 31 10
24 28 32
23 29 32
26 29 30
27 28 31
28 33 12
25 29 33
26 27 33
30 31 32
167
{[25, 24, 15, 11, 10]}
{[5, 4, 2, 1, 0]}
34
8 13 10
5 6 11
9 15 7
8 17 7
13 5 19
1 16 4
1 12 24
2 3 12
0 9 3
8 2 21
0 11 22
1 10 23
6 7 27
0 14 4
13 17 20
2 16 18
15 5 20
14 3 18
15 17 19
4 18 20
14 16 19
22 25 9
21 26 10
24 25 11
23 31 6
21 23 30
22 28 32
29 32 12
26 29 30
27 28 31
25 28 33
24 29 33
26 27 33
30 31 32
168
{[25, 24, 15, 11, 10]}
{[8, 7, 4, 2, 0]}
34
8 13 10
5 6 11
9 15 7
8 17 7
13 5 19
1 16 4
1 12 21
2 3 12
0 9 3
8 2 25
0 11 23
1 10 31
6 7 22
0 14 4
13 17 20
2 16 18
15 5 20
14 3 18
15 17 19
4 18 20
14 16 19
23 24 6
24 25 12
21 27 10
21 22 26
22 30 9
24 28 32
23 29 32
26 29 30
27 28 31
25 28 33
29 33 11
26 27 33
30 31 32
169
{[25, 24, 15, 11, 10]}
{[16, 13, 12, 11, 10]}
34
8 13 10
5 6 11
9 15 7
8 17 7
13 5 19
1 16 4
1 12 27
2 3 12
0 9 3
8 2 33
0 11 32
1 10 26
6 7 31
0 14 4
13 17 20
2 16 18
15 5 20
14 3 18
15 17 19
4 18 20
14 16 19
23 24 25
23 26 27
21 22 28
21 27 30
21 26 29
22 25 11
22 24 6
23 29 30
25 28 32
24 28 31
30 33 12
29 33 10
31 32 9
170
{[25, 24, 15, 11, 10]}
{[17, 16, 14, 12, 10]}
34
8 13 10
5 6 11
9 15 7
8 17 7
13 5 19
1 16 4
1 12 30
2 3 12
0 9 3
8 2 32
0 11 31
1 10 27
6 7 33
0 14 4
13 17 20
2 16 18
15 5 20
14 3 18
15 17 19
4 18 20
14 16 19
23 24 25
23 26 27
21 22 28
21 27 30
21 26 29
22 25 31
22 24 11
23 29 30
25 28 33
24 28 6
26 32 10
31 33 9
29 32 12
171
{[25, 24, 15, 11, 10]}
{[16, 13, 12, 11, 10]}
34
8 13 10
5 6 11
9 15 7
8 17 7
13 5 19
1 16 4
1 12 33
2 3 12
0 9 3
8 2 27
0 11 32
1 10 31
6 7 26
0 14 4
13 17 20
2 16 18
15 5 20
14 3 18
15 17 19
4 18 20
14 16 19
23 24 25
23 26 27
21 22 28
21 27 30
21 26 29
22 25 12
22 24 9
23 29 30
25 28 32
24 28 31
30 33 11
29 33 10
31 32 6
172
{[25, 24, 15, 11, 10]}
{[17, 16, 14, 12, 10]}
34
8 13 10
5 6 11
9 15 7
8 17 7
13 5 19
1 16 4
1 12 32
2 3 12
0 9 3
8 2 30
0 11 31
1 10 33
6 7 27
0 14 4
13 17 20
2 16 18
15 5 20
14 3 18
15 17 19
4 18 20
14 16 19
23 24 25
23 26 27
21 22 28
21 27 30
21 26 29
22 25 31
22 24 12
23 29 30
25 28 33
24 28 9
26 32 10
31 33 6
29 32 11
173
{[25, 24, 15, 11, 10]}
{[17, 16, 15, 13, 11]}
34
8 13 10
5 6 11
9 15 7
8 17 7
13 5 19
1 16 4
1 12 32
2 3 12
0 9 3
8 2 26
0 11 33
1 10 31
6 7 29
0 14 4
13 17 20
2 16 18
15 5 20
14 3 18
15 17 19
4 18 20
14 16 19
23 24 25
23 26 27
21 22 28
21 27 30
21 26 29
22 25 9
22 24 31
23 29 30
25 28 12
24 28 33
27 32 11
31 33 6
30 32 10
174
{[25, 24, 15, 11, 10]}
{[17, 16, 15, 13, 11]}
34
8 13 10
5 6 11
9 15 7
8 17 7
13 5 19
1 16 4
1 12 26
2 3 12
0 9 3
8 2 32
0 11 33
1 10 29
6 7 31
0 14 4
13 17 20
2 16 18
15 5 20
14 3 18
15 17 19
4 18 20
14 16 19
23 24 25
23 26 27
21 22 28
21 27 30
21 26 29
22 25 6
22 24 31
23 29 30
25 28 11
24 28 33
27 32 12
31 33 9
30 32 10
175
{[25, 24, 15, 11, 10]}
{[17, 15, 14, 13, 12]}
34
8 13 10
5 6 11
9 15 7
8 17 7
13 5 19
1 16 4
1 12 33
2 3 12
0 9 3
8 2 29
0 11 31
1 10 32
6 7 30
0 14 4
13 17 20
2 16 18
15 5 20
14 3 18
15 17 19
4 18 20
14 16 19
23 24 25
23 26 27
21 22 28
21 27 30
21 26 29
22 25 32
22 24 31
23 29 30
25 28 9
24 28 12
27 33 10
26 33 11
31 32 6
176
{[25, 24, 15, 11, 10]}
{[17, 15, 14, 13, 12]}
34
8 13 10
5 6 11
9 15 7
8 17 7
13 5 19
1 16 4
1 12 29
2 3 12
0 9 3
8 2 33
0 11 31
1 10 30
6 7 32
0 14 4
13 17 20
2 16 18
15 5 20
14 3 18
15 17 19
4 18 20
14 16 19
23 24 25
23 26 27
21 22 28
21 27 30
21 26 29
22 25 32
22 24 31
23 29 30
25 28 6
24 28 11
27 33 10
26 33 12
31 32 9
177
{[25, 24, 13, 12, 10]}
{[5, 4, 2, 1, 0]}
34
8 13 21
5 6 22
9 15 7
8 17 7
13 5 19
1 16 4
1 11 23
2 3 11
0 9 3
8 2 10
9 12 27
12 6 7
10 11 24
0 14 4
13 17 20
2 16 18
15 5 20
14 3 18
15 17 19
4 18 20
14 16 19
22 25 0
21 26 1
24 25 6
23 31 12
21 23 30
22 28 32
29 32 10
26 29 30
27 28 31
25 28 33
24 29 33
26 27 33
30 31 32
178
{[25, 24, 13, 12, 10]}
{[6, 3, 2, 1, 0]}
34
8 13 22
5 6 25
9 15 7
8 17 7
13 5 19
1 16 4
1 11 26
2 3 11
0 9 3
8 2 10
9 12 21
12 6 7
10 11 23
0 14 4
13 17 20
2 16 18
15 5 20
14 3 18
15 17 19
4 18 20
14 16 19
22 24 10
21 27 0
24 25 12
21 23 31
23 30 1
28 32 6
22 29 32
26 29 30
27 28 31
25 28 33
24 29 33
26 27 33
30 31 32
179
{[25, 24, 13, 12, 10]}
{[8, 7, 4, 2, 0]}
34
8 13 25
5 6 23
9 15 7
8 17 7
13 5 19
1 16 4
1 11 31
2 3 11
0 9 3
8 2 10
9 12 22
12 6 7
10 11 21
0 14 4
13 17 20
2 16 18
15 5 20
14 3 18
15 17 19
4 18 20
14 16 19
23 24 12
24 25 10
21 27 1
21 22 26
22 30 0
24 28 32
23 29 32
26 29 30
27 28 31
25 28 33
29 33 6
26 27 33
30 31 32
180
{[25, 24, 13, 12, 10]}
{[9, 7, 3, 2, 0]}
34
8 13 22
5 6 25
9 15 7
8 17 7
13 5 19
1 16 4
1 11 21
2 3 11
0 9 3
8 2 10
9 12 30
12 6 7
10 11 24
0 14 4
13 17 20
2 16 18
15 5 20
14 3 18
15 17 19
4 18 20
14 16 19
23 24 6
23 25 0
21 22 27
21 26 12
22 31 1
24 28 32
23 29 32
26 29 30
27 28 31
28 33 10
25 29 33
26 27 33
30 31 32
181
{[25, 24, 13, 12, 10]}
{[6, 3, 2, 1, 0]}
34
8 13 23
5 6 25
9 15 7
8 17 7
13 5 19
1 16 4
1 11 21
2 3 11
0 9 3
8 2 10
9 12 26
12 6 7
10 11 22
0 14 4
13 17 20
2 16 18
15 5 20
14 3 18
15 17 19
4 18 20
14 16 19
22 24 6
21 27 12
24 25 0
21 23 31
23 30 1
28 32 10
22 29 32
26 29 30
27 28 31
25 28 33
24 29 33
26 27 33
30 31 32
182
{[25, 24, 13, 12, 10]}
{[9, 7, 3, 2, 0]}
34
8 13 24
5 6 25
9 15 7
8 17 7
13 5 19
1 16 4
1 11 30
2 3 11
0 9 3
8 2 10
9 12 21
12 6 7
10 11 22
0 14 4
13 17 20
2 16 18
15 5 20
14 3 18
15 17 19
4 18 20
14 16 19
23 24 10
23 25 12
21 22 27
21 26 0
22 31 1
24 28 32
23 29 32
26 29 30
27 28 31
28 33 6
25 29 33
26 27 33
30 31 32
183
{[25, 24, 13, 12, 10]}
{[5, 4, 2, 1, 0]}
34
8 13 24
5 6 22
9 15 7
8 17 7
13 5 19
1 16 4
1 11 27
2 3 11
0 9 3
8 2 10
9 12 23
12 6 7
10 11 21
0 14 4
13 17 20
2 16 18
15 5 20
14 3 18
15 17 19
4 18 20
14 16 19
22 25 12
21 26 1
24 25 10
23 31 0
21 23 30
22 28 32
29 32 6
26 29 30
27 28 31
25 28 33
24 29 33
26 27 33
30 31 32
184
{[25, 24, 13, 12, 10]}
{[8, 7, 4, 2, 0]}
34
8 13 21
5 6 23
9 15 7
8 17 7
13 5 19
1 16 4
1 11 22
2 3 11
0 9 3
8 2 10
9 12 31
12 6 7
10 11 25
0 14 4
13 17 20
2 16 18
15 5 20
14 3 18
15 17 19
4 18 20
14 16 19
23 24 0
24 25 6
21 27 1
21 22 26
22 30 12
24 28 32
23 29 32
26 29 30
27 28 31
25 28 33
29 33 10
26 27 33
30 31 32
185
{[25, 24, 13, 12, 10]}
{[16, 13, 12, 11, 10]}
34
8 13 27
5 6 32
9 15 7
8 17 7
13 5 19
1 16 4
1 11 31
2 3 11
0 9 3
8 2 10
9 12 26
12 6 7
10 11 33
0 14 4
13 17 20
2 16 18
15 5 20
14 3 18
15 17 19
4 18 20
14 16 19
23 24 25
23 26 27
21 22 28
21 27 30
21 26 29
22 25 10
22 24 0
23 29 30
25 28 32
24 28 31
30 33 6
29 33 1
31 32 12
186
{[25, 24, 13, 12, 10]}
{[17, 16, 14, 12, 10]}
34
8 13 30
5 6 31
9 15 7
8 17 7
13 5 19
1 16 4
1 11 33
2 3 11
0 9 3
8 2 10
9 12 27
12 6 7
10 11 32
0 14 4
13 17 20
2 16 18
15 5 20
14 3 18
15 17 19
4 18 20
14 16 19
23 24 25
23 26 27
21 22 28
21 27 30
21 26 29
22 25 31
22 24 10
23 29 30
25 28 33
24 28 0
26 32 1
31 33 12
29 32 6
187
{[25, 24, 13, 12, 10]}
{[16, 13, 12, 11, 10]}
34
8 13 33
5 6 32
9 15 7
8 17 7
13 5 19
1 16 4
1 11 26
2 3 11
0 9 3
8 2 10
9 12 31
12 6 7
10 11 27
0 14 4
13 17 20
2 16 18
15 5 20
14 3 18
15 17 19
4 18 20
14 16 19
23 24 25
23 26 27
21 22 28
21 27 30
21 26 29
22 25 6
22 24 12
23 29 30
25 28 32
24 28 31
30 33 10
29 33 1
31 32 0
188
{[25, 24, 13, 12, 10]}
{[17, 16, 14, 12, 10]}
34
8 13 32
5 6 31
9 15 7
8 17 7
13 5 19
1 16 4
1 11 27
2 3 11
0 9 3
8 2 10
9 12 33
12 6 7
10 11 30
0 14 4
13 17 20
2 16 18
15 5 20
14 3 18
15 17 19
4 18 20
14 16 19
23 24 25
23 26 27
21 22 28
21 27 30
21 26 29
22 25 31
22 24 6
23 29 30
25 28 33
24 28 12
26 32 1
31 33 0
29 32 10
189
{[25, 24, 13, 12, 10]}
{[17, 16, 15, 13, 11]}
34
8 13 32
5 6 33
9 15 7
8 17 7
13 5 19
1 16 4
1 11 29
2 3 11
0 9 3
8 2 10
9 12 31
12 6 7
10 11 26
0 14 4
13 17 20
2 16 18
15 5 20
14 3 18
15 17 19
4 18 20
14 16 19
23 24 25
23 26 27
21 22 28
21 27 30
21 26 29
22 25 12
22 24 31
23 29 30
25 28 6
24 28 33
27 32 10
31 33 0
30 32 1
190
{[25, 24, 13, 12, 10]}
{[17, 16, 15, 13, 11]}
34
8 13 26
5 6 33
9 15 7
8 17 7
13 5 19
1 16 4
1 11 31
2 3 11
0 9 3
8 2 10
9 12 29
12 6 7
10 11 32
0 14 4
13 17 20
2 16 18
15 5 20
14 3 18
15 17 19
4 18 20
14 16 19
23 24 25
23 26 27
21 22 28
21 27 30
21 26 29
22 25 0
22 24 31
23 29 30
25 28 10
24 28 33
27 32 6
31 33 12
30 32 1
191
{[25, 24, 13, 12, 10]}
{[17, 15, 14, 13, 12]}
34
8 13 33
5 6 31
9 15 7
8 17 7
13 5 19
1 16 4
1 11 30
2 3 11
0 9 3
8 2 10
9 12 32
12 6 7
10 11 29
0 14 4
13 17 20
2 16 18
15 5 20
14 3 18
15 17 19
4 18 20
14 16 19
23 24 25
23 26 27
21 22 28
21 27 30
21 26 29
22 25 32
22 24 31
23 29 30
25 28 12
24 28 6
27 33 1
26 33 10
31 32 0
192
{[25, 24, 13, 12, 10]}
{[17, 15, 14, 13, 12]}
34
8 13 29
5 6 31
9 15 7
8 17 7
13 5 19
1 16 4
1 11 32
2 3 11
0 9 3
8 2 10
9 12 30
12 6 7
10 11 33
0 14 4
13 17 20
2 16 18
15 5 20
14 3 18
15 17 19
4 18 20
14 16 19
23 24 25
23 26 27
21 22 28
21 27 30
21 26 29
22 25 32
22 24 31
23 29 30
25 28 0
24 28 10
27 33 1
26 33 6
31 32 12
193
{[25, 24, 13, 12, 10]}
{[5, 4, 2, 1, 0]}
34
8 13 24
5 6 22
9 15 7
8 17 7
13 5 19
1 16 4
1 11 27
2 3 11
0 9 3
8 2 10
9 12 23
12 6 7
10 11 21
0 14 4
13 17 20
2 16 18
15 5 20
14 3 18
15 17 19
4 18 20
14 16 19
22 25 12
21 26 1
24 25 10
23 31 0
21 23 30
22 28 32
29 32 6
26 29 30
27 28 31
25 28 33
24 29 33
26 27 33
30 31 32
194
{[25, 24, 13, 12, 10]}
{[6, 3, 2, 1, 0]}
34
8 13 23
5 6 25
9 15 7
8 17 7
13 5 19
1 16 4
1 11 21
2 3 11
0 9 3
8 2 10
9 12 26
12 6 7
10 11 22
0 14 4
13 17 20
2 16 18
15 5 20
14 3 18
15 17 19
4 18 20
14 16 19
22 24 6
21 27 12
24 25 0
21 23 31
23 30 1
28 32 10
22 29 32
26 29 30
27 28 31
25 28 33
24 29 33
26 27 33
30 31 32
195
{[25, 24, 13, 12, 10]}
{[8, 7, 4, 2, 0]}
34
8 13 21
5 6 23
9 15 7
8 17 7
13 5 19
1 16 4
1 11 22
2 3 11
0 9 3
8 2 10
9 12 31
12 6 7
10 11 25
0 14 4
13 17 20
2 16 18
15 5 20
14 3 18
15 17 19
4 18 20
14 16 19
23 24 0
24 25 6
21 27 1
21 22 26
22 30 12
24 28 32
23 29 32
26 29 30
27 28 31
25 28 33
29 33 10
26 27 33
30 31 32
196
{[25, 24, 13, 12, 10]}
{[9, 7, 3, 2, 0]}
34
8 13 24
5 6 25
9 15 7
8 17 7
13 5 19
1 16 4
1 11 30
2 3 11
0 9 3
8 2 10
9 12 21
12 6 7
10 11 22
0 14 4
13 17 20
2 16 18
15 5 20
14 3 18
15 17 19
4 18 20
14 16 19
23 24 10
23 25 12
21 22 27
21 26 0
22 31 1
24 28 32
23 29 32
26 29 30
27 28 31
28 33 6
25 29 33
26 27 33
30 31 32
197
{[25, 24, 13, 12, 10]}
{[6, 3, 2, 1, 0]}
34
8 13 22
5 6 25
9 15 7
8 17 7
13 5 19
1 16 4
1 11 26
2 3 11
0 9 3
8 2 10
9 12 21
12 6 7
10 11 23
0 14 4
13 17 20
2 16 18
15 5 20
14 3 18
15 17 19
4 18 20
14 16 19
22 24 10
21 27 0
24 25 12
21 23 31
23 30 1
28 32 6
22 29 32
26 29 30
27 28 31
25 28 33
24 29 33
26 27 33
30 31 32
198
{[25, 24, 13, 12, 10]}
{[9, 7, 3, 2, 0]}
34
8 13 22
5 6 25
9 15 7
8 17 7
13 5 19
1 16 4
1 11 21
2 3 11
0 9 3
8 2 10
9 12 30
12 6 7
10 11 24
0 14 4
13 17 20
2 16 18
15 5 20
14 3 18
15 17 19
4 18 20
14 16 19
23 24 6
23 25 0
21 22 27
21 26 12
22 31 1
24 28 32
23 29 32
26 29 30
27 28 31
28 33 10
25 29 33
26 27 33
30 31 32
199
{[25, 24, 13, 12, 10]}
{[5, 4, 2, 1, 0]}
34
8 13 21
5 6 22
9 15 7
8 17 7
13 5 19
1 16 4
1 11 23
2 3 11
0 9 3
8 2 10
9 12 27
12 6 7
10 11 24
0 14 4
13 17 20
2 16 18
15 5 20
14 3 18
15 17 19
4 18 20
14 16 19
22 25 0
21 26 1
24 25 6
23 31 12
21 23 30
22 28 32
29 32 10
26 29 30
27 28 31
25 28 33
24 29 33
26 27 33
30 31 32
200
{[25, 24, 13, 12, 10]}
{[8, 7, 4, 2, 0]}
34
8 13 25
5 6 23
9 15 7
8 17 7
13 5 19
1 16 4
1 11 31
2 3 11
0 9 3
8 2 10
9 12 22
12 6 7
10 11 21
0 14 4
13 17 20
2 16 18
15 5 20
14 3 18
15 17 19
4 18 20
14 16 19
23 24 12
24 25 10
21 27 1
21 22 26
22 30 0
24 28 32
23 29 32
26 29 30
27 28 31
25 28 33
29 33 6
26 27 33
30 31 32
201
{[25, 24, 13, 12, 10]}
{[16, 13, 12, 11, 10]}
34
8 13 33
5 6 32
9 15 7
8 17 7
13 5 19
1 16 4
1 11 26
2 3 11
0 9 3
8 2 10
9 12 31
12 6 7
10 11 27
0 14 4
13 17 20
2 16 18
15 5 20
14 3 18
15 17 19
4 18 20
14 16 19
23 24 25
23 26 27
21 22 28
21 27 30
21 26 29
22 25 6
22 24 12
23 29 30
25 28 32
24 28 31
30 33 10
29 33 1
31 32 0
202
{[25, 24, 13, 12, 10]}
{[17, 16, 14, 12, 10]}
34
8 13 32
5 6 31
9 15 7
8 17 7
13 5 19
1 16 4
1 11 27
2 3 11
0 9 3
8 2 10
9 12 33
12 6 7
10 11 30
0 14 4
13 17 20
2 16 18
15 5 20
14 3 18
15 17 19
4 18 20
14 16 19
23 24 25
23 26 27
21 22 28
21 27 30
21 26 29
22 25 31
22 24 6
23 29 30
25 28 33
24 28 12
26 32 1
31 33 0
29 32 10
203
{[25, 24, 13, 12, 10]}
{[16, 13, 12, 11, 10]}
34
8 13 27
5 6 32
9 15 7
8 17 7
13 5 19
1 16 4
1 11 31
2 3 11
0 9 3
8 2 10
9 12 26
12 6 7
10 11 33
0 14 4
13 17 20
2 16 18
15 5 20
14 3 18
15 17 19
4 18 20
14 16 19
23 24 25
23 26 27
21 22 28
21 27 30
21 26 29
22 25 10
22 24 0
23 29 30
25 28 32
24 28 31
30 33 6
29 33 1
31 32 12
204
{[25, 24, 13, 12, 10]}
{[17, 16, 14, 12, 10]}
34
8 13 30
5 6 31
9 15 7
8 17 7
13 5 19
1 16 4
1 11 33
2 3 11
0 9 3
8 2 10
9 12 27
12 6 7
10 11 32
0 14 4
13 17 20
2 16 18
15 5 20
14 3 18
15 17 19
4 18 20
14 16 19
23 24 25
23 26 27
21 22 28
21 27 30
21 26 29
22 25 31
22 24 10
23 29 30
25 28 33
24 28 0
26 32 1
31 33 12
29 32 6
205
{[25, 24, 13, 12, 10]}
{[17, 16, 15, 13, 11]}
34
8 13 26
5 6 33
9 15 7
8 17 7
13 5 19
1 16 4
1 11 31
2 3 11
0 9 3
8 2 10
9 12 29
12 6 7
10 11 32
0 14 4
13 17 20
2 16 18
15 5 20
14 3 18
15 17 19
4 18 20
14 16 19
23 24 25
23 26 27
21 22 28
21 27 30
21 26 29
22 25 0
22 24 31
23 29 30
25 28 10
24 28 33
27 32 6
31 33 12
30 32 1
206
{[25, 24, 13, 12, 10]}
{[17, 16, 15, 13, 11]}
34
8 13 32
5 6 33
9 15 7
8 17 7
13 5 19
1 16 4
1 11 29
2 3 11
0 9 3
8 2 10
9 12 31
12 6 7
10 11 26
0 14 4
13 17 20
2 16 18
15 5 20
14 3 18
15 17 19
4 18 20
14 16 19
23 24 25
23 26 27
21 22 28
21 27 30
21 26 29
22 25 12
22 24 31
23 29 30
25 28 6
24 28 33
27 32 10
31 33 0
30 32 1
207
{[25, 24, 13, 12, 10]}
{[17, 15, 14, 13, 12]}
34
8 13 29
5 6 31
9 15 7
8 17 7
13 5 19
1 16 4
1 11 32
2 3 11
0 9 3
8 2 10
9 12 30
12 6 7
10 11 33
0 14 4
13 17 20
2 16 18
15 5 20
14 3 18
15 17 19
4 18 20
14 16 19
23 24 25
23 26 27
21 22 28
21 27 30
21 26 29
22 25 32
22 24 31
23 29 30
25 28 0
24 28 10
27 33 1
26 33 6
31 32 12
208
{[25, 24, 13, 12, 10]}
{[17, 15, 14, 13, 12]}
34
8 13 33
5 6 31
9 15 7
8 17 7
13 5 19
1 16 4
1 11 30
2 3 11
0 9 3
8 2 10
9 12 32
12 6 7
10 11 29
0 14 4
13 17 20
2 16 18
15 5 20
14 3 18
15 17 19
4 18 20
14 16 19
23 24 25
23 26 27
21 22 28
21 27 30
21 26 29
22 25 32
22 24 31
23 29 30
25 28 12
24 28 6
27 33 1
26 33 10
31 32 0
209
{[25, 24, 15, 11, 10]}
{[5, 4, 2, 1, 0]}
34
8 13 10
5 6 11
9 15 7
8 17 7
13 5 19
1 16 4
1 12 24
2 3 12
0 9 3
8 2 21
0 11 22
1 10 23
6 7 27
0 14 4
13 17 20
2 16 18
15 5 20
14 3 18
15 17 19
4 18 20
14 16 19
22 25 9
21 26 10
24 25 11
23 31 6
21 23 30
22 28 32
29 32 12
26 29 30
27 28 31
25 28 33
24 29 33
26 27 33
30 31 32
210
{[25, 24, 15, 11, 10]}
{[6, 3, 2, 1, 0]}
34
8 13 10
5 6 11
9 15 7
8 17 7
13 5 19
1 16 4
1 12 23
2 3 12
0 9 3
8 2 22
0 11 25
1 10 26
6 7 21
0 14 4
13 17 20
2 16 18
15 5 20
14 3 18
15 17 19
4 18 20
14 16 19
22 24 12
21 27 9
24 25 6
21 23 31
23 30 10
28 32 11
22 29 32
26 29 30
27 28 31
25 28 33
24 29 33
26 27 33
30 31 32
211
{[25, 24, 15, 11, 10]}
{[8, 7, 4, 2, 0]}
34
8 13 10
5 6 11
9 15 7
8 17 7
13 5 19
1 16 4
1 12 21
2 3 12
0 9 3
8 2 25
0 11 23
1 10 31
6 7 22
0 14 4
13 17 20
2 16 18
15 5 20
14 3 18
15 17 19
4 18 20
14 16 19
23 24 6
24 25 12
21 27 10
21 22 26
22 30 9
24 28 32
23 29 32
26 29 30
27 28 31
25 28 33
29 33 11
26 27 33
30 31 32
212
{[25, 24, 15, 11, 10]}
{[9, 7, 3, 2, 0]}
34
8 13 10
5 6 11
9 15 7
8 17 7
13 5 19
1 16 4
1 12 24
2 3 12
0 9 3
8 2 22
0 11 25
1 10 21
6 7 30
0 14 4
13 17 20
2 16 18
15 5 20
14 3 18
15 17 19
4 18 20
14 16 19
23 24 11
23 25 9
21 22 27
21 26 6
22 31 10
24 28 32
23 29 32
26 29 30
27 28 31
28 33 12
25 29 33
26 27 33
30 31 32
213
{[25, 24, 15, 11, 10]}
{[6, 3, 2, 1, 0]}
34
8 13 10
5 6 11
9 15 7
8 17 7
13 5 19
1 16 4
1 12 22
2 3 12
0 9 3
8 2 23
0 11 25
1 10 21
6 7 26
0 14 4
13 17 20
2 16 18
15 5 20
14 3 18
15 17 19
4 18 20
14 16 19
22 24 11
21 27 6
24 25 9
21 23 31
23 30 10
28 32 12
22 29 32
26 29 30
27 28 31
25 28 33
24 29 33
26 27 33
30 31 32
214
{[25, 24, 15, 11, 10]}
{[9, 7, 3, 2, 0]}
34
8 13 10
5 6 11
9 15 7
8 17 7
13 5 19
1 16 4
1 12 22
2 3 12
0 9 3
8 2 24
0 11 25
1 10 30
6 7 21
0 14 4
13 17 20
2 16 18
15 5 20
14 3 18
15 17 19
4 18 20
14 16 19
23 24 12
23 25 6
21 22 27
21 26 9
22 31 10
24 28 32
23 29 32
26 29 30
27 28 31
28 33 11
25 29 33
26 27 33
30 31 32
215
{[25, 24, 15, 11, 10]}
{[5, 4, 2, 1, 0]}
34
8 13 10
5 6 11
9 15 7
8 17 7
13 5 19
1 16 4
1 12 21
2 3 12
0 9 3
8 2 24
0 11 22
1 10 27
6 7 23
0 14 4
13 17 20
2 16 18
15 5 20
14 3 18
15 17 19
4 18 20
14 16 19
22 25 6
21 26 10
24 25 12
23 31 9
21 23 30
22 28 32
29 32 11
26 29 30
27 28 31
25 28 33
24 29 33
26 27 33
30 31 32
216
{[25, 24, 15, 11, 10]}
{[8, 7, 4, 2, 0]}
34
8 13 10
5 6 11
9 15 7
8 17 7
13 5 19
1 16 4
1 12 25
2 3 12
0 9 3
8 2 21
0 11 23
1 10 22
6 7 31
0 14 4
13 17 20
2 16 18
15 5 20
14 3 18
15 17 19
4 18 20
14 16 19
23 24 9
24 25 11
21 27 10
21 22 26
22 30 6
24 28 32
23 29 32
26 29 30
27 28 31
25 28 33
29 33 12
26 27 33
30 31 32
217
{[25, 24, 15, 11, 10]}
{[16, 13, 12, 11, 10]}
34
8 13 10
5 6 11
9 15 7
8 17 7
13 5 19
1 16 4
1 12 33
2 3 12
0 9 3
8 2 27
0 11 32
1 10 31
6 7 26
0 14 4
13 17 20
2 16 18
15 5 20
14 3 18
15 17 19
4 18 20
14 16 19
23 24 25
23 26 27
21 22 28
21 27 30
21 26 29
22 25 12
22 24 9
23 29 30
25 28 32
24 28 31
30 33 11
29 33 10
31 32 6
218
{[25, 24, 15, 11, 10]}
{[17, 16, 14, 12, 10]}
34
8 13 10
5 6 11
9 15 7
8 17 7
13 5 19
1 16 4
1 12 32
2 3 12
0 9 3
8 2 30
0 11 31
1 10 33
6 7 27
0 14 4
13 17 20
2 16 18
15 5 20
14 3 18
15 17 19
4 18 20
14 16 19
23 24 25
23 26 27
21 22 28
21 27 30
21 26 29
22 25 31
22 24 12
23 29 30
25 28 33
24 28 9
26 32 10
31 33 6
29 32 11
219
{[25, 24, 15, 11, 10]}
{[16, 13, 12, 11, 10]}
34
8 13 10
5 6 11
9 15 7
8 17 7
13 5 19
1 16 4
1 12 27
2 3 12
0 9 3
8 2 33
0 11 32
1 10 26
6 7 31
0 14 4
13 17 20
2 16 18
15 5 20
14 3 18
15 17 19
4 18 20
14 16 19
23 24 25
23 26 27
21 22 28
21 27 30
21 26 29
22 25 11
22 24 6
23 29 30
25 28 32
24 28 31
30 33 12
29 33 10
31 32 9
220
{[25, 24, 15, 11, 10]}
{[17, 16, 14, 12, 10]}
34
8 13 10
5 6 11
9 15 7
8 17 7
13 5 19
1 16 4
1 12 30
2 3 12
0 9 3
8 2 32
0 11 31
1 10 27
6 7 33
0 14 4
13 17 20
2 16 18
15 5 20
14 3 18
15 17 19
4 18 20
14 16 19
23 24 25
23 26 27
21 22 28
21 27 30
21 26 29
22 25 31
22 24 11
23 29 30
25 28 33
24 28 6
26 32 10
31 33 9
29 32 12
221
{[25, 24, 15, 11, 10]}
{[17, 16, 15, 13, 11]}
34
8 13 10
5 6 11
9 15 7
8 17 7
13 5 19
1 16 4
1 12 26
2 3 12
0 9 3
8 2 32
0 11 33
1 10 29
6 7 31
0 14 4
13 17 20
2 16 18
15 5 20
14 3 18
15 17 19
4 18 20
14 16 19
23 24 25
23 26 27
21 22 28
21 27 30
21 26 29
22 25 6
22 24 31
23 29 30
25 28 11
24 28 33
27 32 12
31 33 9
30 32 10
222
{[25, 24, 15, 11, 10]}
{[17, 16, 15, 13, 11]}
34
8 13 10
5 6 11
9 15 7
8 17 7
13 5 19
1 16 4
1 12 32
2 3 12
0 9 3
8 2 26
0 11 33
1 10 31
6 7 29
0 14 4
13 17 20
2 16 18
15 5 20
14 3 18
15 17 19
4 18 20
14 16 19
23 24 25
23 26 27
21 22 28
21 27 30
21 26 29
22 25 9
22 24 31
23 29 30
25 28 12
24 28 33
27 32 11
31 33 6
30 32 10
223
{[25, 24, 15, 11, 10]}
{[17, 15, 14, 13, 12]}
34
8 13 10
5 6 11
9 15 7
8 17 7
13 5 19
1 16 4
1 12 29
2 3 12
0 9 3
8 2 33
0 11 31
1 10 30
6 7 32
0 14 4
13 17 20
2 16 18
15 5 20
14 3 18
15 17 19
4 18 20
14 16 19
23 24 25
23 26 27
21 22 28
21 27 30
21 26 29
22 25 32
22 24 31
23 29 30
25 28 6
24 28 11
27 33 10
26 33 12
31 32 9
224
{[25, 24, 15, 11, 10]}
{[17, 15, 14, 13, 12]}
34
8 13 10
5 6 11
9 15 7
8 17 7
13 5 19
1 16 4
1 12 33
2 3 12
0 9 3
8 2 29
0 11 31
1 10 32
6 7 30
0 14 4
13 17 20
2 16 18
15 5 20
14 3 18
15 17 19
4 18 20
14 16 19
23 24 25
23 26 27
21 22 28
21 27 30
21 26 29
22 25 32
22 24 31
23 29 30
25 28 9
24 28 12
27 33 10
26 33 11
31 32 6
225
{[23, 22, 21, 20, 17]}
{[5, 4, 2, 1, 0]}
34
8 16 12
5 6 13
9 17 7
8 7 24
16 5 27
1 18 4
19 1 14
2 3 14
0 9 3
8 2 11
19 11 12
9 10 15
0 10 13
1 12 20
15 6 7
20 11 14
0 4 22
2 18 23
17 5 21
20 10 6
19 13 15
22 25 18
21 26 16
24 25 17
23 31 3
21 23 30
22 28 32
29 32 4
26 29 30
27 28 31
25 28 33
24 29 33
26 27 33
30 31 32
226
{[23, 22, 21, 20, 17]}
{[6, 3, 2, 1, 0]}
34
8 16 12
5 6 13
9 17 7
8 7 23
16 5 21
1 18 4
19 1 14
2 3 14
0 9 3
8 2 11
19 11 12
9 10 15
0 10 13
1 12 20
15 6 7
20 11 14
0 4 25
2 18 26
17 5 22
20 10 6
19 13 15
22 24 4
21 27 18
24 25 3
21 23 31
23 30 16
28 32 17
22 29 32
26 29 30
27 28 31
25 28 33
24 29 33
26 27 33
30 31 32
227
{[23, 22, 21, 20, 17]}
{[8, 7, 4, 2, 0]}
34
8 16 12
5 6 13
9 17 7
8 7 21
16 5 22
1 18 4
19 1 14
2 3 14
0 9 3
8 2 11
19 11 12
9 10 15
0 10 13
1 12 20
15 6 7
20 11 14
0 4 23
2 18 31
17 5 25
20 10 6
19 13 15
23 24 3
24 25 4
21 27 16
21 22 26
22 30 18
24 28 32
23 29 32
26 29 30
27 28 31
25 28 33
29 33 17
26 27 33
30 31 32
228
{[23, 22, 21, 20, 17]}
{[9, 7, 3, 2, 0]}
34
8 16 12
5 6 13
9 17 7
8 7 24
16 5 30
1 18 4
19 1 14
2 3 14
0 9 3
8 2 11
19 11 12
9 10 15
0 10 13
1 12 20
15 6 7
20 11 14
0 4 25
2 18 21
17 5 22
20 10 6
19 13 15
23 24 17
23 25 18
21 22 27
21 26 3
22 31 16
24 28 32
23 29 32
26 29 30
27 28 31
28 33 4
25 29 33
26 27 33
30 31 32
229
{[23, 22, 21, 20, 17]}
{[6, 3, 2, 1, 0]}
34
8 16 12
5 6 13
9 17 7
8 7 22
16 5 26
1 18 4
19 1 14
2 3 14
0 9 3
8 2 11
19 11 12
9 10 15
0 10 13
1 12 20
15 6 7
20 11 14
0 4 25
2 18 21
17 5 23
20 10 6
19 13 15
22 24 17
21 27 3
24 25 18
21 23 31
23 30 16
28 32 4
22 29 32
26 29 30
27 28 31
25 28 33
24 29 33
26 27 33
30 31 32
230
{[23, 22, 21, 20, 17]}
{[9, 7, 3, 2, 0]}
34
8 16 12
5 6 13
9 17 7
8 7 22
16 5 21
1 18 4
19 1 14
2 3 14
0 9 3
8 2 11
19 11 12
9 10 15
0 10 13
1 12 20
15 6 7
20 11 14
0 4 25
2 18 30
17 5 24
20 10 6
19 13 15
23 24 4
23 25 3
21 22 27
21 26 18
22 31 16
24 28 32
23 29 32
26 29 30
27 28 31
28 33 17
25 29 33
26 27 33
30 31 32
231
{[23, 22, 21, 20, 17]}
{[5, 4, 2, 1, 0]}
34
8 16 12
5 6 13
9 17 7
8 7 21
16 5 23
1 18 4
19 1 14
2 3 14
0 9 3
8 2 11
19 11 12
9 10 15
0 10 13
1 12 20
15 6 7
20 11 14
0 4 22
2 18 27
17 5 24
20 10 6
19 13 15
22 25 3
21 26 16
24 25 4
23 31 18
21 23 30
22 28 32
29 32 17
26 29 30
27 28 31
25 28 33
24 29 33
26 27 33
30 31 32
232
{[23, 22, 21, 20, 17]}
{[8, 7, 4, 2, 0]}
34
8 16 12
5 6 13
9 17 7
8 7 25
16 5 31
1 18 4
19 1 14
2 3 14
0 9 3
8 2 11
19 11 12
9 10 15
0 10 13
1 12 20
15 6 7
20 11 14
0 4 23
2 18 22
17 5 21
20 10 6
19 13 15
23 24 18
24 25 17
21 27 16
21 22 26
22 30 3
24 28 32
23 29 32
26 29 30
27 28 31
25 28 33
29 33 4
26 27 33
30 31 32
233
{[23, 22, 21, 20, 17]}
{[16, 13, 12, 11, 10]}
34
8 16 12
5 6 13
9 17 7
8 7 33
16 5 26
1 18 4
19 1 14
2 3 14
0 9 3
8 2 11
19 11 12
9 10 15
0 10 13
1 12 20
15 6 7
20 11 14
0 4 32
2 18 31
17 5 27
20 10 6
19 13 15
23 24 25
23 26 27
21 22 28
21 27 30
21 26 29
22 25 4
22 24 18
23 29 30
25 28 32
24 28 31
30 33 17
29 33 16
31 32 3
234
{[23, 22, 21, 20, 17]}
{[17, 16, 14, 12, 10]}
34
8 16 12
5 6 13
9 17 7
8 7 32
16 5 27
1 18 4
19 1 14
2 3 14
0 9 3
8 2 11
19 11 12
9 10 15
0 10 13
1 12 20
15 6 7
20 11 14
0 4 31
2 18 33
17 5 30
20 10 6
19 13 15
23 24 25
23 26 27
21 22 28
21 27 30
21 26 29
22 25 31
22 24 4
23 29 30
25 28 33
24 28 18
26 32 16
31 33 3
29 32 17
235
{[23, 22, 21, 20, 17]}
{[16, 13, 12, 11, 10]}
34
8 16 12
5 6 13
9 17 7
8 7 27
16 5 31
1 18 4
19 1 14
2 3 14
0 9 3
8 2 11
19 11 12
9 10 15
0 10 13
1 12 20
15 6 7
20 11 14
0 4 32
2 18 26
17 5 33
20 10 6
19 13 15
23 24 25
23 26 27
21 22 28
21 27 30
21 26 29
22 25 17
22 24 3
23 29 30
25 28 32
24 28 31
30 33 4
29 33 16
31 32 18
236
{[23, 22, 21, 20, 17]}
{[17, 16, 14, 12, 10]}
34
8 16 12
5 6 13
9 17 7
8 7 30
16 5 33
1 18 4
19 1 14
2 3 14
0 9 3
8 2 11
19 11 12
9 10 15
0 10 13
1 12 20
15 6 7
20 11 14
0 4 31
2 18 27
17 5 32
20 10 6
19 13 15
23 24 25
23 26 27
21 22 28
21 27 30
21 26 29
22 25 31
22 24 17
23 29 30
25 28 33
24 28 3
26 32 16
31 33 18
29 32 4
237
{[23, 22, 21, 20, 17]}
{[17, 16, 15, 13, 11]}
34
8 16 12
5 6 13
9 17 7
8 7 26
16 5 31
1 18 4
19 1 14
2 3 14
0 9 3
8 2 11
19 11 12
9 10 15
0 10 13
1 12 20
15 6 7
20 11 14
0 4 33
2 18 29
17 5 32
20 10 6
19 13 15
23 24 25
23 26 27
21 22 28
21 27 30
21 26 29
22 25 3
22 24 31
23 29 30
25 28 17
24 28 33
27 32 4
31 33 18
30 32 16
238
{[23, 22, 21, 20, 17]}
{[17, 16, 15, 13, 11]}
34
8 16 12
5 6 13
9 17 7
8 7 32
16 5 29
1 18 4
19 1 14
2 3 14
0 9 3
8 2 11
19 11 12
9 10 15
0 10 13
1 12 20
15 6 7
20 11 14
0 4 33
2 18 31
17 5 26
20 10 6
19 13 15
23 24 25
23 26 27
21 22 28
21 27 30
21 26 29
22 25 18
22 24 31
23 29 30
25 28 4
24 28 33
27 32 17
31 33 3
30 32 16
239
{[23, 22, 21, 20, 17]}
{[17, 15, 14, 13, 12]}
34
8 16 12
5 6 13
9 17 7
8 7 29
16 5 32
1 18 4
19 1 14
2 3 14
0 9 3
8 2 11
19 11 12
9 10 15
0 10 13
1 12 20
15 6 7
20 11 14
0 4 31
2 18 30
17 5 33
20 10 6
19 13 15
23 24 25
23 26 27
21 22 28
21 27 30
21 26 29
22 25 32
22 24 31
23 29 30
25 28 3
24 28 17
27 33 16
26 33 4
31 32 18
240
{[23, 22, 21, 20, 17]}
{[17, 15, 14, 13, 12]}
34
8 16 12
5 6 13
9 17 7
8 7 33
16 5 30
1 18 4
19 1 14
2 3 14
0 9 3
8 2 11
19 11 12
9 10 15
0 10 13
1 12 20
15 6 7
20 11 14
0 4 31
2 18 32
17 5 29
20 10 6
19 13 15
23 24 25
23 26 27
21 22 28
21 27 30
21 26 29
22 25 32
22 24 31
23 29 30
25 28 18
24 28 4
27 33 16
26 33 17
31 32 3
241
{[23, 22, 21, 20, 17]}
{[5, 4, 2, 1, 0]}
34
8 16 12
5 6 13
9 17 7
8 7 21
16 5 23
1 18 4
19 1 14
2 3 14
0 9 3
8 2 11
19 11 12
9 10 15
0 10 13
1 12 20
15 6 7
20 11 14
0 4 22
2 18 27
17 5 24
20 10 6
19 13 15
22 25 3
21 26 16
24 25 4
23 31 18
21 23 30
22 28 32
29 32 17
26 29 30
27 28 31
25 28 33
24 29 33
26 27 33
30 31 32
242
{[23, 22, 21, 20, 17]}
{[6, 3, 2, 1, 0]}
34
8 16 12
5 6 13
9 17 7
8 7 22
16 5 26
1 18 4
19 1 14
2 3 14
0 9 3
8 2 11
19 11 12
9 10 15
0 10 13
1 12 20
15 6 7
20 11 14
0 4 25
2 18 21
17 5 23
20 10 6
19 13 15
22 24 17
21 27 3
24 25 18
21 23 31
23 30 16
28 32 4
22 29 32
26 29 30
27 28 31
25 28 33
24 29 33
26 27 33
30 31 32
243
{[23, 22, 21, 20, 17]}
{[8, 7, 4, 2, 0]}
34
8 16 12
5 6 13
9 17 7
8 7 25
16 5 31
1 18 4
19 1 14
2 3 14
0 9 3
8 2 11
19 11 12
9 10 15
0 10 13
1 12 20
15 6 7
20 11 14
0 4 23
2 18 22
17 5 21
20 10 6
19 13 15
23 24 18
24 25 17
21 27 16
21 22 26
22 30 3
24 28 32
23 29 32
26 29 30
27 28 31
25 28 33
29 33 4
26 27 33
30 31 32
244
{[23, 22, 21, 20, 17]}
{[9, 7, 3, 2, 0]}
34
8 16 12
5 6 13
9 17 7
8 7 22
16 5 21
1 18 4
19 1 14
2 3 14
0 9 3
8 2 11
19 11 12
9 10 15
0 10 13
1 12 20
15 6 7
20 11 14
0 4 25
2 18 30
17 5 24
20 10 6
19 13 15
23 24 4
23 25 3
21 22 27
21 26 18
22 31 16
24 28 32
23 29 32
26 29 30
27 28 31
28 33 17
25 29 33
26 27 33
30 31 32
245
{[23, 22, 21, 20, 17]}
{[6, 3, 2, 1, 0]}
34
8 16 12
5 6 13
9 17 7
8 7 23
16 5 21
1 18 4
19 1 14
2 3 14
0 9 3
8 2 11
19 11 12
9 10 15
0 10 13
1 12 20
15 6 7
20 11 14
0 4 25
2 18 26
17 5 22
20 10 6
19 13 15
22 24 4
21 27 18
24 25 3
21 23 31
23 30 16
28 32 17
22 29 32
26 29 30
27 28 31
25 28 33
24 29 33
26 27 33
30 31 32
246
{[23, 22, 21, 20, 17]}
{[9, 7, 3, 2, 0]}
34
8 16 12
5 6 13
9 17 7
8 7 24
16 5 30
1 18 4
19 1 14
2 3 14
0 9 3
8 2 11
19 11 12
9 10 15
0 10 13
1 12 20
15 6 7
20 11 14
0 4 25
2 18 21
17 5 22
20 10 6
19 13 15
23 24 17
23 25 18
21 22 27
21 26 3
22 31 16
24 28 32
23 29 32
26 29 30
27 28 31
28 33 4
25 29 33
26 27 33
30 31 32
247
{[23, 22, 21, 20, 17]}
{[5, 4, 2, 1, 0]}
34
8 16 12
5 6 13
9 17 7
8 7 24
16 5 27
1 18 4
19 1 14
2 3 14
0 9 3
8 2 11
19 11 12
9 10 15
0 10 13
1 12 20
15 6 7
20 11 14
0 4 22
2 18 23
17 5 21
20 10 6
19 13 15
22 25 18
21 26 16
24 25 17
23 31 3
21 23 30
22 28 32
29 32 4
26 29 30
27 28 31
25 28 33
24 29 33
26 27 33
30 31 32
248
{[23, 22, 21, 20, 17]}
{[8, 7, 4, 2, 0]}
34
8 16 12
5 6 13
9 17 7
8 7 21
16 5 22
1 18 4
19 1 14
2 3 14
0 9 3
8 2 11
19 11 12
9 10 15
0 10 13
1 12 20
15 6 7
20 11 14
0 4 23
2 18 31
17 5 25
20 10 6
19 13 15
23 24 3
24 25 4
21 27 16
21 22 26
22 30 18
24 28 32
23 29 32
26 29 30
27 28 31
25 28 33
29 33 17
26 27 33
30 31 32
249
{[23, 22, 21, 20, 17]}
{[16, 13, 12, 11, 10]}
34
8 16 12
5 6 13
9 17 7
8 7 27
16 5 31
1 18 4
19 1 14
2 3 14
0 9 3
8 2 11
19 11 12
9 10 15
0 10 13
1 12 20
15 6 7
20 11 14
0 4 32
2 18 26
17 5 33
20 10 6
19 13 15
23 24 25
23 26 27
21 22 28
21 27 30
21 26 29
22 25 17
22 24 3
23 29 30
25 28 32
24 28 31
30 33 4
29 33 16
31 32 18
250
{[23, 22, 21, 20, 17]}
{[17, 16, 14, 12, 10]}
34
8 16 12
5 6 13
9 17 7
8 7 30
16 5 33
1 18 4
19 1 14
2 3 14
0 9 3
8 2 11
19 11 12
9 10 15
0 10 13
1 12 20
15 6 7
20 11 14
0 4 31
2 18 27
17 5 32
20 10 6
19 13 15
23 24 25
23 26 27
21 22 28
21 27 30
21 26 29
22 25 31
22 24 17
23 29 30
25 28 33
24 28 3
26 32 16
31 33 18
29 32 4
251
{[23, 22, 21, 20, 17]}
{[16, 13, 12, 11, 10]}
34
8 16 12
5 6 13
9 17 7
8 7 33
16 5 26
1 18 4
19 1 14
2 3 14
0 9 3
8 2 11
19 11 12
9 10 15
0 10 13
1 12 20
15 6 7
20 11 14
0 4 32
2 18 31
17 5 27
20 10 6
19 13 15
23 24 25
23 26 27
21 22 28
21 27 30
21 26 29
22 25 4
22 24 18
23 29 30
25 28 32
24 28 31
30 33 17
29 33 16
31 32 3
252
{[23, 22, 21, 20, 17]}
{[17, 16, 14, 12, 10]}
34
8 16 12
5 6 13
9 17 7
8 7 32
16 5 27
1 18 4
19 1 14
2 3 14
0 9 3
8 2 11
19 11 12
9 10 15
0 10 13
1 12 20
15 6 7
20 11 14
0 4 31
2 18 33
17 5 30
20 10 6
19 13 15
23 24 25
23 26 27
21 22 28
21 27 30
21 26 29
22 25 31
22 24 4
23 29 30
25 28 33
24 28 18
26 32 16
31 33 3
29 32 17
253
{[23, 22, 21, 20, 17]}
{[17, 16, 15, 13, 11]}
34
8 16 12
5 6 13
9 17 7
8 7 32
16 5 29
1 18 4
19 1 14
2 3 14
0 9 3
8 2 11
19 11 12
9 10 15
0 10 13
1 12 20
15 6 7
20 11 14
0 4 33
2 18 31
17 5 26
20 10 6
19 13 15
23 24 25
23 26 27
21 22 28
21 27 30
21 26 29
22 25 18
22 24 31
23 29 30
25 28 4
24 28 33
27 32 17
31 33 3
30 32 16
254
{[23, 22, 21, 20, 17]}
{[17, 16, 15, 13, 11]}
34
8 16 12
5 6 13
9 17 7
8 7 26
16 5 31
1 18 4
19 1 14
2 3 14
0 9 3
8 2 11
19 11 12
9 10 15
0 10 13
1 12 20
15 6 7
20 11 14
0 4 33
2 18 29
17 5 32
20 10 6
19 13 15
23 24 25
23 26 27
21 22 28
21 27 30
21 26 29
22 25 3
22 24 31
23 29 30
25 28 17
24 28 33
27 32 4
31 33 18
30 32 16
255
{[23, 22, 21, 20, 17]}
{[17, 15, 14, 13, 12]}
34
8 16 12
5 6 13
9 17 7
8 7 33
16 5 30
1 18 4
19 1 14
2 3 14
0 9 3
8 2 11
19 11 12
9 10 15
0 10 13
1 12 20
15 6 7
20 11 14
0 4 31
2 18 32
17 5 29
20 10 6
19 13 15
23 24 25
23 26 27
21 22 28
21 27 30
21 26 29
22 25 32
22 24 31
23 29 30
25 28 18
24 28 4
27 33 16
26 33 17
31 32 3
256
{[23, 22, 21, 20, 17]}
{[17, 15, 14, 13, 12]}
34
8 16 12
5 6 13
9 17 7
8 7 29
16 5 32
1 18 4
19 1 14
2 3 14
0 9 3
8 2 11
19 11 12
9 10 15
0 10 13
1 12 20
15 6 7
20 11 14
0 4 31
2 18 30
17 5 33
20 10 6
19 13 15
23 24 25
23 26 27
21 22 28
21 27 30
21 26 29
22 25 32
22 24 31
23 29 30
25 28 3
24 28 17
27 33 16
26 33 4
31 32 18
257
{[23, 22, 21, 19, 18]}
{[5, 4, 2, 1, 0]}
34
8 16 12
5 6 13
9 7 24
8 18 7
16 5 21
1 4 23
19 1 14
2 3 14
0 9 3
8 2 11
19 11 12
9 10 15
0 10 13
1 12 20
15 6 7
20 11 14
0 17 4
16 18 27
17 3 22
20 10 6
19 13 15
22 25 4
21 26 18
24 25 5
23 31 2
21 23 30
22 28 32
29 32 17
26 29 30
27 28 31
25 28 33
24 29 33
26 27 33
30 31 32
258
{[23, 22, 21, 19, 18]}
{[6, 3, 2, 1, 0]}
34
8 16 12
5 6 13
9 7 23
8 18 7
16 5 22
1 4 26
19 1 14
2 3 14
0 9 3
8 2 11
19 11 12
9 10 15
0 10 13
1 12 20
15 6 7
20 11 14
0 17 4
16 18 21
17 3 25
20 10 6
19 13 15
22 24 17
21 27 4
24 25 2
21 23 31
23 30 18
28 32 5
22 29 32
26 29 30
27 28 31
25 28 33
24 29 33
26 27 33
30 31 32
259
{[23, 22, 21, 19, 18]}
{[8, 7, 4, 2, 0]}
34
8 16 12
5 6 13
9 7 21
8 18 7
16 5 25
1 4 31
19 1 14
2 3 14
0 9 3
8 2 11
19 11 12
9 10 15
0 10 13
1 12 20
15 6 7
20 11 14
0 17 4
16 18 22
17 3 23
20 10 6
19 13 15
23 24 2
24 25 17
21 27 18
21 22 26
22 30 4
24 28 32
23 29 32
26 29 30
27 28 31
25 28 33
29 33 5
26 27 33
30 31 32
260
{[23, 22, 21, 19, 18]}
{[9, 7, 3, 2, 0]}
34
8 16 12
5 6 13
9 7 24
8 18 7
16 5 22
1 4 21
19 1 14
2 3 14
0 9 3
8 2 11
19 11 12
9 10 15
0 10 13
1 12 20
15 6 7
20 11 14
0 17 4
16 18 30
17 3 25
20 10 6
19 13 15
23 24 5
23 25 4
21 22 27
21 26 2
22 31 18
24 28 32
23 29 32
26 29 30
27 28 31
28 33 17
25 29 33
26 27 33
30 31 32
261
{[23, 22, 21, 19, 18]}
{[6, 3, 2, 1, 0]}
34
8 16 12
5 6 13
9 7 22
8 18 7
16 5 23
1 4 21
19 1 14
2 3 14
0 9 3
8 2 11
19 11 12
9 10 15
0 10 13
1 12 20
15 6 7
20 11 14
0 17 4
16 18 26
17 3 25
20 10 6
19 13 15
22 24 5
21 27 2
24 25 4
21 23 31
23 30 18
28 32 17
22 29 32
26 29 30
27 28 31
25 28 33
24 29 33
26 27 33
30 31 32
262
{[23, 22, 21, 19, 18]}
{[9, 7, 3, 2, 0]}
34
8 16 12
5 6 13
9 7 22
8 18 7
16 5 24
1 4 30
19 1 14
2 3 14
0 9 3
8 2 11
19 11 12
9 10 15
0 10 13
1 12 20
15 6 7
20 11 14
0 17 4
16 18 21
17 3 25
20 10 6
19 13 15
23 24 17
23 25 2
21 22 27
21 26 4
22 31 18
24 28 32
23 29 32
26 29 30
27 28 31
28 33 5
25 29 33
26 27 33
30 31 32
263
{[23, 22, 21, 19, 18]}
{[5, 4, 2, 1, 0]}
34
8 16 12
5 6 13
9 7 21
8 18 7
16 5 24
1 4 27
19 1 14
2 3 14
0 9 3
8 2 11
19 11 12
9 10 15
0 10 13
1 12 20
15 6 7
20 11 14
0 17 4
16 18 23
17 3 22
20 10 6
19 13 15
22 25 2
21 26 18
24 25 17
23 31 4
21 23 30
22 28 32
29 32 5
26 29 30
27 28 31
25 28 33
24 29 33
26 27 33
30 31 32
264
{[23, 22, 21, 19, 18]}
{[8, 7, 4, 2, 0]}
34
8 16 12
5 6 13
9 7 25
8 18 7
16 5 21
1 4 22
19 1 14
2 3 14
0 9 3
8 2 11
19 11 12
9 10 15
0 10 13
1 12 20
15 6 7
20 11 14
0 17 4
16 18 31
17 3 23
20 10 6
19 13 15
23 24 4
24 25 5
21 27 18
21 22 26
22 30 2
24 28 32
23 29 32
26 29 30
27 28 31
25 28 33
29 33 17
26 27 33
30 31 32
265
{[23, 22, 21, 19, 18]}
{[16, 13, 12, 11, 10]}
34
8 16 12
5 6 13
9 7 33
8 18 7
16 5 27
1 4 31
19 1 14
2 3 14
0 9 3
8 2 11
19 11 12
9 10 15
0 10 13
1 12 20
15 6 7
20 11 14
0 17 4
16 18 26
17 3 32
20 10 6
19 13 15
23 24 25
23 26 27
21 22 28
21 27 30
21 26 29
22 25 17
22 24 4
23 29 30
25 28 32
24 28 31
30 33 5
29 33 18
31 32 2
266
{[23, 22, 21, 19, 18]}
{[17, 16, 14, 12, 10]}
34
8 16 12
5 6 13
9 7 32
8 18 7
16 5 30
1 4 33
19 1 14
2 3 14
0 9 3
8 2 11
19 11 12
9 10 15
0 10 13
1 12 20
15 6 7
20 11 14
0 17 4
16 18 27
17 3 31
20 10 6
19 13 15
23 24 25
23 26 27
21 22 28
21 27 30
21 26 29
22 25 31
22 24 17
23 29 30
25 28 33
24 28 4
26 32 18
31 33 2
29 32 5
267
{[23, 22, 21, 19, 18]}
{[16, 13, 12, 11, 10]}
34
8 16 12
5 6 13
9 7 27
8 18 7
16 5 33
1 4 26
19 1 14
2 3 14
0 9 3
8 2 11
19 11 12
9 10 15
0 10 13
1 12 20
15 6 7
20 11 14
0 17 4
16 18 31
17 3 32
20 10 6
19 13 15
23 24 25
23 26 27
21 22 28
21 27 30
21 26 29
22 25 5
22 24 2
23 29 30
25 28 32
24 28 31
30 33 17
29 33 18
31 32 4
268
{[23, 22, 21, 19, 18]}
{[17, 16, 14, 12, 10]}
34
8 16 12
5 6 13
9 7 30
8 18 7
16 5 32
1 4 27
19 1 14
2 3 14
0 9 3
8 2 11
19 11 12
9 10 15
0 10 13
1 12 20
15 6 7
20 11 14
0 17 4
16 18 33
17 3 31
20 10 6
19 13 15
23 24 25
23 26 27
21 22 28
21 27 30
21 26 29
22 25 31
22 24 5
23 29 30
25 28 33
24 28 2
26 32 18
31 33 4
29 32 17
269
{[23, 22, 21, 19, 18]}
{[17, 16, 15, 13, 11]}
34
8 16 12
5 6 13
9 7 26
8 18 7
16 5 32
1 4 29
19 1 14
2 3 14
0 9 3
8 2 11
19 11 12
9 10 15
0 10 13
1 12 20
15 6 7
20 11 14
0 17 4
16 18 31
17 3 33
20 10 6
19 13 15
23 24 25
23 26 27
21 22 28
21 27 30
21 26 29
22 25 2
22 24 31
23 29 30
25 28 5
24 28 33
27 32 17
31 33 4
30 32 18
270
{[23, 22, 21, 19, 18]}
{[17, 16, 15, 13, 11]}
34
8 16 12
5 6 13
9 7 32
8 18 7
16 5 26
1 4 31
19 1 14
2 3 14
0 9 3
8 2 11
19 11 12
9 10 15
0 10 13
1 12 20
15 6 7
20 11 14
0 17 4
16 18 29
17 3 33
20 10 6
19 13 15
23 24 25
23 26 27
21 22 28
21 27 30
21 26 29
22 25 4
22 24 31
23 29 30
25 28 17
24 28 33
27 32 5
31 33 2
30 32 18
271
{[23, 22, 21, 19, 18]}
{[17, 15, 14, 13, 12]}
34
8 16 12
5 6 13
9 7 29
8 18 7
16 5 33
1 4 30
19 1 14
2 3 14
0 9 3
8 2 11
19 11 12
9 10 15
0 10 13
1 12 20
15 6 7
20 11 14
0 17 4
16 18 32
17 3 31
20 10 6
19 13 15
23 24 25
23 26 27
21 22 28
21 27 30
21 26 29
22 25 32
22 24 31
23 29 30
25 28 2
24 28 5
27 33 18
26 33 17
31 32 4
272
{[23, 22, 21, 19, 18]}
{[17, 15, 14, 13, 12]}
34
8 16 12
5 6 13
9 7 33
8 18 7
16 5 29
1 4 32
19 1 14
2 3 14
0 9 3
8 2 11
19 11 12
9 10 15
0 10 13
1 12 20
15 6 7
20 11 14
0 17 4
16 18 30
17 3 31
20 10 6
19 13 15
23 24 25
23 26 27
21 22 28
21 27 30
21 26 29
22 25 32
22 24 31
23 29 30
25 28 4
24 28 17
27 33 18
26 33 5
31 32 2
273
{[23, 22, 21, 19, 18]}
{[5, 4, 2, 1, 0]}
34
8 16 12
5 6 13
9 7 21
8 18 7
16 5 24
1 4 27
19 1 14
2 3 14
0 9 3
8 2 11
19 11 12
9 10 15
0 10 13
1 12 20
15 6 7
20 11 14
0 17 4
16 18 23
17 3 22
20 10 6
19 13 15
22 25 2
21 26 18
24 25 17
23 31 4
21 23 30
22 28 32
29 32 5
26 29 30
27 28 31
25 28 33
24 29 33
26 27 33
30 31 32
274
{[23, 22, 21, 19, 18]}
{[6, 3, 2, 1, 0]}
34
8 16 12
5 6 13
9 7 22
8 18 7
16 5 23
1 4 21
19 1 14
2 3 14
0 9 3
8 2 11
19 11 12
9 10 15
0 10 13
1 12 20
15 6 7
20 11 14
0 17 4
16 18 26
17 3 25
20 10 6
19 13 15
22 24 5
21 27 2
24 25 4
21 23 31
23 30 18
28 32 17
22 29 32
26 29 30
27 28 31
25 28 33
24 29 33
26 27 33
30 31 32
275
{[23, 22, 21, 19, 18]}
{[8, 7, 4, 2, 0]}
34
8 16 12
5 6 13
9 7 25
8 18 7
16 5 21
1 4 22
19 1 14
2 3 14
0 9 3
8 2 11
19 11 12
9 10 15
0 10 13
1 12 20
15 6 7
20 11 14
0 17 4
16 18 31
17 3 23
20 10 6
19 13 15
23 24 4
24 25 5
21 27 18
21 22 26
22 30 2
24 28 32
23 29 32
26 29 30
27 28 31
25 28 33
29 33 17
26 27 33
30 31 32
276
{[23, 22, 21, 19, 18]}
{[9, 7, 3, 2, 0]}
34
8 16 12
5 6 13
9 7 22
8 18 7
16 5 24
1 4 30
19 1 14
2 3 14
0 9 3
8 2 11
19 11 12
9 10 15
0 10 13
1 12 20
15 6 7
20 11 14
0 17 4
16 18 21
17 3 25
20 10 6
19 13 15
23 24 17
23 25 2
21 22 27
21 26 4
22 31 18
24 28 32
23 29 32
26 29 30
27 28 31
28 33 5
25 29 33
26 27 33
30 31 32
277
{[23, 22, 21, 19, 18]}
{[6, 3, 2, 1, 0]}
34
8 16 12
5 6 13
9 7 23
8 18 7
16 5 22
1 4 26
19 1 14
2 3 14
0 9 3
8 2 11
19 11 12
9 10 15
0 10 13
1 12 20
15 6 7
20 11 14
0 17 4
16 18 21
17 3 25
20 10 6
19 13 15
22 24 17
21 27 4
24 25 2
21 23 31
23 30 18
28 32 5
22 29 32
26 29 30
27 28 31
25 28 33
24 29 33
26 27 33
30 31 32
278
{[23, 22, 21, 19, 18]}
{[9, 7, 3, 2, 0]}
34
8 16 12
5 6 13
9 7 24
8 18 7
16 5 22
1 4 21
19 1 14
2 3 14
0 9 3
8 2 11
19 11 12
9 10 15
0 10 13
1 12 20
15 6 7
20 11 14
0 17 4
16 18 30
17 3 25
20 10 6
19 13 15
23 24 5
23 25 4
21 22 27
21 26 2
22 31 18
24 28 32
23 29 32
26 29 30
27 28 31
28 33 17
25 29 33
26 27 33
30 31 32
279
{[23, 22, 21, 19, 18]}
{[5, 4, 2, 1, 0]}
34
8 16 12
5 6 13
9 7 24
8 18 7
16 5 21
1 4 23
19 1 14
2 3 14
0 9 3
8 2 11
19 11 12
9 10 15
0 10 13
1 12 20
15 6 7
20 11 14
0 17 4
16 18 27
17 3 22
20 10 6
19 13 15
22 25 4
21 26 18
24 25 5
23 31 2
21 23 30
22 28 32
29 32 17
26 29 30
27 28 31
25 28 33
24 29 33
26 27 33
30 31 32
280
{[23, 22, 21, 19, 18]}
{[8, 7, 4, 2, 0]}
34
8 16 12
5 6 13
9 7 21
8 18 7
16 5 25
1 4 31
19 1 14
2 3 14
0 9 3
8 2 11
19 11 12
9 10 15
0 10 13
1 12 20
15 6 7
20 11 14
0 17 4
16 18 22
17 3 23
20 10 6
19 13 15
23 24 2
24 25 17
21 27 18
21 22 26
22 30 4
24 28 32
23 29 32
26 29 30
27 28 31
25 28 33
29 33 5
26 27 33
30 31 32
281
{[23, 22, 21, 19, 18]}
{[16, 13, 12, 11, 10]}
34
8 16 12
5 6 13
9 7 27
8 18 7
16 5 33
1 4 26
19 1 14
2 3 14
0 9 3
8 2 11
19 11 12
9 10 15
0 10 13
1 12 20
15 6 7
20 11 14
0 17 4
16 18 31
17 3 32
20 10 6
19 13 15
23 24 25
23 26 27
21 22 28
21 27 30
21 26 29
22 25 5
22 24 2
23 29 30
25 28 32
24 28 31
30 33 17
29 33 18
31 32 4
282
{[23, 22, 21, 19, 18]}
{[17, 16, 14, 12, 10]}
34
8 16 12
5 6 13
9 7 30
8 18 7
16 5 32
1 4 27
19 1 14
2 3 14
0 9 3
8 2 11
19 11 12
9 10 15
0 10 13
1 12 20
15 6 7
20 11 14
0 17 4
16 18 33
17 3 31
20 10 6
19 13 15
23 24 25
23 26 27
21 22 28
21 27 30
21 26 29
22 25 31
22 24 5
23 29 30
25 28 33
24 28 2
26 32 18
31 33 4
29 32 17
283
{[23, 22, 21, 19, 18]}
{[16, 13, 12, 11, 10]}
34
8 16 12
5 6 13
9 7 33
8 18 7
16 5 27
1 4 31
19 1 14
2 3 14
0 9 3
8 2 11
19 11 12
9 10 15
0 10 13
1 12 20
15 6 7
20 11 14
0 17 4
16 18 26
17 3 32
20 10 6
19 13 15
23 24 25
23 26 27
21 22 28
21 27 30
21 26 29
22 25 17
22 24 4
23 29 30
25 28 32
24 28 31
30 33 5
29 33 18
31 32 2
284
{[23, 22, 21, 19, 18]}
{[17, 16, 14, 12, 10]}
34
8 16 12
5 6 13
9 7 32
8 18 7
16 5 30
1 4 33
19 1 14
2 3 14
0 9 3
8 2 11
19 11 12
9 10 15
0 10 13
1 12 20
15 6 7
20 11 14
0 17 4
16 18 27
17 3 31
20 10 6
19 13 15
23 24 25
23 26 27
21 22 28
21 27 30
21 26 29
22 25 31
22 24 17
23 29 30
25 28 33
24 28 4
26 32 18
31 33 2
29 32 5
285
{[23, 22, 21, 19, 18]}
{[17, 16, 15, 13, 11]}
34
8 16 12
5 6 13
9 7 32
8 18 7
16 5 26
1 4 31
19 1 14
2 3 14
0 9 3
8 2 11
19 11 12
9 10 15
0 10 13
1 12 20
15 6 7
20 11 14
0 17 4
16 18 29
17 3 33
20 10 6
19 13 15
23 24 25
23 26 27
21 22 28
21 27 30
21 26 29
22 25 4
22 24 31
23 29 30
25 28 17
24 28 33
27 32 5
31 33 2
30 32 18
286
{[23, 22, 21, 19, 18]}
{[17, 16, 15, 13, 11]}
34
8 16 12
5 6 13
9 7 26
8 18 7
16 5 32
1 4 29
19 1 14
2 3 14
0 9 3
8 2 11
19 11 12
9 10 15
0 10 13
1 12 20
15 6 7
20 11 14
0 17 4
16 18 31
17 3 33
20 10 6
19 13 15
23 24 25
23 26 27
21 22 28
21 27 30
21 26 29
22 25 2
22 24 31
23 29 30
25 28 5
24 28 33
27 32 17
31 33 4
30 32 18
287
{[23, 22, 21, 19, 18]}
{[17, 15, 14, 13, 12]}
34
8 16 12
5 6 13
9 7 33
8 18 7
16 5 29
1 4 32
19 1 14
2 3 14
0 9 3
8 2 11
19 11 12
9 10 15
0 10 13
1 12 20
15 6 7
20 11 14
0 17 4
16 18 30
17 3 31
20 10 6
19 13 15
23 24 25
23 26 27
21 22 28
21 27 30
21 26 29
22 25 32
22 24 31
23 29 30
25 28 4
24 28 17
27 33 18
26 33 5
31 32 2
288
{[23, 22, 21, 19, 18]}
{[17, 15, 14, 13, 12]}
34
8 16 12
5 6 13
9 7 29
8 18 7
16 5 33
1 4 30
19 1 14
2 3 14
0 9 3
8 2 11
19 11 12
9 10 15
0 10 13
1 12 20
15 6 7
20 11 14
0 17 4
16 18 32
17 3 31
20 10 6
19 13 15
23 24 25
23 26 27
21 22 28
21 27 30
21 26 29
22 25 32
22 24 31
23 29 30
25 28 2
24 28 5
27 33 18
26 33 17
31 32 4
