288
1
{[20, 19, 18, 10, 0]}
{[5, 4, 2, 1, 0]}
34
14 4 5
9 3 6
7 4 6
19 1 10
19 0 2
0 20 21
20 1 2
15 2 12
15 9 11
8 1 17
3 11 16
8 10 13
7 13 23
14 11 12
0 15 13
7 8 14
10 18 24
9 18 22
16 17 27
20 3 4
19 5 6
22 25 5
21 26 17
24 25 12
23 31 16
21 23 30
22 28 32
29 32 18
26 29 30
27 28 31
25 28 33
24 29 33
26 27 33
30 31 32
2
{[20, 19, 18, 10, 0]}
{[6, 3, 2, 1, 0]}
34
14 4 5
9 3 6
7 4 6
19 1 10
19 0 2
0 20 22
20 1 2
15 2 12
15 9 11
8 1 17
3 11 16
8 10 13
7 13 26
14 11 12
0 15 13
7 8 14
10 18 23
9 18 25
16 17 21
20 3 4
19 5 6
22 24 18
21 27 5
24 25 16
21 23 31
23 30 17
28 32 12
22 29 32
26 29 30
27 28 31
25 28 33
24 29 33
26 27 33
30 31 32
3
{[20, 19, 18, 10, 0]}
{[8, 7, 4, 2, 0]}
34
14 4 5
9 3 6
7 4 6
19 1 10
19 0 2
0 20 25
20 1 2
15 2 12
15 9 11
8 1 17
3 11 16
8 10 13
7 13 31
14 11 12
0 15 13
7 8 14
10 18 21
9 18 23
16 17 22
20 3 4
19 5 6
23 24 16
24 25 18
21 27 17
21 22 26
22 30 5
24 28 32
23 29 32
26 29 30
27 28 31
25 28 33
29 33 12
26 27 33
30 31 32
4
{[20, 19, 18, 10, 0]}
{[9, 7, 3, 2, 0]}
34
14 4 5
9 3 6
7 4 6
19 1 10
19 0 2
0 20 22
20 1 2
15 2 12
15 9 11
8 1 17
3 11 16
8 10 13
7 13 21
14 11 12
0 15 13
7 8 14
10 18 24
9 18 25
16 17 30
20 3 4
19 5 6
23 24 12
23 25 5
21 22 27
21 26 16
22 31 17
24 28 32
23 29 32
26 29 30
27 28 31
28 33 18
25 29 33
26 27 33
30 31 32
5
{[20, 19, 18, 10, 0]}
{[6, 3, 2, 1, 0]}
34
14 4 5
9 3 6
7 4 6
19 1 10
19 0 2
0 20 23
20 1 2
15 2 12
15 9 11
8 1 17
3 11 16
8 10 13
7 13 21
14 11 12
0 15 13
7 8 14
10 18 22
9 18 25
16 17 26
20 3 4
19 5 6
22 24 12
21 27 16
24 25 5
21 23 31
23 30 17
28 32 18
22 29 32
26 29 30
27 28 31
25 28 33
24 29 33
26 27 33
30 31 32
6
{[20, 19, 18, 10, 0]}
{[9, 7, 3, 2, 0]}
34
14 4 5
9 3 6
7 4 6
19 1 10
19 0 2
0 20 24
20 1 2
15 2 12
15 9 11
8 1 17
3 11 16
8 10 13
7 13 30
14 11 12
0 15 13
7 8 14
10 18 22
9 18 25
16 17 21
20 3 4
19 5 6
23 24 18
23 25 16
21 22 27
21 26 5
22 31 17
24 28 32
23 29 32
26 29 30
27 28 31
28 33 12
25 29 33
26 27 33
30 31 32
7
{[20, 19, 18, 10, 0]}
{[5, 4, 2, 1, 0]}
34
14 4 5
9 3 6
7 4 6
19 1 10
19 0 2
0 20 24
20 1 2
15 2 12
15 9 11
8 1 17
3 11 16
8 10 13
7 13 27
14 11 12
0 15 13
7 8 14
10 18 21
9 18 22
16 17 23
20 3 4
19 5 6
22 25 16
21 26 17
24 25 18
23 31 5
21 23 30
22 28 32
29 32 12
26 29 30
27 28 31
25 28 33
24 29 33
26 27 33
30 31 32
8
{[20, 19, 18, 10, 0]}
{[8, 7, 4, 2, 0]}
34
14 4 5
9 3 6
7 4 6
19 1 10
19 0 2
0 20 21
20 1 2
15 2 12
15 9 11
8 1 17
3 11 16
8 10 13
7 13 22
14 11 12
0 15 13
7 8 14
10 18 25
9 18 23
16 17 31
20 3 4
19 5 6
23 24 5
24 25 12
21 27 17
21 22 26
22 30 16
24 28 32
23 29 32
26 29 30
27 28 31
25 28 33
29 33 18
26 27 33
30 31 32
9
{[20, 19, 18, 10, 0]}
{[16, 13, 12, 11, 10]}
34
14 4 5
9 3 6
7 4 6
19 1 10
19 0 2
0 20 27
20 1 2
15 2 12
15 9 11
8 1 17
3 11 16
8 10 13
7 13 31
14 11 12
0 15 13
7 8 14
10 18 33
9 18 32
16 17 26
20 3 4
19 5 6
23 24 25
23 26 27
21 22 28
21 27 30
21 26 29
22 25 18
22 24 5
23 29 30
25 28 32
24 28 31
30 33 12
29 33 17
31 32 16
10
{[20, 19, 18, 10, 0]}
{[17, 16, 14, 12, 10]}
34
14 4 5
9 3 6
7 4 6
19 1 10
19 0 2
0 20 30
20 1 2
15 2 12
15 9 11
8 1 17
3 11 16
8 10 13
7 13 33
14 11 12
0 15 13
7 8 14
10 18 32
9 18 31
16 17 27
20 3 4
19 5 6
23 24 25
23 26 27
21 22 28
21 27 30
21 26 29
22 25 31
22 24 18
23 29 30
25 28 33
24 28 5
26 32 17
31 33 16
29 32 12
11
{[20, 19, 18, 10, 0]}
{[16, 13, 12, 11, 10]}
34
14 4 5
9 3 6
7 4 6
19 1 10
19 0 2
0 20 33
20 1 2
15 2 12
15 9 11
8 1 17
3 11 16
8 10 13
7 13 26
14 11 12
0 15 13
7 8 14
10 18 27
9 18 32
16 17 31
20 3 4
19 5 6
23 24 25
23 26 27
21 22 28
21 27 30
21 26 29
22 25 12
22 24 16
23 29 30
25 28 32
24 28 31
30 33 18
29 33 17
31 32 5
12
{[20, 19, 18, 10, 0]}
{[17, 16, 14, 12, 10]}
34
14 4 5
9 3 6
7 4 6
19 1 10
19 0 2
0 20 32
20 1 2
15 2 12
15 9 11
8 1 17
3 11 16
8 10 13
7 13 27
14 11 12
0 15 13
7 8 14
10 18 30
9 18 31
16 17 33
20 3 4
19 5 6
23 24 25
23 26 27
21 22 28
21 27 30
21 26 29
22 25 31
22 24 12
23 29 30
25 28 33
24 28 16
26 32 17
31 33 5
29 32 18
13
{[20, 19, 18, 10, 0]}
{[17, 16, 15, 13, 11]}
34
14 4 5
9 3 6
7 4 6
19 1 10
19 0 2
0 20 32
20 1 2
15 2 12
15 9 11
8 1 17
3 11 16
8 10 13
7 13 29
14 11 12
0 15 13
7 8 14
10 18 26
9 18 33
16 17 31
20 3 4
19 5 6
23 24 25
23 26 27
21 22 28
21 27 30
21 26 29
22 25 16
22 24 31
23 29 30
25 28 12
24 28 33
27 32 18
31 33 5
30 32 17
14
{[20, 19, 18, 10, 0]}
{[17, 16, 15, 13, 11]}
34
14 4 5
9 3 6
7 4 6
19 1 10
19 0 2
0 20 26
20 1 2
15 2 12
15 9 11
8 1 17
3 11 16
8 10 13
7 13 31
14 11 12
0 15 13
7 8 14
10 18 32
9 18 33
16 17 29
20 3 4
19 5 6
23 24 25
23 26 27
21 22 28
21 27 30
21 26 29
22 25 5
22 24 31
23 29 30
25 28 18
24 28 33
27 32 12
31 33 16
30 32 17
15
{[20, 19, 18, 10, 0]}
{[17, 15, 14, 13, 12]}
34
14 4 5
9 3 6
7 4 6
19 1 10
19 0 2
0 20 33
20 1 2
15 2 12
15 9 11
8 1 17
3 11 16
8 10 13
7 13 30
14 11 12
0 15 13
7 8 14
10 18 29
9 18 31
16 17 32
20 3 4
19 5 6
23 24 25
23 26 27
21 22 28
21 27 30
21 26 29
22 25 32
22 24 31
23 29 30
25 28 16
24 28 12
27 33 17
26 33 18
31 32 5
16
{[20, 19, 18, 10, 0]}
{[17, 15, 14, 13, 12]}
34
14 4 5
9 3 6
7 4 6
19 1 10
19 0 2
0 20 29
20 1 2
15 2 12
15 9 11
8 1 17
3 11 16
8 10 13
7 13 32
14 11 12
0 15 13
7 8 14
10 18 33
9 18 31
16 17 30
20 3 4
19 5 6
23 24 25
23 26 27
21 22 28
21 27 30
21 26 29
22 25 32
22 24 31
23 29 30
25 28 5
24 28 18
27 33 17
26 33 12
31 32 16
17
{[23, 21, 20, 18, 0]}
{[5, 4, 2, 1, 0]}
34
15 4 5
10 3 6
7 4 6
19 1 11
19 0 2
0 17 20
20 1 2
16 2 13
16 10 12
17 18 27
8 1 18
3 12 23
8 11 14
7 14 21
15 12 13
0 16 14
7 8 15
9 5 22
9 10 24
20 3 4
19 5 6
22 25 13
21 26 17
24 25 11
23 31 18
21 23 30
22 28 32
29 32 9
26 29 30
27 28 31
25 28 33
24 29 33
26 27 33
30 31 32
18
{[23, 21, 20, 18, 0]}
{[6, 3, 2, 1, 0]}
34
15 4 5
10 3 6
7 4 6
19 1 11
19 0 2
0 17 20
20 1 2
16 2 13
16 10 12
17 18 21
8 1 18
3 12 26
8 11 14
7 14 22
15 12 13
0 16 14
7 8 15
9 5 25
9 10 23
20 3 4
19 5 6
22 24 9
21 27 13
24 25 18
21 23 31
23 30 17
28 32 11
22 29 32
26 29 30
27 28 31
25 28 33
24 29 33
26 27 33
30 31 32
19
{[23, 21, 20, 18, 0]}
{[8, 7, 4, 2, 0]}
34
15 4 5
10 3 6
7 4 6
19 1 11
19 0 2
0 17 20
20 1 2
16 2 13
16 10 12
17 18 22
8 1 18
3 12 31
8 11 14
7 14 25
15 12 13
0 16 14
7 8 15
9 5 23
9 10 21
20 3 4
19 5 6
23 24 18
24 25 9
21 27 17
21 22 26
22 30 13
24 28 32
23 29 32
26 29 30
27 28 31
25 28 33
29 33 11
26 27 33
30 31 32
20
{[23, 21, 20, 18, 0]}
{[9, 7, 3, 2, 0]}
34
15 4 5
10 3 6
7 4 6
19 1 11
19 0 2
0 17 20
20 1 2
16 2 13
16 10 12
17 18 30
8 1 18
3 12 21
8 11 14
7 14 22
15 12 13
0 16 14
7 8 15
9 5 25
9 10 24
20 3 4
19 5 6
23 24 11
23 25 13
21 22 27
21 26 18
22 31 17
24 28 32
23 29 32
26 29 30
27 28 31
28 33 9
25 29 33
26 27 33
30 31 32
21
{[23, 21, 20, 18, 0]}
{[6, 3, 2, 1, 0]}
34
15 4 5
10 3 6
7 4 6
19 1 11
19 0 2
0 17 20
20 1 2
16 2 13
16 10 12
17 18 26
8 1 18
3 12 21
8 11 14
7 14 23
15 12 13
0 16 14
7 8 15
9 5 25
9 10 22
20 3 4
19 5 6
22 24 11
21 27 18
24 25 13
21 23 31
23 30 17
28 32 9
22 29 32
26 29 30
27 28 31
25 28 33
24 29 33
26 27 33
30 31 32
22
{[23, 21, 20, 18, 0]}
{[9, 7, 3, 2, 0]}
34
15 4 5
10 3 6
7 4 6
19 1 11
19 0 2
0 17 20
20 1 2
16 2 13
16 10 12
17 18 21
8 1 18
3 12 30
8 11 14
7 14 24
15 12 13
0 16 14
7 8 15
9 5 25
9 10 22
20 3 4
19 5 6
23 24 9
23 25 18
21 22 27
21 26 13
22 31 17
24 28 32
23 29 32
26 29 30
27 28 31
28 33 11
25 29 33
26 27 33
30 31 32
23
{[23, 21, 20, 18, 0]}
{[5, 4, 2, 1, 0]}
34
15 4 5
10 3 6
7 4 6
19 1 11
19 0 2
0 17 20
20 1 2
16 2 13
16 10 12
17 18 23
8 1 18
3 12 27
8 11 14
7 14 24
15 12 13
0 16 14
7 8 15
9 5 22
9 10 21
20 3 4
19 5 6
22 25 18
21 26 17
24 25 9
23 31 13
21 23 30
22 28 32
29 32 11
26 29 30
27 28 31
25 28 33
24 29 33
26 27 33
30 31 32
24
{[23, 21, 20, 18, 0]}
{[8, 7, 4, 2, 0]}
34
15 4 5
10 3 6
7 4 6
19 1 11
19 0 2
0 17 20
20 1 2
16 2 13
16 10 12
17 18 31
8 1 18
3 12 22
8 11 14
7 14 21
15 12 13
0 16 14
7 8 15
9 5 23
9 10 25
20 3 4
19 5 6
23 24 13
24 25 11
21 27 17
21 22 26
22 30 18
24 28 32
23 29 32
26 29 30
27 28 31
25 28 33
29 33 9
26 27 33
30 31 32
25
{[23, 21, 20, 18, 0]}
{[16, 13, 12, 11, 10]}
34
15 4 5
10 3 6
7 4 6
19 1 11
19 0 2
0 17 20
20 1 2
16 2 13
16 10 12
17 18 26
8 1 18
3 12 31
8 11 14
7 14 27
15 12 13
0 16 14
7 8 15
9 5 32
9 10 33
20 3 4
19 5 6
23 24 25
23 26 27
21 22 28
21 27 30
21 26 29
22 25 9
22 24 13
23 29 30
25 28 32
24 28 31
30 33 11
29 33 17
31 32 18
26
{[23, 21, 20, 18, 0]}
{[17, 16, 14, 12, 10]}
34
15 4 5
10 3 6
7 4 6
19 1 11
19 0 2
0 17 20
20 1 2
16 2 13
16 10 12
17 18 27
8 1 18
3 12 33
8 11 14
7 14 30
15 12 13
0 16 14
7 8 15
9 5 31
9 10 32
20 3 4
19 5 6
23 24 25
23 26 27
21 22 28
21 27 30
21 26 29
22 25 31
22 24 9
23 29 30
25 28 33
24 28 13
26 32 17
31 33 18
29 32 11
27
{[23, 21, 20, 18, 0]}
{[16, 13, 12, 11, 10]}
34
15 4 5
10 3 6
7 4 6
19 1 11
19 0 2
0 17 20
20 1 2
16 2 13
16 10 12
17 18 31
8 1 18
3 12 26
8 11 14
7 14 33
15 12 13
0 16 14
7 8 15
9 5 32
9 10 27
20 3 4
19 5 6
23 24 25
23 26 27
21 22 28
21 27 30
21 26 29
22 25 11
22 24 18
23 29 30
25 28 32
24 28 31
30 33 9
29 33 17
31 32 13
28
{[23, 21, 20, 18, 0]}
{[17, 16, 14, 12, 10]}
34
15 4 5
10 3 6
7 4 6
19 1 11
19 0 2
0 17 20
20 1 2
16 2 13
16 10 12
17 18 33
8 1 18
3 12 27
8 11 14
7 14 32
15 12 13
0 16 14
7 8 15
9 5 31
9 10 30
20 3 4
19 5 6
23 24 25
23 26 27
21 22 28
21 27 30
21 26 29
22 25 31
22 24 11
23 29 30
25 28 33
24 28 18
26 32 17
31 33 13
29 32 9
29
{[23, 21, 20, 18, 0]}
{[17, 16, 15, 13, 11]}
34
15 4 5
10 3 6
7 4 6
19 1 11
19 0 2
0 17 20
20 1 2
16 2 13
16 10 12
17 18 31
8 1 18
3 12 29
8 11 14
7 14 32
15 12 13
0 16 14
7 8 15
9 5 33
9 10 26
20 3 4
19 5 6
23 24 25
23 26 27
21 22 28
21 27 30
21 26 29
22 25 18
22 24 31
23 29 30
25 28 11
24 28 33
27 32 9
31 33 13
30 32 17
30
{[23, 21, 20, 18, 0]}
{[17, 16, 15, 13, 11]}
34
15 4 5
10 3 6
7 4 6
19 1 11
19 0 2
0 17 20
20 1 2
16 2 13
16 10 12
17 18 29
8 1 18
3 12 31
8 11 14
7 14 26
15 12 13
0 16 14
7 8 15
9 5 33
9 10 32
20 3 4
19 5 6
23 24 25
23 26 27
21 22 28
21 27 30
21 26 29
22 25 13
22 24 31
23 29 30
25 28 9
24 28 33
27 32 11
31 33 18
30 32 17
31
{[23, 21, 20, 18, 0]}
{[17, 15, 14, 13, 12]}
34
15 4 5
10 3 6
7 4 6
19 1 11
19 0 2
0 17 20
20 1 2
16 2 13
16 10 12
17 18 32
8 1 18
3 12 30
8 11 14
7 14 33
15 12 13
0 16 14
7 8 15
9 5 31
9 10 29
20 3 4
19 5 6
23 24 25
23 26 27
21 22 28
21 27 30
21 26 29
22 25 32
22 24 31
23 29 30
25 28 18
24 28 11
27 33 17
26 33 9
31 32 13
32
{[23, 21, 20, 18, 0]}
{[17, 15, 14, 13, 12]}
34
15 4 5
10 3 6
7 4 6
19 1 11
19 0 2
0 17 20
20 1 2
16 2 13
16 10 12
17 18 30
8 1 18
3 12 32
8 11 14
7 14 29
15 12 13
0 16 14
7 8 15
9 5 31
9 10 33
20 3 4
19 5 6
23 24 25
23 26 27
21 22 28
21 27 30
21 26 29
22 25 32
22 24 31
23 29 30
25 28 13
24 28 9
27 33 17
26 33 11
31 32 18
33
{[20, 19, 18, 10, 0]}
{[5, 4, 2, 1, 0]}
34
14 4 5
9 3 6
7 4 6
19 1 10
19 0 2
0 20 24
20 1 2
15 2 12
15 9 11
8 1 17
3 11 16
8 10 13
7 13 27
14 11 12
0 15 13
7 8 14
10 18 21
9 18 22
16 17 23
20 3 4
19 5 6
22 25 16
21 26 17
24 25 18
23 31 5
21 23 30
22 28 32
29 32 12
26 29 30
27 28 31
25 28 33
24 29 33
26 27 33
30 31 32
34
{[20, 19, 18, 10, 0]}
{[6, 3, 2, 1, 0]}
34
14 4 5
9 3 6
7 4 6
19 1 10
19 0 2
0 20 23
20 1 2
15 2 12
15 9 11
8 1 17
3 11 16
8 10 13
7 13 21
14 11 12
0 15 13
7 8 14
10 18 22
9 18 25
16 17 26
20 3 4
19 5 6
22 24 12
21 27 16
24 25 5
21 23 31
23 30 17
28 32 18
22 29 32
26 29 30
27 28 31
25 28 33
24 29 33
26 27 33
30 31 32
35
{[20, 19, 18, 10, 0]}
{[8, 7, 4, 2, 0]}
34
14 4 5
9 3 6
7 4 6
19 1 10
19 0 2
0 20 21
20 1 2
15 2 12
15 9 11
8 1 17
3 11 16
8 10 13
7 13 22
14 11 12
0 15 13
7 8 14
10 18 25
9 18 23
16 17 31
20 3 4
19 5 6
23 24 5
24 25 12
21 27 17
21 22 26
22 30 16
24 28 32
23 29 32
26 29 30
27 28 31
25 28 33
29 33 18
26 27 33
30 31 32
36
{[20, 19, 18, 10, 0]}
{[9, 7, 3, 2, 0]}
34
14 4 5
9 3 6
7 4 6
19 1 10
19 0 2
0 20 24
20 1 2
15 2 12
15 9 11
8 1 17
3 11 16
8 10 13
7 13 30
14 11 12
0 15 13
7 8 14
10 18 22
9 18 25
16 17 21
20 3 4
19 5 6
23 24 18
23 25 16
21 22 27
21 26 5
22 31 17
24 28 32
23 29 32
26 29 30
27 28 31
28 33 12
25 29 33
26 27 33
30 31 32
37
{[20, 19, 18, 10, 0]}
{[6, 3, 2, 1, 0]}
34
14 4 5
9 3 6
7 4 6
19 1 10
19 0 2
0 20 22
20 1 2
15 2 12
15 9 11
8 1 17
3 11 16
8 10 13
7 13 26
14 11 12
0 15 13
7 8 14
10 18 23
9 18 25
16 17 21
20 3 4
19 5 6
22 24 18
21 27 5
24 25 16
21 23 31
23 30 17
28 32 12
22 29 32
26 29 30
27 28 31
25 28 33
24 29 33
26 27 33
30 31 32
38
{[20, 19, 18, 10, 0]}
{[9, 7, 3, 2, 0]}
34
14 4 5
9 3 6
7 4 6
19 1 10
19 0 2
0 20 22
20 1 2
15 2 12
15 9 11
8 1 17
3 11 16
8 10 13
7 13 21
14 11 12
0 15 13
7 8 14
10 18 24
9 18 25
16 17 30
20 3 4
19 5 6
23 24 12
23 25 5
21 22 27
21 26 16
22 31 17
24 28 32
23 29 32
26 29 30
27 28 31
28 33 18
25 29 33
26 27 33
30 31 32
39
{[20, 19, 18, 10, 0]}
{[5, 4, 2, 1, 0]}
34
14 4 5
9 3 6
7 4 6
19 1 10
19 0 2
0 20 21
20 1 2
15 2 12
15 9 11
8 1 17
3 11 16
8 10 13
7 13 23
14 11 12
0 15 13
7 8 14
10 18 24
9 18 22
16 17 27
20 3 4
19 5 6
22 25 5
21 26 17
24 25 12
23 31 16
21 23 30
22 28 32
29 32 18
26 29 30
27 28 31
25 28 33
24 29 33
26 27 33
30 31 32
40
{[20, 19, 18, 10, 0]}
{[8, 7, 4, 2, 0]}
34
14 4 5
9 3 6
7 4 6
19 1 10
19 0 2
0 20 25
20 1 2
15 2 12
15 9 11
8 1 17
3 11 16
8 10 13
7 13 31
14 11 12
0 15 13
7 8 14
10 18 21
9 18 23
16 17 22
20 3 4
19 5 6
23 24 16
24 25 18
21 27 17
21 22 26
22 30 5
24 28 32
23 29 32
26 29 30
27 28 31
25 28 33
29 33 12
26 27 33
30 31 32
41
{[20, 19, 18, 10, 0]}
{[16, 13, 12, 11, 10]}
34
14 4 5
9 3 6
7 4 6
19 1 10
19 0 2
0 20 33
20 1 2
15 2 12
15 9 11
8 1 17
3 11 16
8 10 13
7 13 26
14 11 12
0 15 13
7 8 14
10 18 27
9 18 32
16 17 31
20 3 4
19 5 6
23 24 25
23 26 27
21 22 28
21 27 30
21 26 29
22 25 12
22 24 16
23 29 30
25 28 32
24 28 31
30 33 18
29 33 17
31 32 5
42
{[20, 19, 18, 10, 0]}
{[17, 16, 14, 12, 10]}
34
14 4 5
9 3 6
7 4 6
19 1 10
19 0 2
0 20 32
20 1 2
15 2 12
15 9 11
8 1 17
3 11 16
8 10 13
7 13 27
14 11 12
0 15 13
7 8 14
10 18 30
9 18 31
16 17 33
20 3 4
19 5 6
23 24 25
23 26 27
21 22 28
21 27 30
21 26 29
22 25 31
22 24 12
23 29 30
25 28 33
24 28 16
26 32 17
31 33 5
29 32 18
43
{[20, 19, 18, 10, 0]}
{[16, 13, 12, 11, 10]}
34
14 4 5
9 3 6
7 4 6
19 1 10
19 0 2
0 20 27
20 1 2
15 2 12
15 9 11
8 1 17
3 11 16
8 10 13
7 13 31
14 11 12
0 15 13
7 8 14
10 18 33
9 18 32
16 17 26
20 3 4
19 5 6
23 24 25
23 26 27
21 22 28
21 27 30
21 26 29
22 25 18
22 24 5
23 29 30
25 28 32
24 28 31
30 33 12
29 33 17
31 32 16
44
{[20, 19, 18, 10, 0]}
{[17, 16, 14, 12, 10]}
34
14 4 5
9 3 6
7 4 6
19 1 10
19 0 2
0 20 30
20 1 2
15 2 12
15 9 11
8 1 17
3 11 16
8 10 13
7 13 33
14 11 12
0 15 13
7 8 14
10 18 32
9 18 31
16 17 27
20 3 4
19 5 6
23 24 25
23 26 27
21 22 28
21 27 30
21 26 29
22 25 31
22 24 18
23 29 30
25 28 33
24 28 5
26 32 17
31 33 16
29 32 12
45
{[20, 19, 18, 10, 0]}
{[17, 16, 15, 13, 11]}
34
14 4 5
9 3 6
7 4 6
19 1 10
19 0 2
0 20 26
20 1 2
15 2 12
15 9 11
8 1 17
3 11 16
8 10 13
7 13 31
14 11 12
0 15 13
7 8 14
10 18 32
9 18 33
16 17 29
20 3 4
19 5 6
23 24 25
23 26 27
21 22 28
21 27 30
21 26 29
22 25 5
22 24 31
23 29 30
25 28 18
24 28 33
27 32 12
31 33 16
30 32 17
46
{[20, 19, 18, 10, 0]}
{[17, 16, 15, 13, 11]}
34
14 4 5
9 3 6
7 4 6
19 1 10
19 0 2
0 20 32
20 1 2
15 2 12
15 9 11
8 1 17
3 11 16
8 10 13
7 13 29
14 11 12
0 15 13
7 8 14
10 18 26
9 18 33
16 17 31
20 3 4
19 5 6
23 24 25
23 26 27
21 22 28
21 27 30
21 26 29
22 25 16
22 24 31
23 29 30
25 28 12
24 28 33
27 32 18
31 33 5
30 32 17
47
{[20, 19, 18, 10, 0]}
{[17, 15, 14, 13, 12]}
34
14 4 5
9 3 6
7 4 6
19 1 10
19 0 2
0 20 29
20 1 2
15 2 12
15 9 11
8 1 17
3 11 16
8 10 13
7 13 32
14 11 12
0 15 13
7 8 14
10 18 33
9 18 31
16 17 30
20 3 4
19 5 6
23 24 25
23 26 27
21 22 28
21 27 30
21 26 29
22 25 32
22 24 31
23 29 30
25 28 5
24 28 18
27 33 17
26 33 12
31 32 16
48
{[20, 19, 18, 10, 0]}
{[17, 15, 14, 13, 12]}
34
14 4 5
9 3 6
7 4 6
19 1 10
19 0 2
0 20 33
20 1 2
15 2 12
15 9 11
8 1 17
3 11 16
8 10 13
7 13 30
14 11 12
0 15 13
7 8 14
10 18 29
9 18 31
16 17 32
20 3 4
19 5 6
23 24 25
23 26 27
21 22 28
21 27 30
21 26 29
22 25 32
22 24 31
23 29 30
25 28 16
24 28 12
27 33 17
26 33 18
31 32 5
49
{[23, 21, 20, 18, 0]}
{[5, 4, 2, 1, 0]}
34
15 4 5
10 3 6
7 4 6
19 1 11
19 0 2
0 17 20
20 1 2
16 2 13
16 10 12
17 18 23
8 1 18
3 12 27
8 11 14
7 14 24
15 12 13
0 16 14
7 8 15
9 5 22
9 10 21
20 3 4
19 5 6
22 25 18
21 26 17
24 25 9
23 31 13
21 23 30
22 28 32
29 32 11
26 29 30
27 28 31
25 28 33
24 29 33
26 27 33
30 31 32
50
{[23, 21, 20, 18, 0]}
{[6, 3, 2, 1, 0]}
34
15 4 5
10 3 6
7 4 6
19 1 11
19 0 2
0 17 20
20 1 2
16 2 13
16 10 12
17 18 26
8 1 18
3 12 21
8 11 14
7 14 23
15 12 13
0 16 14
7 8 15
9 5 25
9 10 22
20 3 4
19 5 6
22 24 11
21 27 18
24 25 13
21 23 31
23 30 17
28 32 9
22 29 32
26 29 30
27 28 31
25 28 33
24 29 33
26 27 33
30 31 32
51
{[23, 21, 20, 18, 0]}
{[8, 7, 4, 2, 0]}
34
15 4 5
10 3 6
7 4 6
19 1 11
19 0 2
0 17 20
20 1 2
16 2 13
16 10 12
17 18 31
8 1 18
3 12 22
8 11 14
7 14 21
15 12 13
0 16 14
7 8 15
9 5 23
9 10 25
20 3 4
19 5 6
23 24 13
24 25 11
21 27 17
21 22 26
22 30 18
24 28 32
23 29 32
26 29 30
27 28 31
25 28 33
29 33 9
26 27 33
30 31 32
52
{[23, 21, 20, 18, 0]}
{[9, 7, 3, 2, 0]}
34
15 4 5
10 3 6
7 4 6
19 1 11
19 0 2
0 17 20
20 1 2
16 2 13
16 10 12
17 18 21
8 1 18
3 12 30
8 11 14
7 14 24
15 12 13
0 16 14
7 8 15
9 5 25
9 10 22
20 3 4
19 5 6
23 24 9
23 25 18
21 22 27
21 26 13
22 31 17
24 28 32
23 29 32
26 29 30
27 28 31
28 33 11
25 29 33
26 27 33
30 31 32
53
{[23, 21, 20, 18, 0]}
{[6, 3, 2, 1, 0]}
34
15 4 5
10 3 6
7 4 6
19 1 11
19 0 2
0 17 20
20 1 2
16 2 13
16 10 12
17 18 21
8 1 18
3 12 26
8 11 14
7 14 22
15 12 13
0 16 14
7 8 15
9 5 25
9 10 23
20 3 4
19 5 6
22 24 9
21 27 13
24 25 18
21 23 31
23 30 17
28 32 11
22 29 32
26 29 30
27 28 31
25 28 33
24 29 33
26 27 33
30 31 32
54
{[23, 21, 20, 18, 0]}
{[9, 7, 3, 2, 0]}
34
15 4 5
10 3 6
7 4 6
19 1 11
19 0 2
0 17 20
20 1 2
16 2 13
16 10 12
17 18 30
8 1 18
3 12 21
8 11 14
7 14 22
15 12 13
0 16 14
7 8 15
9 5 25
9 10 24
20 3 4
19 5 6
23 24 11
23 25 13
21 22 27
21 26 18
22 31 17
24 28 32
23 29 32
26 29 30
27 28 31
28 33 9
25 29 33
26 27 33
30 31 32
55
{[23, 21, 20, 18, 0]}
{[5, 4, 2, 1, 0]}
34
15 4 5
10 3 6
7 4 6
19 1 11
19 0 2
0 17 20
20 1 2
16 2 13
16 10 12
17 18 27
8 1 18
3 12 23
8 11 14
7 14 21
15 12 13
0 16 14
7 8 15
9 5 22
9 10 24
20 3 4
19 5 6
22 25 13
21 26 17
24 25 11
23 31 18
21 23 30
22 28 32
29 32 9
26 29 30
27 28 31
25 28 33
24 29 33
26 27 33
30 31 32
56
{[23, 21, 20, 18, 0]}
{[8, 7, 4, 2, 0]}
34
15 4 5
10 3 6
7 4 6
19 1 11
19 0 2
0 17 20
20 1 2
16 2 13
16 10 12
17 18 22
8 1 18
3 12 31
8 11 14
7 14 25
15 12 13
0 16 14
7 8 15
9 5 23
9 10 21
20 3 4
19 5 6
23 24 18
24 25 9
21 27 17
21 22 26
22 30 13
24 28 32
23 29 32
26 29 30
27 28 31
25 28 33
29 33 11
26 27 33
30 31 32
57
{[23, 21, 20, 18, 0]}
{[16, 13, 12, 11, 10]}
34
15 4 5
10 3 6
7 4 6
19 1 11
19 0 2
0 17 20
20 1 2
16 2 13
16 10 12
17 18 31
8 1 18
3 12 26
8 11 14
7 14 33
15 12 13
0 16 14
7 8 15
9 5 32
9 10 27
20 3 4
19 5 6
23 24 25
23 26 27
21 22 28
21 27 30
21 26 29
22 25 11
22 24 18
23 29 30
25 28 32
24 28 31
30 33 9
29 33 17
31 32 13
58
{[23, 21, 20, 18, 0]}
{[17, 16, 14, 12, 10]}
34
15 4 5
10 3 6
7 4 6
19 1 11
19 0 2
0 17 20
20 1 2
16 2 13
16 10 12
17 18 33
8 1 18
3 12 27
8 11 14
7 14 32
15 12 13
0 16 14
7 8 15
9 5 31
9 10 30
20 3 4
19 5 6
23 24 25
23 26 27
21 22 28
21 27 30
21 26 29
22 25 31
22 24 11
23 29 30
25 28 33
24 28 18
26 32 17
31 33 13
29 32 9
59
{[23, 21, 20, 18, 0]}
{[16, 13, 12, 11, 10]}
34
15 4 5
10 3 6
7 4 6
19 1 11
19 0 2
0 17 20
20 1 2
16 2 13
16 10 12
17 18 26
8 1 18
3 12 31
8 11 14
7 14 27
15 12 13
0 16 14
7 8 15
9 5 32
9 10 33
20 3 4
19 5 6
23 24 25
23 26 27
21 22 28
21 27 30
21 26 29
22 25 9
22 24 13
23 29 30
25 28 32
24 28 31
30 33 11
29 33 17
31 32 18
60
{[23, 21, 20, 18, 0]}
{[17, 16, 14, 12, 10]}
34
15 4 5
10 3 6
7 4 6
19 1 11
19 0 2
0 17 20
20 1 2
16 2 13
16 10 12
17 18 27
8 1 18
3 12 33
8 11 14
7 14 30
15 12 13
0 16 14
7 8 15
9 5 31
9 10 32
20 3 4
19 5 6
23 24 25
23 26 27
21 22 28
21 27 30
21 26 29
22 25 31
22 24 9
23 29 30
25 28 33
24 28 13
26 32 17
31 33 18
29 32 11
61
{[23, 21, 20, 18, 0]}
{[17, 16, 15, 13, 11]}
34
15 4 5
10 3 6
7 4 6
19 1 11
19 0 2
0 17 20
20 1 2
16 2 13
16 10 12
17 18 29
8 1 18
3 12 31
8 11 14
7 14 26
15 12 13
0 16 14
7 8 15
9 5 33
9 10 32
20 3 4
19 5 6
23 24 25
23 26 27
21 22 28
21 27 30
21 26 29
22 25 13
22 24 31
23 29 30
25 28 9
24 28 33
27 32 11
31 33 18
30 32 17
62
{[23, 21, 20, 18, 0]}
{[17, 16, 15, 13, 11]}
34
15 4 5
10 3 6
7 4 6
19 1 11
19 0 2
0 17 20
20 1 2
16 2 13
16 10 12
17 18 31
8 1 18
3 12 29
8 11 14
7 14 32
15 12 13
0 16 14
7 8 15
9 5 33
9 10 26
20 3 4
19 5 6
23 24 25
23 26 27
21 22 28
21 27 30
21 26 29
22 25 18
22 24 31
23 29 30
25 28 11
24 28 33
27 32 9
31 33 13
30 32 17
63
{[23, 21, 20, 18, 0]}
{[17, 15, 14, 13, 12]}
34
15 4 5
10 3 6
7 4 6
19 1 11
19 0 2
0 17 20
20 1 2
16 2 13
16 10 12
17 18 30
8 1 18
3 12 32
8 11 14
7 14 29
15 12 13
0 16 14
7 8 15
9 5 31
9 10 33
20 3 4
19 5 6
23 24 25
23 26 27
21 22 28
21 27 30
21 26 29
22 25 32
22 24 31
23 29 30
25 28 13
24 28 9
27 33 17
26 33 11
31 32 18
64
{[23, 21, 20, 18, 0]}
{[17, 15, 14, 13, 12]}
34
15 4 5
10 3 6
7 4 6
19 1 11
19 0 2
0 17 20
20 1 2
16 2 13
16 10 12
17 18 32
8 1 18
3 12 30
8 11 14
7 14 33
15 12 13
0 16 14
7 8 15
9 5 31
9 10 29
20 3 4
19 5 6
23 24 25
23 26 27
21 22 28
21 27 30
21 26 29
22 25 32
22 24 31
23 29 30
25 28 18
24 28 11
27 33 17
26 33 9
31 32 13
65
{[25, 24, 6, 5, 1]}
{[5, 4, 2, 1, 0]}
34
15 17 11
8 3 4
5 4 22
1 9 24
1 2 23
14 2 11
14 8 10
16 17 19
6 1 19
3 10 18
6 9 12
0 5 12
13 10 11
14 12 21
5 6 13
0 16 20
7 15 27
0 7 18
17 9 20
7 8 20
15 18 19
22 25 13
21 26 2
24 25 4
23 31 3
21 23 30
22 28 32
29 32 16
26 29 30
27 28 31
25 28 33
24 29 33
26 27 33
30 31 32
66
{[25, 24, 6, 5, 1]}
{[6, 3, 2, 1, 0]}
34
15 17 11
8 3 4
5 4 25
1 9 23
1 2 26
14 2 11
14 8 10
16 17 19
6 1 19
3 10 18
6 9 12
0 5 12
13 10 11
14 12 22
5 6 13
0 16 20
7 15 21
0 7 18
17 9 20
7 8 20
15 18 19
22 24 16
21 27 13
24 25 3
21 23 31
23 30 2
28 32 4
22 29 32
26 29 30
27 28 31
25 28 33
24 29 33
26 27 33
30 31 32
67
{[25, 24, 6, 5, 1]}
{[8, 7, 4, 2, 0]}
34
15 17 11
8 3 4
5 4 23
1 9 21
1 2 31
14 2 11
14 8 10
16 17 19
6 1 19
3 10 18
6 9 12
0 5 12
13 10 11
14 12 25
5 6 13
0 16 20
7 15 22
0 7 18
17 9 20
7 8 20
15 18 19
23 24 3
24 25 16
21 27 2
21 22 26
22 30 13
24 28 32
23 29 32
26 29 30
27 28 31
25 28 33
29 33 4
26 27 33
30 31 32
68
{[25, 24, 6, 5, 1]}
{[9, 7, 3, 2, 0]}
34
15 17 11
8 3 4
5 4 25
1 9 24
1 2 21
14 2 11
14 8 10
16 17 19
6 1 19
3 10 18
6 9 12
0 5 12
13 10 11
14 12 22
5 6 13
0 16 20
7 15 30
0 7 18
17 9 20
7 8 20
15 18 19
23 24 4
23 25 13
21 22 27
21 26 3
22 31 2
24 28 32
23 29 32
26 29 30
27 28 31
28 33 16
25 29 33
26 27 33
30 31 32
69
{[25, 24, 6, 5, 1]}
{[6, 3, 2, 1, 0]}
34
15 17 11
8 3 4
5 4 25
1 9 22
1 2 21
14 2 11
14 8 10
16 17 19
6 1 19
3 10 18
6 9 12
0 5 12
13 10 11
14 12 23
5 6 13
0 16 20
7 15 26
0 7 18
17 9 20
7 8 20
15 18 19
22 24 4
21 27 3
24 25 13
21 23 31
23 30 2
28 32 16
22 29 32
26 29 30
27 28 31
25 28 33
24 29 33
26 27 33
30 31 32
70
{[25, 24, 6, 5, 1]}
{[9, 7, 3, 2, 0]}
34
15 17 11
8 3 4
5 4 25
1 9 22
1 2 30
14 2 11
14 8 10
16 17 19
6 1 19
3 10 18
6 9 12
0 5 12
13 10 11
14 12 24
5 6 13
0 16 20
7 15 21
0 7 18
17 9 20
7 8 20
15 18 19
23 24 16
23 25 3
21 22 27
21 26 13
22 31 2
24 28 32
23 29 32
26 29 30
27 28 31
28 33 4
25 29 33
26 27 33
30 31 32
71
{[25, 24, 6, 5, 1]}
{[5, 4, 2, 1, 0]}
34
15 17 11
8 3 4
5 4 22
1 9 21
1 2 27
14 2 11
14 8 10
16 17 19
6 1 19
3 10 18
6 9 12
0 5 12
13 10 11
14 12 24
5 6 13
0 16 20
7 15 23
0 7 18
17 9 20
7 8 20
15 18 19
22 25 3
21 26 2
24 25 16
23 31 13
21 23 30
22 28 32
29 32 4
26 29 30
27 28 31
25 28 33
24 29 33
26 27 33
30 31 32
72
{[25, 24, 6, 5, 1]}
{[8, 7, 4, 2, 0]}
34
15 17 11
8 3 4
5 4 23
1 9 25
1 2 22
14 2 11
14 8 10
16 17 19
6 1 19
3 10 18
6 9 12
0 5 12
13 10 11
14 12 21
5 6 13
0 16 20
7 15 31
0 7 18
17 9 20
7 8 20
15 18 19
23 24 13
24 25 4
21 27 2
21 22 26
22 30 3
24 28 32
23 29 32
26 29 30
27 28 31
25 28 33
29 33 16
26 27 33
30 31 32
73
{[25, 24, 6, 5, 1]}
{[16, 13, 12, 11, 10]}
34
15 17 11
8 3 4
5 4 32
1 9 33
1 2 31
14 2 11
14 8 10
16 17 19
6 1 19
3 10 18
6 9 12
0 5 12
13 10 11
14 12 27
5 6 13
0 16 20
7 15 26
0 7 18
17 9 20
7 8 20
15 18 19
23 24 25
23 26 27
21 22 28
21 27 30
21 26 29
22 25 16
22 24 13
23 29 30
25 28 32
24 28 31
30 33 4
29 33 2
31 32 3
74
{[25, 24, 6, 5, 1]}
{[17, 16, 14, 12, 10]}
34
15 17 11
8 3 4
5 4 31
1 9 32
1 2 33
14 2 11
14 8 10
16 17 19
6 1 19
3 10 18
6 9 12
0 5 12
13 10 11
14 12 30
5 6 13
0 16 20
7 15 27
0 7 18
17 9 20
7 8 20
15 18 19
23 24 25
23 26 27
21 22 28
21 27 30
21 26 29
22 25 31
22 24 16
23 29 30
25 28 33
24 28 13
26 32 2
31 33 3
29 32 4
75
{[25, 24, 6, 5, 1]}
{[16, 13, 12, 11, 10]}
34
15 17 11
8 3 4
5 4 32
1 9 27
1 2 26
14 2 11
14 8 10
16 17 19
6 1 19
3 10 18
6 9 12
0 5 12
13 10 11
14 12 33
5 6 13
0 16 20
7 15 31
0 7 18
17 9 20
7 8 20
15 18 19
23 24 25
23 26 27
21 22 28
21 27 30
21 26 29
22 25 4
22 24 3
23 29 30
25 28 32
24 28 31
30 33 16
29 33 2
31 32 13
76
{[25, 24, 6, 5, 1]}
{[17, 16, 14, 12, 10]}
34
15 17 11
8 3 4
5 4 31
1 9 30
1 2 27
14 2 11
14 8 10
16 17 19
6 1 19
3 10 18
6 9 12
0 5 12
13 10 11
14 12 32
5 6 13
0 16 20
7 15 33
0 7 18
17 9 20
7 8 20
15 18 19
23 24 25
23 26 27
21 22 28
21 27 30
21 26 29
22 25 31
22 24 4
23 29 30
25 28 33
24 28 3
26 32 2
31 33 13
29 32 16
77
{[25, 24, 6, 5, 1]}
{[17, 16, 15, 13, 11]}
34
15 17 11
8 3 4
5 4 33
1 9 26
1 2 29
14 2 11
14 8 10
16 17 19
6 1 19
3 10 18
6 9 12
0 5 12
13 10 11
14 12 32
5 6 13
0 16 20
7 15 31
0 7 18
17 9 20
7 8 20
15 18 19
23 24 25
23 26 27
21 22 28
21 27 30
21 26 29
22 25 3
22 24 31
23 29 30
25 28 4
24 28 33
27 32 16
31 33 13
30 32 2
78
{[25, 24, 6, 5, 1]}
{[17, 16, 15, 13, 11]}
34
15 17 11
8 3 4
5 4 33
1 9 32
1 2 31
14 2 11
14 8 10
16 17 19
6 1 19
3 10 18
6 9 12
0 5 12
13 10 11
14 12 26
5 6 13
0 16 20
7 15 29
0 7 18
17 9 20
7 8 20
15 18 19
23 24 25
23 26 27
21 22 28
21 27 30
21 26 29
22 25 13
22 24 31
23 29 30
25 28 16
24 28 33
27 32 4
31 33 3
30 32 2
79
{[25, 24, 6, 5, 1]}
{[17, 15, 14, 13, 12]}
34
15 17 11
8 3 4
5 4 31
1 9 29
1 2 30
14 2 11
14 8 10
16 17 19
6 1 19
3 10 18
6 9 12
0 5 12
13 10 11
14 12 33
5 6 13
0 16 20
7 15 32
0 7 18
17 9 20
7 8 20
15 18 19
23 24 25
23 26 27
21 22 28
21 27 30
21 26 29
22 25 32
22 24 31
23 29 30
25 28 3
24 28 4
27 33 2
26 33 16
31 32 13
80
{[25, 24, 6, 5, 1]}
{[17, 15, 14, 13, 12]}
34
15 17 11
8 3 4
5 4 31
1 9 33
1 2 32
14 2 11
14 8 10
16 17 19
6 1 19
3 10 18
6 9 12
0 5 12
13 10 11
14 12 29
5 6 13
0 16 20
7 15 30
0 7 18
17 9 20
7 8 20
15 18 19
23 24 25
23 26 27
21 22 28
21 27 30
21 26 29
22 25 32
22 24 31
23 29 30
25 28 13
24 28 16
27 33 2
26 33 4
31 32 3
81
{[25, 24, 6, 5, 1]}
{[5, 4, 2, 1, 0]}
34
15 17 11
8 3 4
5 4 22
1 9 21
1 2 27
14 2 11
14 8 10
16 17 19
6 1 19
3 10 18
6 9 12
0 5 12
13 10 11
14 12 24
5 6 13
0 16 20
7 15 23
0 7 18
17 9 20
7 8 20
15 18 19
22 25 3
21 26 2
24 25 16
23 31 13
21 23 30
22 28 32
29 32 4
26 29 30
27 28 31
25 28 33
24 29 33
26 27 33
30 31 32
82
{[25, 24, 6, 5, 1]}
{[6, 3, 2, 1, 0]}
34
15 17 11
8 3 4
5 4 25
1 9 22
1 2 21
14 2 11
14 8 10
16 17 19
6 1 19
3 10 18
6 9 12
0 5 12
13 10 11
14 12 23
5 6 13
0 16 20
7 15 26
0 7 18
17 9 20
7 8 20
15 18 19
22 24 4
21 27 3
24 25 13
21 23 31
23 30 2
28 32 16
22 29 32
26 29 30
27 28 31
25 28 33
24 29 33
26 27 33
30 31 32
83
{[25, 24, 6, 5, 1]}
{[8, 7, 4, 2, 0]}
34
15 17 11
8 3 4
5 4 23
1 9 25
1 2 22
14 2 11
14 8 10
16 17 19
6 1 19
3 10 18
6 9 12
0 5 12
13 10 11
14 12 21
5 6 13
0 16 20
7 15 31
0 7 18
17 9 20
7 8 20
15 18 19
23 24 13
24 25 4
21 27 2
21 22 26
22 30 3
24 28 32
23 29 32
26 29 30
27 28 31
25 28 33
29 33 16
26 27 33
30 31 32
84
{[25, 24, 6, 5, 1]}
{[9, 7, 3, 2, 0]}
34
15 17 11
8 3 4
5 4 25
1 9 22
1 2 30
14 2 11
14 8 10
16 17 19
6 1 19
3 10 18
6 9 12
0 5 12
13 10 11
14 12 24
5 6 13
0 16 20
7 15 21
0 7 18
17 9 20
7 8 20
15 18 19
23 24 16
23 25 3
21 22 27
21 26 13
22 31 2
24 28 32
23 29 32
26 29 30
27 28 31
28 33 4
25 29 33
26 27 33
30 31 32
85
{[25, 24, 6, 5, 1]}
{[6, 3, 2, 1, 0]}
34
15 17 11
8 3 4
5 4 25
1 9 23
1 2 26
14 2 11
14 8 10
16 17 19
6 1 19
3 10 18
6 9 12
0 5 12
13 10 11
14 12 22
5 6 13
0 16 20
7 15 21
0 7 18
17 9 20
7 8 20
15 18 19
22 24 16
21 27 13
24 25 3
21 23 31
23 30 2
28 32 4
22 29 32
26 29 30
27 28 31
25 28 33
24 29 33
26 27 33
30 31 32
86
{[25, 24, 6, 5, 1]}
{[9, 7, 3, 2, 0]}
34
15 17 11
8 3 4
5 4 25
1 9 24
1 2 21
14 2 11
14 8 10
16 17 19
6 1 19
3 10 18
6 9 12
0 5 12
13 10 11
14 12 22
5 6 13
0 16 20
7 15 30
0 7 18
17 9 20
7 8 20
15 18 19
23 24 4
23 25 13
21 22 27
21 26 3
22 31 2
24 28 32
23 29 32
26 29 30
27 28 31
28 33 16
25 29 33
26 27 33
30 31 32
87
{[25, 24, 6, 5, 1]}
{[5, 4, 2, 1, 0]}
34
15 17 11
8 3 4
5 4 22
1 9 24
1 2 23
14 2 11
14 8 10
16 17 19
6 1 19
3 10 18
6 9 12
0 5 12
13 10 11
14 12 21
5 6 13
0 16 20
7 15 27
0 7 18
17 9 20
7 8 20
15 18 19
22 25 13
21 26 2
24 25 4
23 31 3
21 23 30
22 28 32
29 32 16
26 29 30
27 28 31
25 28 33
24 29 33
26 27 33
30 31 32
88
{[25, 24, 6, 5, 1]}
{[8, 7, 4, 2, 0]}
34
15 17 11
8 3 4
5 4 23
1 9 21
1 2 31
14 2 11
14 8 10
16 17 19
6 1 19
3 10 18
6 9 12
0 5 12
13 10 11
14 12 25
5 6 13
0 16 20
7 15 22
0 7 18
17 9 20
7 8 20
15 18 19
23 24 3
24 25 16
21 27 2
21 22 26
22 30 13
24 28 32
23 29 32
26 29 30
27 28 31
25 28 33
29 33 4
26 27 33
30 31 32
89
{[25, 24, 6, 5, 1]}
{[16, 13, 12, 11, 10]}
34
15 17 11
8 3 4
5 4 32
1 9 27
1 2 26
14 2 11
14 8 10
16 17 19
6 1 19
3 10 18
6 9 12
0 5 12
13 10 11
14 12 33
5 6 13
0 16 20
7 15 31
0 7 18
17 9 20
7 8 20
15 18 19
23 24 25
23 26 27
21 22 28
21 27 30
21 26 29
22 25 4
22 24 3
23 29 30
25 28 32
24 28 31
30 33 16
29 33 2
31 32 13
90
{[25, 24, 6, 5, 1]}
{[17, 16, 14, 12, 10]}
34
15 17 11
8 3 4
5 4 31
1 9 30
1 2 27
14 2 11
14 8 10
16 17 19
6 1 19
3 10 18
6 9 12
0 5 12
13 10 11
14 12 32
5 6 13
0 16 20
7 15 33
0 7 18
17 9 20
7 8 20
15 18 19
23 24 25
23 26 27
21 22 28
21 27 30
21 26 29
22 25 31
22 24 4
23 29 30
25 28 33
24 28 3
26 32 2
31 33 13
29 32 16
91
{[25, 24, 6, 5, 1]}
{[16, 13, 12, 11, 10]}
34
15 17 11
8 3 4
5 4 32
1 9 33
1 2 31
14 2 11
14 8 10
16 17 19
6 1 19
3 10 18
6 9 12
0 5 12
13 10 11
14 12 27
5 6 13
0 16 20
7 15 26
0 7 18
17 9 20
7 8 20
15 18 19
23 24 25
23 26 27
21 22 28
21 27 30
21 26 29
22 25 16
22 24 13
23 29 30
25 28 32
24 28 31
30 33 4
29 33 2
31 32 3
92
{[25, 24, 6, 5, 1]}
{[17, 16, 14, 12, 10]}
34
15 17 11
8 3 4
5 4 31
1 9 32
1 2 33
14 2 11
14 8 10
16 17 19
6 1 19
3 10 18
6 9 12
0 5 12
13 10 11
14 12 30
5 6 13
0 16 20
7 15 27
0 7 18
17 9 20
7 8 20
15 18 19
23 24 25
23 26 27
21 22 28
21 27 30
21 26 29
22 25 31
22 24 16
23 29 30
25 28 33
24 28 13
26 32 2
31 33 3
29 32 4
93
{[25, 24, 6, 5, 1]}
{[17, 16, 15, 13, 11]}
34
15 17 11
8 3 4
5 4 33
1 9 32
1 2 31
14 2 11
14 8 10
16 17 19
6 1 19
3 10 18
6 9 12
0 5 12
13 10 11
14 12 26
5 6 13
0 16 20
7 15 29
0 7 18
17 9 20
7 8 20
15 18 19
23 24 25
23 26 27
21 22 28
21 27 30
21 26 29
22 25 13
22 24 31
23 29 30
25 28 16
24 28 33
27 32 4
31 33 3
30 32 2
94
{[25, 24, 6, 5, 1]}
{[17, 16, 15, 13, 11]}
34
15 17 11
8 3 4
5 4 33
1 9 26
1 2 29
14 2 11
14 8 10
16 17 19
6 1 19
3 10 18
6 9 12
0 5 12
13 10 11
14 12 32
5 6 13
0 16 20
7 15 31
0 7 18
17 9 20
7 8 20
15 18 19
23 24 25
23 26 27
21 22 28
21 27 30
21 26 29
22 25 3
22 24 31
23 29 30
25 28 4
24 28 33
27 32 16
31 33 13
30 32 2
95
{[25, 24, 6, 5, 1]}
{[17, 15, 14, 13, 12]}
34
15 17 11
8 3 4
5 4 31
1 9 33
1 2 32
14 2 11
14 8 10
16 17 19
6 1 19
3 10 18
6 9 12
0 5 12
13 10 11
14 12 29
5 6 13
0 16 20
7 15 30
0 7 18
17 9 20
7 8 20
15 18 19
23 24 25
23 26 27
21 22 28
21 27 30
21 26 29
22 25 32
22 24 31
23 29 30
25 28 13
24 28 16
27 33 2
26 33 4
31 32 3
96
{[25, 24, 6, 5, 1]}
{[17, 15, 14, 13, 12]}
34
15 17 11
8 3 4
5 4 31
1 9 29
1 2 30
14 2 11
14 8 10
16 17 19
6 1 19
3 10 18
6 9 12
0 5 12
13 10 11
14 12 33
5 6 13
0 16 20
7 15 32
0 7 18
17 9 20
7 8 20
15 18 19
23 24 25
23 26 27
21 22 28
21 27 30
21 26 29
22 25 32
22 24 31
23 29 30
25 28 3
24 28 4
27 33 2
26 33 16
31 32 13
97
{[25, 24, 7, 4, 2]}
{[5, 4, 2, 1, 0]}
34
15 17 11
13 3 4
5 3 27
1 2 24
1 16 23
14 2 11
14 8 10
16 17 19
6 19 21
10 18 22
6 9 12
0 5 12
13 10 11
1 14 12
5 6 13
0 16 20
7 15 4
0 7 18
17 9 20
7 8 20
15 18 19
22 25 8
21 26 9
24 25 4
23 31 3
21 23 30
22 28 32
29 32 2
26 29 30
27 28 31
25 28 33
24 29 33
26 27 33
30 31 32
98
{[25, 24, 7, 4, 2]}
{[6, 3, 2, 1, 0]}
34
15 17 11
13 3 4
5 3 21
1 2 23
1 16 26
14 2 11
14 8 10
16 17 19
6 19 22
10 18 25
6 9 12
0 5 12
13 10 11
1 14 12
5 6 13
0 16 20
7 15 4
0 7 18
17 9 20
7 8 20
15 18 19
22 24 2
21 27 8
24 25 3
21 23 31
23 30 9
28 32 4
22 29 32
26 29 30
27 28 31
25 28 33
24 29 33
26 27 33
30 31 32
99
{[25, 24, 7, 4, 2]}
{[8, 7, 4, 2, 0]}
34
15 17 11
13 3 4
5 3 22
1 2 21
1 16 31
14 2 11
14 8 10
16 17 19
6 19 25
10 18 23
6 9 12
0 5 12
13 10 11
1 14 12
5 6 13
0 16 20
7 15 4
0 7 18
17 9 20
7 8 20
15 18 19
23 24 3
24 25 2
21 27 9
21 22 26
22 30 8
24 28 32
23 29 32
26 29 30
27 28 31
25 28 33
29 33 4
26 27 33
30 31 32
100
{[25, 24, 7, 4, 2]}
{[9, 7, 3, 2, 0]}
34
15 17 11
13 3 4
5 3 30
1 2 24
1 16 21
14 2 11
14 8 10
16 17 19
6 19 22
10 18 25
6 9 12
0 5 12
13 10 11
1 14 12
5 6 13
0 16 20
7 15 4
0 7 18
17 9 20
7 8 20
15 18 19
23 24 4
23 25 8
21 22 27
21 26 3
22 31 9
24 28 32
23 29 32
26 29 30
27 28 31
28 33 2
25 29 33
26 27 33
30 31 32
101
{[25, 24, 7, 4, 2]}
{[6, 3, 2, 1, 0]}
34
15 17 11
13 3 4
5 3 26
1 2 22
1 16 21
14 2 11
14 8 10
16 17 19
6 19 23
10 18 25
6 9 12
0 5 12
13 10 11
1 14 12
5 6 13
0 16 20
7 15 4
0 7 18
17 9 20
7 8 20
15 18 19
22 24 4
21 27 3
24 25 8
21 23 31
23 30 9
28 32 2
22 29 32
26 29 30
27 28 31
25 28 33
24 29 33
26 27 33
30 31 32
102
{[25, 24, 7, 4, 2]}
{[9, 7, 3, 2, 0]}
34
15 17 11
13 3 4
5 3 21
1 2 22
1 16 30
14 2 11
14 8 10
16 17 19
6 19 24
10 18 25
6 9 12
0 5 12
13 10 11
1 14 12
5 6 13
0 16 20
7 15 4
0 7 18
17 9 20
7 8 20
15 18 19
23 24 2
23 25 3
21 22 27
21 26 8
22 31 9
24 28 32
23 29 32
26 29 30
27 28 31
28 33 4
25 29 33
26 27 33
30 31 32
103
{[25, 24, 7, 4, 2]}
{[5, 4, 2, 1, 0]}
34
15 17 11
13 3 4
5 3 23
1 2 21
1 16 27
14 2 11
14 8 10
16 17 19
6 19 24
10 18 22
6 9 12
0 5 12
13 10 11
1 14 12
5 6 13
0 16 20
7 15 4
0 7 18
17 9 20
7 8 20
15 18 19
22 25 3
21 26 9
24 25 2
23 31 8
21 23 30
22 28 32
29 32 4
26 29 30
27 28 31
25 28 33
24 29 33
26 27 33
30 31 32
104
{[25, 24, 7, 4, 2]}
{[8, 7, 4, 2, 0]}
34
15 17 11
13 3 4
5 3 31
1 2 25
1 16 22
14 2 11
14 8 10
16 17 19
6 19 21
10 18 23
6 9 12
0 5 12
13 10 11
1 14 12
5 6 13
0 16 20
7 15 4
0 7 18
17 9 20
7 8 20
15 18 19
23 24 8
24 25 4
21 27 9
21 22 26
22 30 3
24 28 32
23 29 32
26 29 30
27 28 31
25 28 33
29 33 2
26 27 33
30 31 32
105
{[25, 24, 7, 4, 2]}
{[16, 13, 12, 11, 10]}
34
15 17 11
13 3 4
5 3 26
1 2 33
1 16 31
14 2 11
14 8 10
16 17 19
6 19 27
10 18 32
6 9 12
0 5 12
13 10 11
1 14 12
5 6 13
0 16 20
7 15 4
0 7 18
17 9 20
7 8 20
15 18 19
23 24 25
23 26 27
21 22 28
21 27 30
21 26 29
22 25 2
22 24 8
23 29 30
25 28 32
24 28 31
30 33 4
29 33 9
31 32 3
106
{[25, 24, 7, 4, 2]}
{[17, 16, 14, 12, 10]}
34
15 17 11
13 3 4
5 3 27
1 2 32
1 16 33
14 2 11
14 8 10
16 17 19
6 19 30
10 18 31
6 9 12
0 5 12
13 10 11
1 14 12
5 6 13
0 16 20
7 15 4
0 7 18
17 9 20
7 8 20
15 18 19
23 24 25
23 26 27
21 22 28
21 27 30
21 26 29
22 25 31
22 24 2
23 29 30
25 28 33
24 28 8
26 32 9
31 33 3
29 32 4
107
{[25, 24, 7, 4, 2]}
{[16, 13, 12, 11, 10]}
34
15 17 11
13 3 4
5 3 31
1 2 27
1 16 26
14 2 11
14 8 10
16 17 19
6 19 33
10 18 32
6 9 12
0 5 12
13 10 11
1 14 12
5 6 13
0 16 20
7 15 4
0 7 18
17 9 20
7 8 20
15 18 19
23 24 25
23 26 27
21 22 28
21 27 30
21 26 29
22 25 4
22 24 3
23 29 30
25 28 32
24 28 31
30 33 2
29 33 9
31 32 8
108
{[25, 24, 7, 4, 2]}
{[17, 16, 14, 12, 10]}
34
15 17 11
13 3 4
5 3 33
1 2 30
1 16 27
14 2 11
14 8 10
16 17 19
6 19 32
10 18 31
6 9 12
0 5 12
13 10 11
1 14 12
5 6 13
0 16 20
7 15 4
0 7 18
17 9 20
7 8 20
15 18 19
23 24 25
23 26 27
21 22 28
21 27 30
21 26 29
22 25 31
22 24 4
23 29 30
25 28 33
24 28 3
26 32 9
31 33 8
29 32 2
109
{[25, 24, 7, 4, 2]}
{[17, 16, 15, 13, 11]}
34
15 17 11
13 3 4
5 3 31
1 2 26
1 16 29
14 2 11
14 8 10
16 17 19
6 19 32
10 18 33
6 9 12
0 5 12
13 10 11
1 14 12
5 6 13
0 16 20
7 15 4
0 7 18
17 9 20
7 8 20
15 18 19
23 24 25
23 26 27
21 22 28
21 27 30
21 26 29
22 25 3
22 24 31
23 29 30
25 28 4
24 28 33
27 32 2
31 33 8
30 32 9
110
{[25, 24, 7, 4, 2]}
{[17, 16, 15, 13, 11]}
34
15 17 11
13 3 4
5 3 29
1 2 32
1 16 31
14 2 11
14 8 10
16 17 19
6 19 26
10 18 33
6 9 12
0 5 12
13 10 11
1 14 12
5 6 13
0 16 20
7 15 4
0 7 18
17 9 20
7 8 20
15 18 19
23 24 25
23 26 27
21 22 28
21 27 30
21 26 29
22 25 8
22 24 31
23 29 30
25 28 2
24 28 33
27 32 4
31 33 3
30 32 9
111
{[25, 24, 7, 4, 2]}
{[17, 15, 14, 13, 12]}
34
15 17 11
13 3 4
5 3 32
1 2 29
1 16 30
14 2 11
14 8 10
16 17 19
6 19 33
10 18 31
6 9 12
0 5 12
13 10 11
1 14 12
5 6 13
0 16 20
7 15 4
0 7 18
17 9 20
7 8 20
15 18 19
23 24 25
23 26 27
21 22 28
21 27 30
21 26 29
22 25 32
22 24 31
23 29 30
25 28 3
24 28 4
27 33 9
26 33 2
31 32 8
112
{[25, 24, 7, 4, 2]}
{[17, 15, 14, 13, 12]}
34
15 17 11
13 3 4
5 3 30
1 2 33
1 16 32
14 2 11
14 8 10
16 17 19
6 19 29
10 18 31
6 9 12
0 5 12
13 10 11
1 14 12
5 6 13
0 16 20
7 15 4
0 7 18
17 9 20
7 8 20
15 18 19
23 24 25
23 26 27
21 22 28
21 27 30
21 26 29
22 25 32
22 24 31
23 29 30
25 28 8
24 28 2
27 33 9
26 33 4
31 32 3
113
{[25, 24, 7, 4, 2]}
{[5, 4, 2, 1, 0]}
34
15 17 11
13 3 4
5 3 23
1 2 21
1 16 27
14 2 11
14 8 10
16 17 19
6 19 24
10 18 22
6 9 12
0 5 12
13 10 11
1 14 12
5 6 13
0 16 20
7 15 4
0 7 18
17 9 20
7 8 20
15 18 19
22 25 3
21 26 9
24 25 2
23 31 8
21 23 30
22 28 32
29 32 4
26 29 30
27 28 31
25 28 33
24 29 33
26 27 33
30 31 32
114
{[25, 24, 7, 4, 2]}
{[6, 3, 2, 1, 0]}
34
15 17 11
13 3 4
5 3 26
1 2 22
1 16 21
14 2 11
14 8 10
16 17 19
6 19 23
10 18 25
6 9 12
0 5 12
13 10 11
1 14 12
5 6 13
0 16 20
7 15 4
0 7 18
17 9 20
7 8 20
15 18 19
22 24 4
21 27 3
24 25 8
21 23 31
23 30 9
28 32 2
22 29 32
26 29 30
27 28 31
25 28 33
24 29 33
26 27 33
30 31 32
115
{[25, 24, 7, 4, 2]}
{[8, 7, 4, 2, 0]}
34
15 17 11
13 3 4
5 3 31
1 2 25
1 16 22
14 2 11
14 8 10
16 17 19
6 19 21
10 18 23
6 9 12
0 5 12
13 10 11
1 14 12
5 6 13
0 16 20
7 15 4
0 7 18
17 9 20
7 8 20
15 18 19
23 24 8
24 25 4
21 27 9
21 22 26
22 30 3
24 28 32
23 29 32
26 29 30
27 28 31
25 28 33
29 33 2
26 27 33
30 31 32
116
{[25, 24, 7, 4, 2]}
{[9, 7, 3, 2, 0]}
34
15 17 11
13 3 4
5 3 21
1 2 22
1 16 30
14 2 11
14 8 10
16 17 19
6 19 24
10 18 25
6 9 12
0 5 12
13 10 11
1 14 12
5 6 13
0 16 20
7 15 4
0 7 18
17 9 20
7 8 20
15 18 19
23 24 2
23 25 3
21 22 27
21 26 8
22 31 9
24 28 32
23 29 32
26 29 30
27 28 31
28 33 4
25 29 33
26 27 33
30 31 32
117
{[25, 24, 7, 4, 2]}
{[6, 3, 2, 1, 0]}
34
15 17 11
13 3 4
5 3 21
1 2 23
1 16 26
14 2 11
14 8 10
16 17 19
6 19 22
10 18 25
6 9 12
0 5 12
13 10 11
1 14 12
5 6 13
0 16 20
7 15 4
0 7 18
17 9 20
7 8 20
15 18 19
22 24 2
21 27 8
24 25 3
21 23 31
23 30 9
28 32 4
22 29 32
26 29 30
27 28 31
25 28 33
24 29 33
26 27 33
30 31 32
118
{[25, 24, 7, 4, 2]}
{[9, 7, 3, 2, 0]}
34
15 17 11
13 3 4
5 3 30
1 2 24
1 16 21
14 2 11
14 8 10
16 17 19
6 19 22
10 18 25
6 9 12
0 5 12
13 10 11
1 14 12
5 6 13
0 16 20
7 15 4
0 7 18
17 9 20
7 8 20
15 18 19
23 24 4
23 25 8
21 22 27
21 26 3
22 31 9
24 28 32
23 29 32
26 29 30
27 28 31
28 33 2
25 29 33
26 27 33
30 31 32
119
{[25, 24, 7, 4, 2]}
{[5, 4, 2, 1, 0]}
34
15 17 11
13 3 4
5 3 27
1 2 24
1 16 23
14 2 11
14 8 10
16 17 19
6 19 21
10 18 22
6 9 12
0 5 12
13 10 11
1 14 12
5 6 13
0 16 20
7 15 4
0 7 18
17 9 20
7 8 20
15 18 19
22 25 8
21 26 9
24 25 4
23 31 3
21 23 30
22 28 32
29 32 2
26 29 30
27 28 31
25 28 33
24 29 33
26 27 33
30 31 32
120
{[25, 24, 7, 4, 2]}
{[8, 7, 4, 2, 0]}
34
15 17 11
13 3 4
5 3 22
1 2 21
1 16 31
14 2 11
14 8 10
16 17 19
6 19 25
10 18 23
6 9 12
0 5 12
13 10 11
1 14 12
5 6 13
0 16 20
7 15 4
0 7 18
17 9 20
7 8 20
15 18 19
23 24 3
24 25 2
21 27 9
21 22 26
22 30 8
24 28 32
23 29 32
26 29 30
27 28 31
25 28 33
29 33 4
26 27 33
30 31 32
121
{[25, 24, 7, 4, 2]}
{[16, 13, 12, 11, 10]}
34
15 17 11
13 3 4
5 3 31
1 2 27
1 16 26
14 2 11
14 8 10
16 17 19
6 19 33
10 18 32
6 9 12
0 5 12
13 10 11
1 14 12
5 6 13
0 16 20
7 15 4
0 7 18
17 9 20
7 8 20
15 18 19
23 24 25
23 26 27
21 22 28
21 27 30
21 26 29
22 25 4
22 24 3
23 29 30
25 28 32
24 28 31
30 33 2
29 33 9
31 32 8
122
{[25, 24, 7, 4, 2]}
{[17, 16, 14, 12, 10]}
34
15 17 11
13 3 4
5 3 33
1 2 30
1 16 27
14 2 11
14 8 10
16 17 19
6 19 32
10 18 31
6 9 12
0 5 12
13 10 11
1 14 12
5 6 13
0 16 20
7 15 4
0 7 18
17 9 20
7 8 20
15 18 19
23 24 25
23 26 27
21 22 28
21 27 30
21 26 29
22 25 31
22 24 4
23 29 30
25 28 33
24 28 3
26 32 9
31 33 8
29 32 2
123
{[25, 24, 7, 4, 2]}
{[16, 13, 12, 11, 10]}
34
15 17 11
13 3 4
5 3 26
1 2 33
1 16 31
14 2 11
14 8 10
16 17 19
6 19 27
10 18 32
6 9 12
0 5 12
13 10 11
1 14 12
5 6 13
0 16 20
7 15 4
0 7 18
17 9 20
7 8 20
15 18 19
23 24 25
23 26 27
21 22 28
21 27 30
21 26 29
22 25 2
22 24 8
23 29 30
25 28 32
24 28 31
30 33 4
29 33 9
31 32 3
124
{[25, 24, 7, 4, 2]}
{[17, 16, 14, 12, 10]}
34
15 17 11
13 3 4
5 3 27
1 2 32
1 16 33
14 2 11
14 8 10
16 17 19
6 19 30
10 18 31
6 9 12
0 5 12
13 10 11
1 14 12
5 6 13
0 16 20
7 15 4
0 7 18
17 9 20
7 8 20
15 18 19
23 24 25
23 26 27
21 22 28
21 27 30
21 26 29
22 25 31
22 24 2
23 29 30
25 28 33
24 28 8
26 32 9
31 33 3
29 32 4
125
{[25, 24, 7, 4, 2]}
{[17, 16, 15, 13, 11]}
34
15 17 11
13 3 4
5 3 29
1 2 32
1 16 31
14 2 11
14 8 10
16 17 19
6 19 26
10 18 33
6 9 12
0 5 12
13 10 11
1 14 12
5 6 13
0 16 20
7 15 4
0 7 18
17 9 20
7 8 20
15 18 19
23 24 25
23 26 27
21 22 28
21 27 30
21 26 29
22 25 8
22 24 31
23 29 30
25 28 2
24 28 33
27 32 4
31 33 3
30 32 9
126
{[25, 24, 7, 4, 2]}
{[17, 16, 15, 13, 11]}
34
15 17 11
13 3 4
5 3 31
1 2 26
1 16 29
14 2 11
14 8 10
16 17 19
6 19 32
10 18 33
6 9 12
0 5 12
13 10 11
1 14 12
5 6 13
0 16 20
7 15 4
0 7 18
17 9 20
7 8 20
15 18 19
23 24 25
23 26 27
21 22 28
21 27 30
21 26 29
22 25 3
22 24 31
23 29 30
25 28 4
24 28 33
27 32 2
31 33 8
30 32 9
127
{[25, 24, 7, 4, 2]}
{[17, 15, 14, 13, 12]}
34
15 17 11
13 3 4
5 3 30
1 2 33
1 16 32
14 2 11
14 8 10
16 17 19
6 19 29
10 18 31
6 9 12
0 5 12
13 10 11
1 14 12
5 6 13
0 16 20
7 15 4
0 7 18
17 9 20
7 8 20
15 18 19
23 24 25
23 26 27
21 22 28
21 27 30
21 26 29
22 25 32
22 24 31
23 29 30
25 28 8
24 28 2
27 33 9
26 33 4
31 32 3
128
{[25, 24, 7, 4, 2]}
{[17, 15, 14, 13, 12]}
34
15 17 11
13 3 4
5 3 32
1 2 29
1 16 30
14 2 11
14 8 10
16 17 19
6 19 33
10 18 31
6 9 12
0 5 12
13 10 11
1 14 12
5 6 13
0 16 20
7 15 4
0 7 18
17 9 20
7 8 20
15 18 19
23 24 25
23 26 27
21 22 28
21 27 30
21 26 29
22 25 32
22 24 31
23 29 30
25 28 3
24 28 4
27 33 9
26 33 2
31 32 8
129
{[25, 24, 7, 5, 3]}
{[5, 4, 2, 1, 0]}
34
15 17 11
13 4 23
8 3 22
2 9 27
1 16 21
14 11 24
14 8 10
16 17 19
6 2 19
3 10 18
6 9 12
0 5 12
13 10 11
1 14 12
5 6 13
0 16 20
7 15 4
0 7 18
17 9 20
7 8 20
15 18 19
22 25 4
21 26 2
24 25 1
23 31 5
21 23 30
22 28 32
29 32 3
26 29 30
27 28 31
25 28 33
24 29 33
26 27 33
30 31 32
130
{[25, 24, 7, 5, 3]}
{[6, 3, 2, 1, 0]}
34
15 17 11
13 4 26
8 3 25
2 9 21
1 16 22
14 11 23
14 8 10
16 17 19
6 2 19
3 10 18
6 9 12
0 5 12
13 10 11
1 14 12
5 6 13
0 16 20
7 15 4
0 7 18
17 9 20
7 8 20
15 18 19
22 24 3
21 27 4
24 25 5
21 23 31
23 30 2
28 32 1
22 29 32
26 29 30
27 28 31
25 28 33
24 29 33
26 27 33
30 31 32
131
{[25, 24, 7, 5, 3]}
{[8, 7, 4, 2, 0]}
34
15 17 11
13 4 31
8 3 23
2 9 22
1 16 25
14 11 21
14 8 10
16 17 19
6 2 19
3 10 18
6 9 12
0 5 12
13 10 11
1 14 12
5 6 13
0 16 20
7 15 4
0 7 18
17 9 20
7 8 20
15 18 19
23 24 5
24 25 3
21 27 2
21 22 26
22 30 4
24 28 32
23 29 32
26 29 30
27 28 31
25 28 33
29 33 1
26 27 33
30 31 32
132
{[25, 24, 7, 5, 3]}
{[9, 7, 3, 2, 0]}
34
15 17 11
13 4 21
8 3 25
2 9 30
1 16 22
14 11 24
14 8 10
16 17 19
6 2 19
3 10 18
6 9 12
0 5 12
13 10 11
1 14 12
5 6 13
0 16 20
7 15 4
0 7 18
17 9 20
7 8 20
15 18 19
23 24 1
23 25 4
21 22 27
21 26 5
22 31 2
24 28 32
23 29 32
26 29 30
27 28 31
28 33 3
25 29 33
26 27 33
30 31 32
133
{[25, 24, 7, 5, 3]}
{[6, 3, 2, 1, 0]}
34
15 17 11
13 4 21
8 3 25
2 9 26
1 16 23
14 11 22
14 8 10
16 17 19
6 2 19
3 10 18
6 9 12
0 5 12
13 10 11
1 14 12
5 6 13
0 16 20
7 15 4
0 7 18
17 9 20
7 8 20
15 18 19
22 24 1
21 27 5
24 25 4
21 23 31
23 30 2
28 32 3
22 29 32
26 29 30
27 28 31
25 28 33
24 29 33
26 27 33
30 31 32
134
{[25, 24, 7, 5, 3]}
{[9, 7, 3, 2, 0]}
34
15 17 11
13 4 30
8 3 25
2 9 21
1 16 24
14 11 22
14 8 10
16 17 19
6 2 19
3 10 18
6 9 12
0 5 12
13 10 11
1 14 12
5 6 13
0 16 20
7 15 4
0 7 18
17 9 20
7 8 20
15 18 19
23 24 3
23 25 5
21 22 27
21 26 4
22 31 2
24 28 32
23 29 32
26 29 30
27 28 31
28 33 1
25 29 33
26 27 33
30 31 32
135
{[25, 24, 7, 5, 3]}
{[5, 4, 2, 1, 0]}
34
15 17 11
13 4 27
8 3 22
2 9 23
1 16 24
14 11 21
14 8 10
16 17 19
6 2 19
3 10 18
6 9 12
0 5 12
13 10 11
1 14 12
5 6 13
0 16 20
7 15 4
0 7 18
17 9 20
7 8 20
15 18 19
22 25 5
21 26 2
24 25 3
23 31 4
21 23 30
22 28 32
29 32 1
26 29 30
27 28 31
25 28 33
24 29 33
26 27 33
30 31 32
136
{[25, 24, 7, 5, 3]}
{[8, 7, 4, 2, 0]}
34
15 17 11
13 4 22
8 3 23
2 9 31
1 16 21
14 11 25
14 8 10
16 17 19
6 2 19
3 10 18
6 9 12
0 5 12
13 10 11
1 14 12
5 6 13
0 16 20
7 15 4
0 7 18
17 9 20
7 8 20
15 18 19
23 24 4
24 25 1
21 27 2
21 22 26
22 30 5
24 28 32
23 29 32
26 29 30
27 28 31
25 28 33
29 33 3
26 27 33
30 31 32
137
{[25, 24, 7, 5, 3]}
{[16, 13, 12, 11, 10]}
34
15 17 11
13 4 31
8 3 32
2 9 26
1 16 27
14 11 33
14 8 10
16 17 19
6 2 19
3 10 18
6 9 12
0 5 12
13 10 11
1 14 12
5 6 13
0 16 20
7 15 4
0 7 18
17 9 20
7 8 20
15 18 19
23 24 25
23 26 27
21 22 28
21 27 30
21 26 29
22 25 3
22 24 4
23 29 30
25 28 32
24 28 31
30 33 1
29 33 2
31 32 5
138
{[25, 24, 7, 5, 3]}
{[17, 16, 14, 12, 10]}
34
15 17 11
13 4 33
8 3 31
2 9 27
1 16 30
14 11 32
14 8 10
16 17 19
6 2 19
3 10 18
6 9 12
0 5 12
13 10 11
1 14 12
5 6 13
0 16 20
7 15 4
0 7 18
17 9 20
7 8 20
15 18 19
23 24 25
23 26 27
21 22 28
21 27 30
21 26 29
22 25 31
22 24 3
23 29 30
25 28 33
24 28 4
26 32 2
31 33 5
29 32 1
139
{[25, 24, 7, 5, 3]}
{[16, 13, 12, 11, 10]}
34
15 17 11
13 4 26
8 3 32
2 9 31
1 16 33
14 11 27
14 8 10
16 17 19
6 2 19
3 10 18
6 9 12
0 5 12
13 10 11
1 14 12
5 6 13
0 16 20
7 15 4
0 7 18
17 9 20
7 8 20
15 18 19
23 24 25
23 26 27
21 22 28
21 27 30
21 26 29
22 25 1
22 24 5
23 29 30
25 28 32
24 28 31
30 33 3
29 33 2
31 32 4
140
{[25, 24, 7, 5, 3]}
{[17, 16, 14, 12, 10]}
34
15 17 11
13 4 27
8 3 31
2 9 33
1 16 32
14 11 30
14 8 10
16 17 19
6 2 19
3 10 18
6 9 12
0 5 12
13 10 11
1 14 12
5 6 13
0 16 20
7 15 4
0 7 18
17 9 20
7 8 20
15 18 19
23 24 25
23 26 27
21 22 28
21 27 30
21 26 29
22 25 31
22 24 1
23 29 30
25 28 33
24 28 5
26 32 2
31 33 4
29 32 3
141
{[25, 24, 7, 5, 3]}
{[17, 16, 15, 13, 11]}
34
15 17 11
13 4 29
8 3 33
2 9 31
1 16 32
14 11 26
14 8 10
16 17 19
6 2 19
3 10 18
6 9 12
0 5 12
13 10 11
1 14 12
5 6 13
0 16 20
7 15 4
0 7 18
17 9 20
7 8 20
15 18 19
23 24 25
23 26 27
21 22 28
21 27 30
21 26 29
22 25 5
22 24 31
23 29 30
25 28 1
24 28 33
27 32 3
31 33 4
30 32 2
142
{[25, 24, 7, 5, 3]}
{[17, 16, 15, 13, 11]}
34
15 17 11
13 4 31
8 3 33
2 9 29
1 16 26
14 11 32
14 8 10
16 17 19
6 2 19
3 10 18
6 9 12
0 5 12
13 10 11
1 14 12
5 6 13
0 16 20
7 15 4
0 7 18
17 9 20
7 8 20
15 18 19
23 24 25
23 26 27
21 22 28
21 27 30
21 26 29
22 25 4
22 24 31
23 29 30
25 28 3
24 28 33
27 32 1
31 33 5
30 32 2
143
{[25, 24, 7, 5, 3]}
{[17, 15, 14, 13, 12]}
34
15 17 11
13 4 30
8 3 31
2 9 32
1 16 33
14 11 29
14 8 10
16 17 19
6 2 19
3 10 18
6 9 12
0 5 12
13 10 11
1 14 12
5 6 13
0 16 20
7 15 4
0 7 18
17 9 20
7 8 20
15 18 19
23 24 25
23 26 27
21 22 28
21 27 30
21 26 29
22 25 32
22 24 31
23 29 30
25 28 5
24 28 1
27 33 2
26 33 3
31 32 4
144
{[25, 24, 7, 5, 3]}
{[17, 15, 14, 13, 12]}
34
15 17 11
13 4 32
8 3 31
2 9 30
1 16 29
14 11 33
14 8 10
16 17 19
6 2 19
3 10 18
6 9 12
0 5 12
13 10 11
1 14 12
5 6 13
0 16 20
7 15 4
0 7 18
17 9 20
7 8 20
15 18 19
23 24 25
23 26 27
21 22 28
21 27 30
21 26 29
22 25 32
22 24 31
23 29 30
25 28 4
24 28 3
27 33 2
26 33 1
31 32 5
145
{[25, 24, 7, 5, 3]}
{[5, 4, 2, 1, 0]}
34
15 17 11
13 4 27
8 3 22
2 9 23
1 16 24
14 11 21
14 8 10
16 17 19
6 2 19
3 10 18
6 9 12
0 5 12
13 10 11
1 14 12
5 6 13
0 16 20
7 15 4
0 7 18
17 9 20
7 8 20
15 18 19
22 25 5
21 26 2
24 25 3
23 31 4
21 23 30
22 28 32
29 32 1
26 29 30
27 28 31
25 28 33
24 29 33
26 27 33
30 31 32
146
{[25, 24, 7, 5, 3]}
{[6, 3, 2, 1, 0]}
34
15 17 11
13 4 21
8 3 25
2 9 26
1 16 23
14 11 22
14 8 10
16 17 19
6 2 19
3 10 18
6 9 12
0 5 12
13 10 11
1 14 12
5 6 13
0 16 20
7 15 4
0 7 18
17 9 20
7 8 20
15 18 19
22 24 1
21 27 5
24 25 4
21 23 31
23 30 2
28 32 3
22 29 32
26 29 30
27 28 31
25 28 33
24 29 33
26 27 33
30 31 32
147
{[25, 24, 7, 5, 3]}
{[8, 7, 4, 2, 0]}
34
15 17 11
13 4 22
8 3 23
2 9 31
1 16 21
14 11 25
14 8 10
16 17 19
6 2 19
3 10 18
6 9 12
0 5 12
13 10 11
1 14 12
5 6 13
0 16 20
7 15 4
0 7 18
17 9 20
7 8 20
15 18 19
23 24 4
24 25 1
21 27 2
21 22 26
22 30 5
24 28 32
23 29 32
26 29 30
27 28 31
25 28 33
29 33 3
26 27 33
30 31 32
148
{[25, 24, 7, 5, 3]}
{[9, 7, 3, 2, 0]}
34
15 17 11
13 4 30
8 3 25
2 9 21
1 16 24
14 11 22
14 8 10
16 17 19
6 2 19
3 10 18
6 9 12
0 5 12
13 10 11
1 14 12
5 6 13
0 16 20
7 15 4
0 7 18
17 9 20
7 8 20
15 18 19
23 24 3
23 25 5
21 22 27
21 26 4
22 31 2
24 28 32
23 29 32
26 29 30
27 28 31
28 33 1
25 29 33
26 27 33
30 31 32
149
{[25, 24, 7, 5, 3]}
{[6, 3, 2, 1, 0]}
34
15 17 11
13 4 26
8 3 25
2 9 21
1 16 22
14 11 23
14 8 10
16 17 19
6 2 19
3 10 18
6 9 12
0 5 12
13 10 11
1 14 12
5 6 13
0 16 20
7 15 4
0 7 18
17 9 20
7 8 20
15 18 19
22 24 3
21 27 4
24 25 5
21 23 31
23 30 2
28 32 1
22 29 32
26 29 30
27 28 31
25 28 33
24 29 33
26 27 33
30 31 32
150
{[25, 24, 7, 5, 3]}
{[9, 7, 3, 2, 0]}
34
15 17 11
13 4 21
8 3 25
2 9 30
1 16 22
14 11 24
14 8 10
16 17 19
6 2 19
3 10 18
6 9 12
0 5 12
13 10 11
1 14 12
5 6 13
0 16 20
7 15 4
0 7 18
17 9 20
7 8 20
15 18 19
23 24 1
23 25 4
21 22 27
21 26 5
22 31 2
24 28 32
23 29 32
26 29 30
27 28 31
28 33 3
25 29 33
26 27 33
30 31 32
151
{[25, 24, 7, 5, 3]}
{[5, 4, 2, 1, 0]}
34
15 17 11
13 4 23
8 3 22
2 9 27
1 16 21
14 11 24
14 8 10
16 17 19
6 2 19
3 10 18
6 9 12
0 5 12
13 10 11
1 14 12
5 6 13
0 16 20
7 15 4
0 7 18
17 9 20
7 8 20
15 18 19
22 25 4
21 26 2
24 25 1
23 31 5
21 23 30
22 28 32
29 32 3
26 29 30
27 28 31
25 28 33
24 29 33
26 27 33
30 31 32
152
{[25, 24, 7, 5, 3]}
{[8, 7, 4, 2, 0]}
34
15 17 11
13 4 31
8 3 23
2 9 22
1 16 25
14 11 21
14 8 10
16 17 19
6 2 19
3 10 18
6 9 12
0 5 12
13 10 11
1 14 12
5 6 13
0 16 20
7 15 4
0 7 18
17 9 20
7 8 20
15 18 19
23 24 5
24 25 3
21 27 2
21 22 26
22 30 4
24 28 32
23 29 32
26 29 30
27 28 31
25 28 33
29 33 1
26 27 33
30 31 32
153
{[25, 24, 7, 5, 3]}
{[16, 13, 12, 11, 10]}
34
15 17 11
13 4 26
8 3 32
2 9 31
1 16 33
14 11 27
14 8 10
16 17 19
6 2 19
3 10 18
6 9 12
0 5 12
13 10 11
1 14 12
5 6 13
0 16 20
7 15 4
0 7 18
17 9 20
7 8 20
15 18 19
23 24 25
23 26 27
21 22 28
21 27 30
21 26 29
22 25 1
22 24 5
23 29 30
25 28 32
24 28 31
30 33 3
29 33 2
31 32 4
154
{[25, 24, 7, 5, 3]}
{[17, 16, 14, 12, 10]}
34
15 17 11
13 4 27
8 3 31
2 9 33
1 16 32
14 11 30
14 8 10
16 17 19
6 2 19
3 10 18
6 9 12
0 5 12
13 10 11
1 14 12
5 6 13
0 16 20
7 15 4
0 7 18
17 9 20
7 8 20
15 18 19
23 24 25
23 26 27
21 22 28
21 27 30
21 26 29
22 25 31
22 24 1
23 29 30
25 28 33
24 28 5
26 32 2
31 33 4
29 32 3
155
{[25, 24, 7, 5, 3]}
{[16, 13, 12, 11, 10]}
34
15 17 11
13 4 31
8 3 32
2 9 26
1 16 27
14 11 33
14 8 10
16 17 19
6 2 19
3 10 18
6 9 12
0 5 12
13 10 11
1 14 12
5 6 13
0 16 20
7 15 4
0 7 18
17 9 20
7 8 20
15 18 19
23 24 25
23 26 27
21 22 28
21 27 30
21 26 29
22 25 3
22 24 4
23 29 30
25 28 32
24 28 31
30 33 1
29 33 2
31 32 5
156
{[25, 24, 7, 5, 3]}
{[17, 16, 14, 12, 10]}
34
15 17 11
13 4 33
8 3 31
2 9 27
1 16 30
14 11 32
14 8 10
16 17 19
6 2 19
3 10 18
6 9 12
0 5 12
13 10 11
1 14 12
5 6 13
0 16 20
7 15 4
0 7 18
17 9 20
7 8 20
15 18 19
23 24 25
23 26 27
21 22 28
21 27 30
21 26 29
22 25 31
22 24 3
23 29 30
25 28 33
24 28 4
26 32 2
31 33 5
29 32 1
157
{[25, 24, 7, 5, 3]}
{[17, 16, 15, 13, 11]}
34
15 17 11
13 4 31
8 3 33
2 9 29
1 16 26
14 11 32
14 8 10
16 17 19
6 2 19
3 10 18
6 9 12
0 5 12
13 10 11
1 14 12
5 6 13
0 16 20
7 15 4
0 7 18
17 9 20
7 8 20
15 18 19
23 24 25
23 26 27
21 22 28
21 27 30
21 26 29
22 25 4
22 24 31
23 29 30
25 28 3
24 28 33
27 32 1
31 33 5
30 32 2
158
{[25, 24, 7, 5, 3]}
{[17, 16, 15, 13, 11]}
34
15 17 11
13 4 29
8 3 33
2 9 31
1 16 32
14 11 26
14 8 10
16 17 19
6 2 19
3 10 18
6 9 12
0 5 12
13 10 11
1 14 12
5 6 13
0 16 20
7 15 4
0 7 18
17 9 20
7 8 20
15 18 19
23 24 25
23 26 27
21 22 28
21 27 30
21 26 29
22 25 5
22 24 31
23 29 30
25 28 1
24 28 33
27 32 3
31 33 4
30 32 2
159
{[25, 24, 7, 5, 3]}
{[17, 15, 14, 13, 12]}
34
15 17 11
13 4 32
8 3 31
2 9 30
1 16 29
14 11 33
14 8 10
16 17 19
6 2 19
3 10 18
6 9 12
0 5 12
13 10 11
1 14 12
5 6 13
0 16 20
7 15 4
0 7 18
17 9 20
7 8 20
15 18 19
23 24 25
23 26 27
21 22 28
21 27 30
21 26 29
22 25 32
22 24 31
23 29 30
25 28 4
24 28 3
27 33 2
26 33 1
31 32 5
160
{[25, 24, 7, 5, 3]}
{[17, 15, 14, 13, 12]}
34
15 17 11
13 4 30
8 3 31
2 9 32
1 16 33
14 11 29
14 8 10
16 17 19
6 2 19
3 10 18
6 9 12
0 5 12
13 10 11
1 14 12
5 6 13
0 16 20
7 15 4
0 7 18
17 9 20
7 8 20
15 18 19
23 24 25
23 26 27
21 22 28
21 27 30
21 26 29
22 25 32
22 24 31
23 29 30
25 28 5
24 28 1
27 33 2
26 33 3
31 32 4
161
{[17, 16, 15, 14, 8]}
{[5, 4, 2, 1, 0]}
34
13 15 21
5 6 24
10 4 7
5 7 27
19 2 11
19 1 3
1 14 20
20 2 3
10 12 23
14 15 17
8 2 17
4 12 16
8 11 22
0 14 18
9 13 6
0 9 16
15 11 18
9 10 18
13 16 17
20 4 5
19 6 7
22 25 0
21 26 12
24 25 8
23 31 1
21 23 30
22 28 32
29 32 3
26 29 30
27 28 31
25 28 33
24 29 33
26 27 33
30 31 32
162
{[17, 16, 15, 14, 8]}
{[6, 3, 2, 1, 0]}
34
13 15 22
5 6 23
10 4 7
5 7 21
19 2 11
19 1 3
1 14 20
20 2 3
10 12 26
14 15 17
8 2 17
4 12 16
8 11 25
0 14 18
9 13 6
0 9 16
15 11 18
9 10 18
13 16 17
20 4 5
19 6 7
22 24 3
21 27 0
24 25 1
21 23 31
23 30 12
28 32 8
22 29 32
26 29 30
27 28 31
25 28 33
24 29 33
26 27 33
30 31 32
163
{[17, 16, 15, 14, 8]}
{[8, 7, 4, 2, 0]}
34
13 15 25
5 6 21
10 4 7
5 7 22
19 2 11
19 1 3
1 14 20
20 2 3
10 12 31
14 15 17
8 2 17
4 12 16
8 11 23
0 14 18
9 13 6
0 9 16
15 11 18
9 10 18
13 16 17
20 4 5
19 6 7
23 24 1
24 25 3
21 27 12
21 22 26
22 30 0
24 28 32
23 29 32
26 29 30
27 28 31
25 28 33
29 33 8
26 27 33
30 31 32
164
{[17, 16, 15, 14, 8]}
{[9, 7, 3, 2, 0]}
34
13 15 22
5 6 24
10 4 7
5 7 30
19 2 11
19 1 3
1 14 20
20 2 3
10 12 21
14 15 17
8 2 17
4 12 16
8 11 25
0 14 18
9 13 6
0 9 16
15 11 18
9 10 18
13 16 17
20 4 5
19 6 7
23 24 8
23 25 0
21 22 27
21 26 1
22 31 12
24 28 32
23 29 32
26 29 30
27 28 31
28 33 3
25 29 33
26 27 33
30 31 32
165
{[17, 16, 15, 14, 8]}
{[6, 3, 2, 1, 0]}
34
13 15 23
5 6 22
10 4 7
5 7 26
19 2 11
19 1 3
1 14 20
20 2 3
10 12 21
14 15 17
8 2 17
4 12 16
8 11 25
0 14 18
9 13 6
0 9 16
15 11 18
9 10 18
13 16 17
20 4 5
19 6 7
22 24 8
21 27 1
24 25 0
21 23 31
23 30 12
28 32 3
22 29 32
26 29 30
27 28 31
25 28 33
24 29 33
26 27 33
30 31 32
166
{[17, 16, 15, 14, 8]}
{[9, 7, 3, 2, 0]}
34
13 15 24
5 6 22
10 4 7
5 7 21
19 2 11
19 1 3
1 14 20
20 2 3
10 12 30
14 15 17
8 2 17
4 12 16
8 11 25
0 14 18
9 13 6
0 9 16
15 11 18
9 10 18
13 16 17
20 4 5
19 6 7
23 24 3
23 25 1
21 22 27
21 26 0
22 31 12
24 28 32
23 29 32
26 29 30
27 28 31
28 33 8
25 29 33
26 27 33
30 31 32
167
{[17, 16, 15, 14, 8]}
{[5, 4, 2, 1, 0]}
34
13 15 24
5 6 21
10 4 7
5 7 23
19 2 11
19 1 3
1 14 20
20 2 3
10 12 27
14 15 17
8 2 17
4 12 16
8 11 22
0 14 18
9 13 6
0 9 16
15 11 18
9 10 18
13 16 17
20 4 5
19 6 7
22 25 1
21 26 12
24 25 3
23 31 0
21 23 30
22 28 32
29 32 8
26 29 30
27 28 31
25 28 33
24 29 33
26 27 33
30 31 32
168
{[17, 16, 15, 14, 8]}
{[8, 7, 4, 2, 0]}
34
13 15 21
5 6 25
10 4 7
5 7 31
19 2 11
19 1 3
1 14 20
20 2 3
10 12 22
14 15 17
8 2 17
4 12 16
8 11 23
0 14 18
9 13 6
0 9 16
15 11 18
9 10 18
13 16 17
20 4 5
19 6 7
23 24 0
24 25 8
21 27 12
21 22 26
22 30 1
24 28 32
23 29 32
26 29 30
27 28 31
25 28 33
29 33 3
26 27 33
30 31 32
169
{[17, 16, 15, 14, 8]}
{[16, 13, 12, 11, 10]}
34
13 15 27
5 6 33
10 4 7
5 7 26
19 2 11
19 1 3
1 14 20
20 2 3
10 12 31
14 15 17
8 2 17
4 12 16
8 11 32
0 14 18
9 13 6
0 9 16
15 11 18
9 10 18
13 16 17
20 4 5
19 6 7
23 24 25
23 26 27
21 22 28
21 27 30
21 26 29
22 25 3
22 24 0
23 29 30
25 28 32
24 28 31
30 33 8
29 33 12
31 32 1
170
{[17, 16, 15, 14, 8]}
{[17, 16, 14, 12, 10]}
34
13 15 30
5 6 32
10 4 7
5 7 27
19 2 11
19 1 3
1 14 20
20 2 3
10 12 33
14 15 17
8 2 17
4 12 16
8 11 31
0 14 18
9 13 6
0 9 16
15 11 18
9 10 18
13 16 17
20 4 5
19 6 7
23 24 25
23 26 27
21 22 28
21 27 30
21 26 29
22 25 31
22 24 3
23 29 30
25 28 33
24 28 0
26 32 12
31 33 1
29 32 8
171
{[17, 16, 15, 14, 8]}
{[16, 13, 12, 11, 10]}
34
13 15 33
5 6 27
10 4 7
5 7 31
19 2 11
19 1 3
1 14 20
20 2 3
10 12 26
14 15 17
8 2 17
4 12 16
8 11 32
0 14 18
9 13 6
0 9 16
15 11 18
9 10 18
13 16 17
20 4 5
19 6 7
23 24 25
23 26 27
21 22 28
21 27 30
21 26 29
22 25 8
22 24 1
23 29 30
25 28 32
24 28 31
30 33 3
29 33 12
31 32 0
172
{[17, 16, 15, 14, 8]}
{[17, 16, 14, 12, 10]}
34
13 15 32
5 6 30
10 4 7
5 7 33
19 2 11
19 1 3
1 14 20
20 2 3
10 12 27
14 15 17
8 2 17
4 12 16
8 11 31
0 14 18
9 13 6
0 9 16
15 11 18
9 10 18
13 16 17
20 4 5
19 6 7
23 24 25
23 26 27
21 22 28
21 27 30
21 26 29
22 25 31
22 24 8
23 29 30
25 28 33
24 28 1
26 32 12
31 33 0
29 32 3
173
{[17, 16, 15, 14, 8]}
{[17, 16, 15, 13, 11]}
34
13 15 32
5 6 26
10 4 7
5 7 31
19 2 11
19 1 3
1 14 20
20 2 3
10 12 29
14 15 17
8 2 17
4 12 16
8 11 33
0 14 18
9 13 6
0 9 16
15 11 18
9 10 18
13 16 17
20 4 5
19 6 7
23 24 25
23 26 27
21 22 28
21 27 30
21 26 29
22 25 1
22 24 31
23 29 30
25 28 8
24 28 33
27 32 3
31 33 0
30 32 12
174
{[17, 16, 15, 14, 8]}
{[17, 16, 15, 13, 11]}
34
13 15 26
5 6 32
10 4 7
5 7 29
19 2 11
19 1 3
1 14 20
20 2 3
10 12 31
14 15 17
8 2 17
4 12 16
8 11 33
0 14 18
9 13 6
0 9 16
15 11 18
9 10 18
13 16 17
20 4 5
19 6 7
23 24 25
23 26 27
21 22 28
21 27 30
21 26 29
22 25 0
22 24 31
23 29 30
25 28 3
24 28 33
27 32 8
31 33 1
30 32 12
175
{[17, 16, 15, 14, 8]}
{[17, 15, 14, 13, 12]}
34
13 15 33
5 6 29
10 4 7
5 7 32
19 2 11
19 1 3
1 14 20
20 2 3
10 12 30
14 15 17
8 2 17
4 12 16
8 11 31
0 14 18
9 13 6
0 9 16
15 11 18
9 10 18
13 16 17
20 4 5
19 6 7
23 24 25
23 26 27
21 22 28
21 27 30
21 26 29
22 25 32
22 24 31
23 29 30
25 28 1
24 28 8
27 33 12
26 33 3
31 32 0
176
{[17, 16, 15, 14, 8]}
{[17, 15, 14, 13, 12]}
34
13 15 29
5 6 33
10 4 7
5 7 30
19 2 11
19 1 3
1 14 20
20 2 3
10 12 32
14 15 17
8 2 17
4 12 16
8 11 31
0 14 18
9 13 6
0 9 16
15 11 18
9 10 18
13 16 17
20 4 5
19 6 7
23 24 25
23 26 27
21 22 28
21 27 30
21 26 29
22 25 32
22 24 31
23 29 30
25 28 0
24 28 3
27 33 12
26 33 8
31 32 1
177
{[17, 16, 15, 14, 8]}
{[5, 4, 2, 1, 0]}
34
13 15 24
5 6 21
10 4 7
5 7 23
19 2 11
19 1 3
1 14 20
20 2 3
10 12 27
14 15 17
8 2 17
4 12 16
8 11 22
0 14 18
9 13 6
0 9 16
15 11 18
9 10 18
13 16 17
20 4 5
19 6 7
22 25 1
21 26 12
24 25 3
23 31 0
21 23 30
22 28 32
29 32 8
26 29 30
27 28 31
25 28 33
24 29 33
26 27 33
30 31 32
178
{[17, 16, 15, 14, 8]}
{[6, 3, 2, 1, 0]}
34
13 15 23
5 6 22
10 4 7
5 7 26
19 2 11
19 1 3
1 14 20
20 2 3
10 12 21
14 15 17
8 2 17
4 12 16
8 11 25
0 14 18
9 13 6
0 9 16
15 11 18
9 10 18
13 16 17
20 4 5
19 6 7
22 24 8
21 27 1
24 25 0
21 23 31
23 30 12
28 32 3
22 29 32
26 29 30
27 28 31
25 28 33
24 29 33
26 27 33
30 31 32
179
{[17, 16, 15, 14, 8]}
{[8, 7, 4, 2, 0]}
34
13 15 21
5 6 25
10 4 7
5 7 31
19 2 11
19 1 3
1 14 20
20 2 3
10 12 22
14 15 17
8 2 17
4 12 16
8 11 23
0 14 18
9 13 6
0 9 16
15 11 18
9 10 18
13 16 17
20 4 5
19 6 7
23 24 0
24 25 8
21 27 12
21 22 26
22 30 1
24 28 32
23 29 32
26 29 30
27 28 31
25 28 33
29 33 3
26 27 33
30 31 32
180
{[17, 16, 15, 14, 8]}
{[9, 7, 3, 2, 0]}
34
13 15 24
5 6 22
10 4 7
5 7 21
19 2 11
19 1 3
1 14 20
20 2 3
10 12 30
14 15 17
8 2 17
4 12 16
8 11 25
0 14 18
9 13 6
0 9 16
15 11 18
9 10 18
13 16 17
20 4 5
19 6 7
23 24 3
23 25 1
21 22 27
21 26 0
22 31 12
24 28 32
23 29 32
26 29 30
27 28 31
28 33 8
25 29 33
26 27 33
30 31 32
181
{[17, 16, 15, 14, 8]}
{[6, 3, 2, 1, 0]}
34
13 15 22
5 6 23
10 4 7
5 7 21
19 2 11
19 1 3
1 14 20
20 2 3
10 12 26
14 15 17
8 2 17
4 12 16
8 11 25
0 14 18
9 13 6
0 9 16
15 11 18
9 10 18
13 16 17
20 4 5
19 6 7
22 24 3
21 27 0
24 25 1
21 23 31
23 30 12
28 32 8
22 29 32
26 29 30
27 28 31
25 28 33
24 29 33
26 27 33
30 31 32
182
{[17, 16, 15, 14, 8]}
{[9, 7, 3, 2, 0]}
34
13 15 22
5 6 24
10 4 7
5 7 30
19 2 11
19 1 3
1 14 20
20 2 3
10 12 21
14 15 17
8 2 17
4 12 16
8 11 25
0 14 18
9 13 6
0 9 16
15 11 18
9 10 18
13 16 17
20 4 5
19 6 7
23 24 8
23 25 0
21 22 27
21 26 1
22 31 12
24 28 32
23 29 32
26 29 30
27 28 31
28 33 3
25 29 33
26 27 33
30 31 32
183
{[17, 16, 15, 14, 8]}
{[5, 4, 2, 1, 0]}
34
13 15 21
5 6 24
10 4 7
5 7 27
19 2 11
19 1 3
1 14 20
20 2 3
10 12 23
14 15 17
8 2 17
4 12 16
8 11 22
0 14 18
9 13 6
0 9 16
15 11 18
9 10 18
13 16 17
20 4 5
19 6 7
22 25 0
21 26 12
24 25 8
23 31 1
21 23 30
22 28 32
29 32 3
26 29 30
27 28 31
25 28 33
24 29 33
26 27 33
30 31 32
184
{[17, 16, 15, 14, 8]}
{[8, 7, 4, 2, 0]}
34
13 15 25
5 6 21
10 4 7
5 7 22
19 2 11
19 1 3
1 14 20
20 2 3
10 12 31
14 15 17
8 2 17
4 12 16
8 11 23
0 14 18
9 13 6
0 9 16
15 11 18
9 10 18
13 16 17
20 4 5
19 6 7
23 24 1
24 25 3
21 27 12
21 22 26
22 30 0
24 28 32
23 29 32
26 29 30
27 28 31
25 28 33
29 33 8
26 27 33
30 31 32
185
{[17, 16, 15, 14, 8]}
{[16, 13, 12, 11, 10]}
34
13 15 33
5 6 27
10 4 7
5 7 31
19 2 11
19 1 3
1 14 20
20 2 3
10 12 26
14 15 17
8 2 17
4 12 16
8 11 32
0 14 18
9 13 6
0 9 16
15 11 18
9 10 18
13 16 17
20 4 5
19 6 7
23 24 25
23 26 27
21 22 28
21 27 30
21 26 29
22 25 8
22 24 1
23 29 30
25 28 32
24 28 31
30 33 3
29 33 12
31 32 0
186
{[17, 16, 15, 14, 8]}
{[17, 16, 14, 12, 10]}
34
13 15 32
5 6 30
10 4 7
5 7 33
19 2 11
19 1 3
1 14 20
20 2 3
10 12 27
14 15 17
8 2 17
4 12 16
8 11 31
0 14 18
9 13 6
0 9 16
15 11 18
9 10 18
13 16 17
20 4 5
19 6 7
23 24 25
23 26 27
21 22 28
21 27 30
21 26 29
22 25 31
22 24 8
23 29 30
25 28 33
24 28 1
26 32 12
31 33 0
29 32 3
187
{[17, 16, 15, 14, 8]}
{[16, 13, 12, 11, 10]}
34
13 15 27
5 6 33
10 4 7
5 7 26
19 2 11
19 1 3
1 14 20
20 2 3
10 12 31
14 15 17
8 2 17
4 12 16
8 11 32
0 14 18
9 13 6
0 9 16
15 11 18
9 10 18
13 16 17
20 4 5
19 6 7
23 24 25
23 26 27
21 22 28
21 27 30
21 26 29
22 25 3
22 24 0
23 29 30
25 28 32
24 28 31
30 33 8
29 33 12
31 32 1
188
{[17, 16, 15, 14, 8]}
{[17, 16, 14, 12, 10]}
34
13 15 30
5 6 32
10 4 7
5 7 27
19 2 11
19 1 3
1 14 20
20 2 3
10 12 33
14 15 17
8 2 17
4 12 16
8 11 31
0 14 18
9 13 6
0 9 16
15 11 18
9 10 18
13 16 17
20 4 5
19 6 7
23 24 25
23 26 27
21 22 28
21 27 30
21 26 29
22 25 31
22 24 3
23 29 30
25 28 33
24 28 0
26 32 12
31 33 1
29 32 8
189
{[17, 16, 15, 14, 8]}
{[17, 16, 15, 13, 11]}
34
13 15 26
5 6 32
10 4 7
5 7 29
19 2 11
19 1 3
1 14 20
20 2 3
10 12 31
14 15 17
8 2 17
4 12 16
8 11 33
0 14 18
9 13 6
0 9 16
15 11 18
9 10 18
13 16 17
20 4 5
19 6 7
23 24 25
23 26 27
21 22 28
21 27 30
21 26 29
22 25 0
22 24 31
23 29 30
25 28 3
24 28 33
27 32 8
31 33 1
30 32 12
190
{[17, 16, 15, 14, 8]}
{[17, 16, 15, 13, 11]}
34
13 15 32
5 6 26
10 4 7
5 7 31
19 2 11
19 1 3
1 14 20
20 2 3
10 12 29
14 15 17
8 2 17
4 12 16
8 11 33
0 14 18
9 13 6
0 9 16
15 11 18
9 10 18
13 16 17
20 4 5
19 6 7
23 24 25
23 26 27
21 22 28
21 27 30
21 26 29
22 25 1
22 24 31
23 29 30
25 28 8
24 28 33
27 32 3
31 33 0
30 32 12
191
{[17, 16, 15, 14, 8]}
{[17, 15, 14, 13, 12]}
34
13 15 29
5 6 33
10 4 7
5 7 30
19 2 11
19 1 3
1 14 20
20 2 3
10 12 32
14 15 17
8 2 17
4 12 16
8 11 31
0 14 18
9 13 6
0 9 16
15 11 18
9 10 18
13 16 17
20 4 5
19 6 7
23 24 25
23 26 27
21 22 28
21 27 30
21 26 29
22 25 32
22 24 31
23 29 30
25 28 0
24 28 3
27 33 12
26 33 8
31 32 1
192
{[17, 16, 15, 14, 8]}
{[17, 15, 14, 13, 12]}
34
13 15 33
5 6 29
10 4 7
5 7 32
19 2 11
19 1 3
1 14 20
20 2 3
10 12 30
14 15 17
8 2 17
4 12 16
8 11 31
0 14 18
9 13 6
0 9 16
15 11 18
9 10 18
13 16 17
20 4 5
19 6 7
23 24 25
23 26 27
21 22 28
21 27 30
21 26 29
22 25 32
22 24 31
23 29 30
25 28 1
24 28 8
27 33 12
26 33 3
31 32 0
193
{[17, 16, 15, 13, 9]}
{[5, 4, 2, 1, 0]}
34
13 15 12
5 6 27
10 4 7
8 5 7
19 2 11
19 1 3
1 14 20
20 2 3
3 12 21
14 15 17
2 17 22
4 16 24
0 8 23
0 14 18
9 13 6
0 9 16
15 11 18
9 10 18
13 16 17
20 4 5
19 6 7
22 25 8
21 26 10
24 25 12
23 31 11
21 23 30
22 28 32
29 32 1
26 29 30
27 28 31
25 28 33
24 29 33
26 27 33
30 31 32
194
{[17, 16, 15, 13, 9]}
{[6, 3, 2, 1, 0]}
34
13 15 12
5 6 21
10 4 7
8 5 7
19 2 11
19 1 3
1 14 20
20 2 3
3 12 22
14 15 17
2 17 25
4 16 23
0 8 26
0 14 18
9 13 6
0 9 16
15 11 18
9 10 18
13 16 17
20 4 5
19 6 7
22 24 1
21 27 8
24 25 11
21 23 31
23 30 10
28 32 12
22 29 32
26 29 30
27 28 31
25 28 33
24 29 33
26 27 33
30 31 32
195
{[17, 16, 15, 13, 9]}
{[8, 7, 4, 2, 0]}
34
13 15 12
5 6 22
10 4 7
8 5 7
19 2 11
19 1 3
1 14 20
20 2 3
3 12 25
14 15 17
2 17 23
4 16 21
0 8 31
0 14 18
9 13 6
0 9 16
15 11 18
9 10 18
13 16 17
20 4 5
19 6 7
23 24 11
24 25 1
21 27 10
21 22 26
22 30 8
24 28 32
23 29 32
26 29 30
27 28 31
25 28 33
29 33 12
26 27 33
30 31 32
196
{[17, 16, 15, 13, 9]}
{[9, 7, 3, 2, 0]}
34
13 15 12
5 6 30
10 4 7
8 5 7
19 2 11
19 1 3
1 14 20
20 2 3
3 12 22
14 15 17
2 17 25
4 16 24
0 8 21
0 14 18
9 13 6
0 9 16
15 11 18
9 10 18
13 16 17
20 4 5
19 6 7
23 24 12
23 25 8
21 22 27
21 26 11
22 31 10
24 28 32
23 29 32
26 29 30
27 28 31
28 33 1
25 29 33
26 27 33
30 31 32
197
{[17, 16, 15, 13, 9]}
{[6, 3, 2, 1, 0]}
34
13 15 12
5 6 26
10 4 7
8 5 7
19 2 11
19 1 3
1 14 20
20 2 3
3 12 23
14 15 17
2 17 25
4 16 22
0 8 21
0 14 18
9 13 6
0 9 16
15 11 18
9 10 18
13 16 17
20 4 5
19 6 7
22 24 12
21 27 11
24 25 8
21 23 31
23 30 10
28 32 1
22 29 32
26 29 30
27 28 31
25 28 33
24 29 33
26 27 33
30 31 32
198
{[17, 16, 15, 13, 9]}
{[9, 7, 3, 2, 0]}
34
13 15 12
5 6 21
10 4 7
8 5 7
19 2 11
19 1 3
1 14 20
20 2 3
3 12 24
14 15 17
2 17 25
4 16 22
0 8 30
0 14 18
9 13 6
0 9 16
15 11 18
9 10 18
13 16 17
20 4 5
19 6 7
23 24 1
23 25 11
21 22 27
21 26 8
22 31 10
24 28 32
23 29 32
26 29 30
27 28 31
28 33 12
25 29 33
26 27 33
30 31 32
199
{[17, 16, 15, 13, 9]}
{[5, 4, 2, 1, 0]}
34
13 15 12
5 6 23
10 4 7
8 5 7
19 2 11
19 1 3
1 14 20
20 2 3
3 12 24
14 15 17
2 17 22
4 16 21
0 8 27
0 14 18
9 13 6
0 9 16
15 11 18
9 10 18
13 16 17
20 4 5
19 6 7
22 25 11
21 26 10
24 25 1
23 31 8
21 23 30
22 28 32
29 32 12
26 29 30
27 28 31
25 28 33
24 29 33
26 27 33
30 31 32
200
{[17, 16, 15, 13, 9]}
{[8, 7, 4, 2, 0]}
34
13 15 12
5 6 31
10 4 7
8 5 7
19 2 11
19 1 3
1 14 20
20 2 3
3 12 21
14 15 17
2 17 23
4 16 25
0 8 22
0 14 18
9 13 6
0 9 16
15 11 18
9 10 18
13 16 17
20 4 5
19 6 7
23 24 8
24 25 12
21 27 10
21 22 26
22 30 11
24 28 32
23 29 32
26 29 30
27 28 31
25 28 33
29 33 1
26 27 33
30 31 32
201
{[17, 16, 15, 13, 9]}
{[16, 13, 12, 11, 10]}
34
13 15 12
5 6 26
10 4 7
8 5 7
19 2 11
19 1 3
1 14 20
20 2 3
3 12 27
14 15 17
2 17 32
4 16 33
0 8 31
0 14 18
9 13 6
0 9 16
15 11 18
9 10 18
13 16 17
20 4 5
19 6 7
23 24 25
23 26 27
21 22 28
21 27 30
21 26 29
22 25 1
22 24 8
23 29 30
25 28 32
24 28 31
30 33 12
29 33 10
31 32 11
202
{[17, 16, 15, 13, 9]}
{[17, 16, 14, 12, 10]}
34
13 15 12
5 6 27
10 4 7
8 5 7
19 2 11
19 1 3
1 14 20
20 2 3
3 12 30
14 15 17
2 17 31
4 16 32
0 8 33
0 14 18
9 13 6
0 9 16
15 11 18
9 10 18
13 16 17
20 4 5
19 6 7
23 24 25
23 26 27
21 22 28
21 27 30
21 26 29
22 25 31
22 24 1
23 29 30
25 28 33
24 28 8
26 32 10
31 33 11
29 32 12
203
{[17, 16, 15, 13, 9]}
{[16, 13, 12, 11, 10]}
34
13 15 12
5 6 31
10 4 7
8 5 7
19 2 11
19 1 3
1 14 20
20 2 3
3 12 33
14 15 17
2 17 32
4 16 27
0 8 26
0 14 18
9 13 6
0 9 16
15 11 18
9 10 18
13 16 17
20 4 5
19 6 7
23 24 25
23 26 27
21 22 28
21 27 30
21 26 29
22 25 12
22 24 11
23 29 30
25 28 32
24 28 31
30 33 1
29 33 10
31 32 8
204
{[17, 16, 15, 13, 9]}
{[17, 16, 14, 12, 10]}
34
13 15 12
5 6 33
10 4 7
8 5 7
19 2 11
19 1 3
1 14 20
20 2 3
3 12 32
14 15 17
2 17 31
4 16 30
0 8 27
0 14 18
9 13 6
0 9 16
15 11 18
9 10 18
13 16 17
20 4 5
19 6 7
23 24 25
23 26 27
21 22 28
21 27 30
21 26 29
22 25 31
22 24 12
23 29 30
25 28 33
24 28 11
26 32 10
31 33 8
29 32 1
205
{[17, 16, 15, 13, 9]}
{[17, 16, 15, 13, 11]}
34
13 15 12
5 6 31
10 4 7
8 5 7
19 2 11
19 1 3
1 14 20
20 2 3
3 12 32
14 15 17
2 17 33
4 16 26
0 8 29
0 14 18
9 13 6
0 9 16
15 11 18
9 10 18
13 16 17
20 4 5
19 6 7
23 24 25
23 26 27
21 22 28
21 27 30
21 26 29
22 25 11
22 24 31
23 29 30
25 28 12
24 28 33
27 32 1
31 33 8
30 32 10
206
{[17, 16, 15, 13, 9]}
{[17, 16, 15, 13, 11]}
34
13 15 12
5 6 29
10 4 7
8 5 7
19 2 11
19 1 3
1 14 20
20 2 3
3 12 26
14 15 17
2 17 33
4 16 32
0 8 31
0 14 18
9 13 6
0 9 16
15 11 18
9 10 18
13 16 17
20 4 5
19 6 7
23 24 25
23 26 27
21 22 28
21 27 30
21 26 29
22 25 8
22 24 31
23 29 30
25 28 1
24 28 33
27 32 12
31 33 11
30 32 10
207
{[17, 16, 15, 13, 9]}
{[17, 15, 14, 13, 12]}
34
13 15 12
5 6 32
10 4 7
8 5 7
19 2 11
19 1 3
1 14 20
20 2 3
3 12 33
14 15 17
2 17 31
4 16 29
0 8 30
0 14 18
9 13 6
0 9 16
15 11 18
9 10 18
13 16 17
20 4 5
19 6 7
23 24 25
23 26 27
21 22 28
21 27 30
21 26 29
22 25 32
22 24 31
23 29 30
25 28 11
24 28 12
27 33 10
26 33 1
31 32 8
208
{[17, 16, 15, 13, 9]}
{[17, 15, 14, 13, 12]}
34
13 15 12
5 6 30
10 4 7
8 5 7
19 2 11
19 1 3
1 14 20
20 2 3
3 12 29
14 15 17
2 17 31
4 16 33
0 8 32
0 14 18
9 13 6
0 9 16
15 11 18
9 10 18
13 16 17
20 4 5
19 6 7
23 24 25
23 26 27
21 22 28
21 27 30
21 26 29
22 25 32
22 24 31
23 29 30
25 28 8
24 28 1
27 33 10
26 33 12
31 32 11
209
{[17, 16, 15, 13, 9]}
{[5, 4, 2, 1, 0]}
34
13 15 12
5 6 23
10 4 7
8 5 7
19 2 11
19 1 3
1 14 20
20 2 3
3 12 24
14 15 17
2 17 22
4 16 21
0 8 27
0 14 18
9 13 6
0 9 16
15 11 18
9 10 18
13 16 17
20 4 5
19 6 7
22 25 11
21 26 10
24 25 1
23 31 8
21 23 30
22 28 32
29 32 12
26 29 30
27 28 31
25 28 33
24 29 33
26 27 33
30 31 32
210
{[17, 16, 15, 13, 9]}
{[6, 3, 2, 1, 0]}
34
13 15 12
5 6 26
10 4 7
8 5 7
19 2 11
19 1 3
1 14 20
20 2 3
3 12 23
14 15 17
2 17 25
4 16 22
0 8 21
0 14 18
9 13 6
0 9 16
15 11 18
9 10 18
13 16 17
20 4 5
19 6 7
22 24 12
21 27 11
24 25 8
21 23 31
23 30 10
28 32 1
22 29 32
26 29 30
27 28 31
25 28 33
24 29 33
26 27 33
30 31 32
211
{[17, 16, 15, 13, 9]}
{[8, 7, 4, 2, 0]}
34
13 15 12
5 6 31
10 4 7
8 5 7
19 2 11
19 1 3
1 14 20
20 2 3
3 12 21
14 15 17
2 17 23
4 16 25
0 8 22
0 14 18
9 13 6
0 9 16
15 11 18
9 10 18
13 16 17
20 4 5
19 6 7
23 24 8
24 25 12
21 27 10
21 22 26
22 30 11
24 28 32
23 29 32
26 29 30
27 28 31
25 28 33
29 33 1
26 27 33
30 31 32
212
{[17, 16, 15, 13, 9]}
{[9, 7, 3, 2, 0]}
34
13 15 12
5 6 21
10 4 7
8 5 7
19 2 11
19 1 3
1 14 20
20 2 3
3 12 24
14 15 17
2 17 25
4 16 22
0 8 30
0 14 18
9 13 6
0 9 16
15 11 18
9 10 18
13 16 17
20 4 5
19 6 7
23 24 1
23 25 11
21 22 27
21 26 8
22 31 10
24 28 32
23 29 32
26 29 30
27 28 31
28 33 12
25 29 33
26 27 33
30 31 32
213
{[17, 16, 15, 13, 9]}
{[6, 3, 2, 1, 0]}
34
13 15 12
5 6 21
10 4 7
8 5 7
19 2 11
19 1 3
1 14 20
20 2 3
3 12 22
14 15 17
2 17 25
4 16 23
0 8 26
0 14 18
9 13 6
0 9 16
15 11 18
9 10 18
13 16 17
20 4 5
19 6 7
22 24 1
21 27 8
24 25 11
21 23 31
23 30 10
28 32 12
22 29 32
26 29 30
27 28 31
25 28 33
24 29 33
26 27 33
30 31 32
214
{[17, 16, 15, 13, 9]}
{[9, 7, 3, 2, 0]}
34
13 15 12
5 6 30
10 4 7
8 5 7
19 2 11
19 1 3
1 14 20
20 2 3
3 12 22
14 15 17
2 17 25
4 16 24
0 8 21
0 14 18
9 13 6
0 9 16
15 11 18
9 10 18
13 16 17
20 4 5
19 6 7
23 24 12
23 25 8
21 22 27
21 26 11
22 31 10
24 28 32
23 29 32
26 29 30
27 28 31
28 33 1
25 29 33
26 27 33
30 31 32
215
{[17, 16, 15, 13, 9]}
{[5, 4, 2, 1, 0]}
34
13 15 12
5 6 27
10 4 7
8 5 7
19 2 11
19 1 3
1 14 20
20 2 3
3 12 21
14 15 17
2 17 22
4 16 24
0 8 23
0 14 18
9 13 6
0 9 16
15 11 18
9 10 18
13 16 17
20 4 5
19 6 7
22 25 8
21 26 10
24 25 12
23 31 11
21 23 30
22 28 32
29 32 1
26 29 30
27 28 31
25 28 33
24 29 33
26 27 33
30 31 32
216
{[17, 16, 15, 13, 9]}
{[8, 7, 4, 2, 0]}
34
13 15 12
5 6 22
10 4 7
8 5 7
19 2 11
19 1 3
1 14 20
20 2 3
3 12 25
14 15 17
2 17 23
4 16 21
0 8 31
0 14 18
9 13 6
0 9 16
15 11 18
9 10 18
13 16 17
20 4 5
19 6 7
23 24 11
24 25 1
21 27 10
21 22 26
22 30 8
24 28 32
23 29 32
26 29 30
27 28 31
25 28 33
29 33 12
26 27 33
30 31 32
217
{[17, 16, 15, 13, 9]}
{[16, 13, 12, 11, 10]}
34
13 15 12
5 6 31
10 4 7
8 5 7
19 2 11
19 1 3
1 14 20
20 2 3
3 12 33
14 15 17
2 17 32
4 16 27
0 8 26
0 14 18
9 13 6
0 9 16
15 11 18
9 10 18
13 16 17
20 4 5
19 6 7
23 24 25
23 26 27
21 22 28
21 27 30
21 26 29
22 25 12
22 24 11
23 29 30
25 28 32
24 28 31
30 33 1
29 33 10
31 32 8
218
{[17, 16, 15, 13, 9]}
{[17, 16, 14, 12, 10]}
34
13 15 12
5 6 33
10 4 7
8 5 7
19 2 11
19 1 3
1 14 20
20 2 3
3 12 32
14 15 17
2 17 31
4 16 30
0 8 27
0 14 18
9 13 6
0 9 16
15 11 18
9 10 18
13 16 17
20 4 5
19 6 7
23 24 25
23 26 27
21 22 28
21 27 30
21 26 29
22 25 31
22 24 12
23 29 30
25 28 33
24 28 11
26 32 10
31 33 8
29 32 1
219
{[17, 16, 15, 13, 9]}
{[16, 13, 12, 11, 10]}
34
13 15 12
5 6 26
10 4 7
8 5 7
19 2 11
19 1 3
1 14 20
20 2 3
3 12 27
14 15 17
2 17 32
4 16 33
0 8 31
0 14 18
9 13 6
0 9 16
15 11 18
9 10 18
13 16 17
20 4 5
19 6 7
23 24 25
23 26 27
21 22 28
21 27 30
21 26 29
22 25 1
22 24 8
23 29 30
25 28 32
24 28 31
30 33 12
29 33 10
31 32 11
220
{[17, 16, 15, 13, 9]}
{[17, 16, 14, 12, 10]}
34
13 15 12
5 6 27
10 4 7
8 5 7
19 2 11
19 1 3
1 14 20
20 2 3
3 12 30
14 15 17
2 17 31
4 16 32
0 8 33
0 14 18
9 13 6
0 9 16
15 11 18
9 10 18
13 16 17
20 4 5
19 6 7
23 24 25
23 26 27
21 22 28
21 27 30
21 26 29
22 25 31
22 24 1
23 29 30
25 28 33
24 28 8
26 32 10
31 33 11
29 32 12
221
{[17, 16, 15, 13, 9]}
{[17, 16, 15, 13, 11]}
34
13 15 12
5 6 29
10 4 7
8 5 7
19 2 11
19 1 3
1 14 20
20 2 3
3 12 26
14 15 17
2 17 33
4 16 32
0 8 31
0 14 18
9 13 6
0 9 16
15 11 18
9 10 18
13 16 17
20 4 5
19 6 7
23 24 25
23 26 27
21 22 28
21 27 30
21 26 29
22 25 8
22 24 31
23 29 30
25 28 1
24 28 33
27 32 12
31 33 11
30 32 10
222
{[17, 16, 15, 13, 9]}
{[17, 16, 15, 13, 11]}
34
13 15 12
5 6 31
10 4 7
8 5 7
19 2 11
19 1 3
1 14 20
20 2 3
3 12 32
14 15 17
2 17 33
4 16 26
0 8 29
0 14 18
9 13 6
0 9 16
15 11 18
9 10 18
13 16 17
20 4 5
19 6 7
23 24 25
23 26 27
21 22 28
21 27 30
21 26 29
22 25 11
22 24 31
23 29 30
25 28 12
24 28 33
27 32 1
31 33 8
30 32 10
223
{[17, 16, 15, 13, 9]}
{[17, 15, 14, 13, 12]}
34
13 15 12
5 6 30
10 4 7
8 5 7
19 2 11
19 1 3
1 14 20
20 2 3
3 12 29
14 15 17
2 17 31
4 16 33
0 8 32
0 14 18
9 13 6
0 9 16
15 11 18
9 10 18
13 16 17
20 4 5
19 6 7
23 24 25
23 26 27
21 22 28
21 27 30
21 26 29
22 25 32
22 24 31
23 29 30
25 28 8
24 28 1
27 33 10
26 33 12
31 32 11
224
{[17, 16, 15, 13, 9]}
{[17, 15, 14, 13, 12]}
34
13 15 12
5 6 32
10 4 7
8 5 7
19 2 11
19 1 3
1 14 20
20 2 3
3 12 33
14 15 17
2 17 31
4 16 29
0 8 30
0 14 18
9 13 6
0 9 16
15 11 18
9 10 18
13 16 17
20 4 5
19 6 7
23 24 25
23 26 27
21 22 28
21 27 30
21 26 29
22 25 32
22 24 31
23 29 30
25 28 11
24 28 12
27 33 10
26 33 1
31 32 8
225
{[23, 22, 19, 18, 10]}
{[5, 4, 2, 1, 0]}
34
17 13 21
15 5 6
10 4 7
8 5 7
19 2 11
19 1 3
1 20 27
20 2 3
16 3 13
16 10 12
9 2 24
4 12 18
9 11 14
0 8 14
15 12 13
1 16 14
8 9 15
0 18 23
17 11 22
20 4 5
19 6 7
22 25 0
21 26 18
24 25 17
23 31 10
21 23 30
22 28 32
29 32 6
26 29 30
27 28 31
25 28 33
24 29 33
26 27 33
30 31 32
226
{[23, 22, 19, 18, 10]}
{[6, 3, 2, 1, 0]}
34
17 13 22
15 5 6
10 4 7
8 5 7
19 2 11
19 1 3
1 20 21
20 2 3
16 3 13
16 10 12
9 2 23
4 12 18
9 11 14
0 8 14
15 12 13
1 16 14
8 9 15
0 18 26
17 11 25
20 4 5
19 6 7
22 24 6
21 27 0
24 25 10
21 23 31
23 30 18
28 32 17
22 29 32
26 29 30
27 28 31
25 28 33
24 29 33
26 27 33
30 31 32
227
{[23, 22, 19, 18, 10]}
{[8, 7, 4, 2, 0]}
34
17 13 25
15 5 6
10 4 7
8 5 7
19 2 11
19 1 3
1 20 22
20 2 3
16 3 13
16 10 12
9 2 21
4 12 18
9 11 14
0 8 14
15 12 13
1 16 14
8 9 15
0 18 31
17 11 23
20 4 5
19 6 7
23 24 10
24 25 6
21 27 18
21 22 26
22 30 0
24 28 32
23 29 32
26 29 30
27 28 31
25 28 33
29 33 17
26 27 33
30 31 32
228
{[23, 22, 19, 18, 10]}
{[9, 7, 3, 2, 0]}
34
17 13 22
15 5 6
10 4 7
8 5 7
19 2 11
19 1 3
1 20 30
20 2 3
16 3 13
16 10 12
9 2 24
4 12 18
9 11 14
0 8 14
15 12 13
1 16 14
8 9 15
0 18 21
17 11 25
20 4 5
19 6 7
23 24 17
23 25 0
21 22 27
21 26 10
22 31 18
24 28 32
23 29 32
26 29 30
27 28 31
28 33 6
25 29 33
26 27 33
30 31 32
229
{[23, 22, 19, 18, 10]}
{[6, 3, 2, 1, 0]}
34
17 13 23
15 5 6
10 4 7
8 5 7
19 2 11
19 1 3
1 20 26
20 2 3
16 3 13
16 10 12
9 2 22
4 12 18
9 11 14
0 8 14
15 12 13
1 16 14
8 9 15
0 18 21
17 11 25
20 4 5
19 6 7
22 24 17
21 27 10
24 25 0
21 23 31
23 30 18
28 32 6
22 29 32
26 29 30
27 28 31
25 28 33
24 29 33
26 27 33
30 31 32
230
{[23, 22, 19, 18, 10]}
{[9, 7, 3, 2, 0]}
34
17 13 24
15 5 6
10 4 7
8 5 7
19 2 11
19 1 3
1 20 21
20 2 3
16 3 13
16 10 12
9 2 22
4 12 18
9 11 14
0 8 14
15 12 13
1 16 14
8 9 15
0 18 30
17 11 25
20 4 5
19 6 7
23 24 6
23 25 10
21 22 27
21 26 0
22 31 18
24 28 32
23 29 32
26 29 30
27 28 31
28 33 17
25 29 33
26 27 33
30 31 32
231
{[23, 22, 19, 18, 10]}
{[5, 4, 2, 1, 0]}
34
17 13 24
15 5 6
10 4 7
8 5 7
19 2 11
19 1 3
1 20 23
20 2 3
16 3 13
16 10 12
9 2 21
4 12 18
9 11 14
0 8 14
15 12 13
1 16 14
8 9 15
0 18 27
17 11 22
20 4 5
19 6 7
22 25 10
21 26 18
24 25 6
23 31 0
21 23 30
22 28 32
29 32 17
26 29 30
27 28 31
25 28 33
24 29 33
26 27 33
30 31 32
232
{[23, 22, 19, 18, 10]}
{[8, 7, 4, 2, 0]}
34
17 13 21
15 5 6
10 4 7
8 5 7
19 2 11
19 1 3
1 20 31
20 2 3
16 3 13
16 10 12
9 2 25
4 12 18
9 11 14
0 8 14
15 12 13
1 16 14
8 9 15
0 18 22
17 11 23
20 4 5
19 6 7
23 24 0
24 25 17
21 27 18
21 22 26
22 30 10
24 28 32
23 29 32
26 29 30
27 28 31
25 28 33
29 33 6
26 27 33
30 31 32
233
{[23, 22, 19, 18, 10]}
{[16, 13, 12, 11, 10]}
34
17 13 27
15 5 6
10 4 7
8 5 7
19 2 11
19 1 3
1 20 26
20 2 3
16 3 13
16 10 12
9 2 33
4 12 18
9 11 14
0 8 14
15 12 13
1 16 14
8 9 15
0 18 31
17 11 32
20 4 5
19 6 7
23 24 25
23 26 27
21 22 28
21 27 30
21 26 29
22 25 6
22 24 0
23 29 30
25 28 32
24 28 31
30 33 17
29 33 18
31 32 10
234
{[23, 22, 19, 18, 10]}
{[17, 16, 14, 12, 10]}
34
17 13 30
15 5 6
10 4 7
8 5 7
19 2 11
19 1 3
1 20 27
20 2 3
16 3 13
16 10 12
9 2 32
4 12 18
9 11 14
0 8 14
15 12 13
1 16 14
8 9 15
0 18 33
17 11 31
20 4 5
19 6 7
23 24 25
23 26 27
21 22 28
21 27 30
21 26 29
22 25 31
22 24 6
23 29 30
25 28 33
24 28 0
26 32 18
31 33 10
29 32 17
235
{[23, 22, 19, 18, 10]}
{[16, 13, 12, 11, 10]}
34
17 13 33
15 5 6
10 4 7
8 5 7
19 2 11
19 1 3
1 20 31
20 2 3
16 3 13
16 10 12
9 2 27
4 12 18
9 11 14
0 8 14
15 12 13
1 16 14
8 9 15
0 18 26
17 11 32
20 4 5
19 6 7
23 24 25
23 26 27
21 22 28
21 27 30
21 26 29
22 25 17
22 24 10
23 29 30
25 28 32
24 28 31
30 33 6
29 33 18
31 32 0
236
{[23, 22, 19, 18, 10]}
{[17, 16, 14, 12, 10]}
34
17 13 32
15 5 6
10 4 7
8 5 7
19 2 11
19 1 3
1 20 33
20 2 3
16 3 13
16 10 12
9 2 30
4 12 18
9 11 14
0 8 14
15 12 13
1 16 14
8 9 15
0 18 27
17 11 31
20 4 5
19 6 7
23 24 25
23 26 27
21 22 28
21 27 30
21 26 29
22 25 31
22 24 17
23 29 30
25 28 33
24 28 10
26 32 18
31 33 0
29 32 6
237
{[23, 22, 19, 18, 10]}
{[17, 16, 15, 13, 11]}
34
17 13 32
15 5 6
10 4 7
8 5 7
19 2 11
19 1 3
1 20 31
20 2 3
16 3 13
16 10 12
9 2 26
4 12 18
9 11 14
0 8 14
15 12 13
1 16 14
8 9 15
0 18 29
17 11 33
20 4 5
19 6 7
23 24 25
23 26 27
21 22 28
21 27 30
21 26 29
22 25 10
22 24 31
23 29 30
25 28 17
24 28 33
27 32 6
31 33 0
30 32 18
238
{[23, 22, 19, 18, 10]}
{[17, 16, 15, 13, 11]}
34
17 13 26
15 5 6
10 4 7
8 5 7
19 2 11
19 1 3
1 20 29
20 2 3
16 3 13
16 10 12
9 2 32
4 12 18
9 11 14
0 8 14
15 12 13
1 16 14
8 9 15
0 18 31
17 11 33
20 4 5
19 6 7
23 24 25
23 26 27
21 22 28
21 27 30
21 26 29
22 25 0
22 24 31
23 29 30
25 28 6
24 28 33
27 32 17
31 33 10
30 32 18
239
{[23, 22, 19, 18, 10]}
{[17, 15, 14, 13, 12]}
34
17 13 33
15 5 6
10 4 7
8 5 7
19 2 11
19 1 3
1 20 32
20 2 3
16 3 13
16 10 12
9 2 29
4 12 18
9 11 14
0 8 14
15 12 13
1 16 14
8 9 15
0 18 30
17 11 31
20 4 5
19 6 7
23 24 25
23 26 27
21 22 28
21 27 30
21 26 29
22 25 32
22 24 31
23 29 30
25 28 10
24 28 17
27 33 18
26 33 6
31 32 0
240
{[23, 22, 19, 18, 10]}
{[17, 15, 14, 13, 12]}
34
17 13 29
15 5 6
10 4 7
8 5 7
19 2 11
19 1 3
1 20 30
20 2 3
16 3 13
16 10 12
9 2 33
4 12 18
9 11 14
0 8 14
15 12 13
1 16 14
8 9 15
0 18 32
17 11 31
20 4 5
19 6 7
23 24 25
23 26 27
21 22 28
21 27 30
21 26 29
22 25 32
22 24 31
23 29 30
25 28 0
24 28 6
27 33 18
26 33 17
31 32 10
241
{[23, 22, 21, 20, 10]}
{[5, 4, 2, 1, 0]}
34
17 13 22
15 5 6
10 4 7
8 5 7
19 2 11
19 1 3
1 18 20
20 2 3
16 3 13
16 10 12
9 2 27
4 12 24
9 11 14
0 8 14
15 12 13
1 16 14
8 9 15
0 18 23
17 6 21
20 4 5
19 6 7
22 25 18
21 26 0
24 25 17
23 31 11
21 23 30
22 28 32
29 32 10
26 29 30
27 28 31
25 28 33
24 29 33
26 27 33
30 31 32
242
{[23, 22, 21, 20, 10]}
{[6, 3, 2, 1, 0]}
34
17 13 25
15 5 6
10 4 7
8 5 7
19 2 11
19 1 3
1 18 20
20 2 3
16 3 13
16 10 12
9 2 21
4 12 23
9 11 14
0 8 14
15 12 13
1 16 14
8 9 15
0 18 26
17 6 22
20 4 5
19 6 7
22 24 10
21 27 18
24 25 11
21 23 31
23 30 0
28 32 17
22 29 32
26 29 30
27 28 31
25 28 33
24 29 33
26 27 33
30 31 32
243
{[23, 22, 21, 20, 10]}
{[8, 7, 4, 2, 0]}
34
17 13 23
15 5 6
10 4 7
8 5 7
19 2 11
19 1 3
1 18 20
20 2 3
16 3 13
16 10 12
9 2 22
4 12 21
9 11 14
0 8 14
15 12 13
1 16 14
8 9 15
0 18 31
17 6 25
20 4 5
19 6 7
23 24 11
24 25 10
21 27 0
21 22 26
22 30 18
24 28 32
23 29 32
26 29 30
27 28 31
25 28 33
29 33 17
26 27 33
30 31 32
244
{[23, 22, 21, 20, 10]}
{[9, 7, 3, 2, 0]}
34
17 13 25
15 5 6
10 4 7
8 5 7
19 2 11
19 1 3
1 18 20
20 2 3
16 3 13
16 10 12
9 2 30
4 12 24
9 11 14
0 8 14
15 12 13
1 16 14
8 9 15
0 18 21
17 6 22
20 4 5
19 6 7
23 24 17
23 25 18
21 22 27
21 26 11
22 31 0
24 28 32
23 29 32
26 29 30
27 28 31
28 33 10
25 29 33
26 27 33
30 31 32
245
{[23, 22, 21, 20, 10]}
{[6, 3, 2, 1, 0]}
34
17 13 25
15 5 6
10 4 7
8 5 7
19 2 11
19 1 3
1 18 20
20 2 3
16 3 13
16 10 12
9 2 26
4 12 22
9 11 14
0 8 14
15 12 13
1 16 14
8 9 15
0 18 21
17 6 23
20 4 5
19 6 7
22 24 17
21 27 11
24 25 18
21 23 31
23 30 0
28 32 10
22 29 32
26 29 30
27 28 31
25 28 33
24 29 33
26 27 33
30 31 32
246
{[23, 22, 21, 20, 10]}
{[9, 7, 3, 2, 0]}
34
17 13 25
15 5 6
10 4 7
8 5 7
19 2 11
19 1 3
1 18 20
20 2 3
16 3 13
16 10 12
9 2 21
4 12 22
9 11 14
0 8 14
15 12 13
1 16 14
8 9 15
0 18 30
17 6 24
20 4 5
19 6 7
23 24 10
23 25 11
21 22 27
21 26 18
22 31 0
24 28 32
23 29 32
26 29 30
27 28 31
28 33 17
25 29 33
26 27 33
30 31 32
247
{[23, 22, 21, 20, 10]}
{[5, 4, 2, 1, 0]}
34
17 13 22
15 5 6
10 4 7
8 5 7
19 2 11
19 1 3
1 18 20
20 2 3
16 3 13
16 10 12
9 2 23
4 12 21
9 11 14
0 8 14
15 12 13
1 16 14
8 9 15
0 18 27
17 6 24
20 4 5
19 6 7
22 25 11
21 26 0
24 25 10
23 31 18
21 23 30
22 28 32
29 32 17
26 29 30
27 28 31
25 28 33
24 29 33
26 27 33
30 31 32
248
{[23, 22, 21, 20, 10]}
{[8, 7, 4, 2, 0]}
34
17 13 23
15 5 6
10 4 7
8 5 7
19 2 11
19 1 3
1 18 20
20 2 3
16 3 13
16 10 12
9 2 31
4 12 25
9 11 14
0 8 14
15 12 13
1 16 14
8 9 15
0 18 22
17 6 21
20 4 5
19 6 7
23 24 18
24 25 17
21 27 0
21 22 26
22 30 11
24 28 32
23 29 32
26 29 30
27 28 31
25 28 33
29 33 10
26 27 33
30 31 32
249
{[23, 22, 21, 20, 10]}
{[16, 13, 12, 11, 10]}
34
17 13 32
15 5 6
10 4 7
8 5 7
19 2 11
19 1 3
1 18 20
20 2 3
16 3 13
16 10 12
9 2 26
4 12 33
9 11 14
0 8 14
15 12 13
1 16 14
8 9 15
0 18 31
17 6 27
20 4 5
19 6 7
23 24 25
23 26 27
21 22 28
21 27 30
21 26 29
22 25 10
22 24 18
23 29 30
25 28 32
24 28 31
30 33 17
29 33 0
31 32 11
250
{[23, 22, 21, 20, 10]}
{[17, 16, 14, 12, 10]}
34
17 13 31
15 5 6
10 4 7
8 5 7
19 2 11
19 1 3
1 18 20
20 2 3
16 3 13
16 10 12
9 2 27
4 12 32
9 11 14
0 8 14
15 12 13
1 16 14
8 9 15
0 18 33
17 6 30
20 4 5
19 6 7
23 24 25
23 26 27
21 22 28
21 27 30
21 26 29
22 25 31
22 24 10
23 29 30
25 28 33
24 28 18
26 32 0
31 33 11
29 32 17
251
{[23, 22, 21, 20, 10]}
{[16, 13, 12, 11, 10]}
34
17 13 32
15 5 6
10 4 7
8 5 7
19 2 11
19 1 3
1 18 20
20 2 3
16 3 13
16 10 12
9 2 31
4 12 27
9 11 14
0 8 14
15 12 13
1 16 14
8 9 15
0 18 26
17 6 33
20 4 5
19 6 7
23 24 25
23 26 27
21 22 28
21 27 30
21 26 29
22 25 17
22 24 11
23 29 30
25 28 32
24 28 31
30 33 10
29 33 0
31 32 18
252
{[23, 22, 21, 20, 10]}
{[17, 16, 14, 12, 10]}
34
17 13 31
15 5 6
10 4 7
8 5 7
19 2 11
19 1 3
1 18 20
20 2 3
16 3 13
16 10 12
9 2 33
4 12 30
9 11 14
0 8 14
15 12 13
1 16 14
8 9 15
0 18 27
17 6 32
20 4 5
19 6 7
23 24 25
23 26 27
21 22 28
21 27 30
21 26 29
22 25 31
22 24 17
23 29 30
25 28 33
24 28 11
26 32 0
31 33 18
29 32 10
253
{[23, 22, 21, 20, 10]}
{[17, 16, 15, 13, 11]}
34
17 13 33
15 5 6
10 4 7
8 5 7
19 2 11
19 1 3
1 18 20
20 2 3
16 3 13
16 10 12
9 2 31
4 12 26
9 11 14
0 8 14
15 12 13
1 16 14
8 9 15
0 18 29
17 6 32
20 4 5
19 6 7
23 24 25
23 26 27
21 22 28
21 27 30
21 26 29
22 25 11
22 24 31
23 29 30
25 28 17
24 28 33
27 32 10
31 33 18
30 32 0
254
{[23, 22, 21, 20, 10]}
{[17, 16, 15, 13, 11]}
34
17 13 33
15 5 6
10 4 7
8 5 7
19 2 11
19 1 3
1 18 20
20 2 3
16 3 13
16 10 12
9 2 29
4 12 32
9 11 14
0 8 14
15 12 13
1 16 14
8 9 15
0 18 31
17 6 26
20 4 5
19 6 7
23 24 25
23 26 27
21 22 28
21 27 30
21 26 29
22 25 18
22 24 31
23 29 30
25 28 10
24 28 33
27 32 17
31 33 11
30 32 0
255
{[23, 22, 21, 20, 10]}
{[17, 15, 14, 13, 12]}
34
17 13 31
15 5 6
10 4 7
8 5 7
19 2 11
19 1 3
1 18 20
20 2 3
16 3 13
16 10 12
9 2 32
4 12 29
9 11 14
0 8 14
15 12 13
1 16 14
8 9 15
0 18 30
17 6 33
20 4 5
19 6 7
23 24 25
23 26 27
21 22 28
21 27 30
21 26 29
22 25 32
22 24 31
23 29 30
25 28 11
24 28 17
27 33 0
26 33 10
31 32 18
256
{[23, 22, 21, 20, 10]}
{[17, 15, 14, 13, 12]}
34
17 13 31
15 5 6
10 4 7
8 5 7
19 2 11
19 1 3
1 18 20
20 2 3
16 3 13
16 10 12
9 2 30
4 12 33
9 11 14
0 8 14
15 12 13
1 16 14
8 9 15
0 18 32
17 6 29
20 4 5
19 6 7
23 24 25
23 26 27
21 22 28
21 27 30
21 26 29
22 25 32
22 24 31
23 29 30
25 28 18
24 28 10
27 33 0
26 33 17
31 32 11
257
{[23, 22, 19, 18, 10]}
{[5, 4, 2, 1, 0]}
34
17 13 24
15 5 6
10 4 7
8 5 7
19 2 11
19 1 3
1 20 23
20 2 3
16 3 13
16 10 12
9 2 21
4 12 18
9 11 14
0 8 14
15 12 13
1 16 14
8 9 15
0 18 27
17 11 22
20 4 5
19 6 7
22 25 10
21 26 18
24 25 6
23 31 0
21 23 30
22 28 32
29 32 17
26 29 30
27 28 31
25 28 33
24 29 33
26 27 33
30 31 32
258
{[23, 22, 19, 18, 10]}
{[6, 3, 2, 1, 0]}
34
17 13 23
15 5 6
10 4 7
8 5 7
19 2 11
19 1 3
1 20 26
20 2 3
16 3 13
16 10 12
9 2 22
4 12 18
9 11 14
0 8 14
15 12 13
1 16 14
8 9 15
0 18 21
17 11 25
20 4 5
19 6 7
22 24 17
21 27 10
24 25 0
21 23 31
23 30 18
28 32 6
22 29 32
26 29 30
27 28 31
25 28 33
24 29 33
26 27 33
30 31 32
259
{[23, 22, 19, 18, 10]}
{[8, 7, 4, 2, 0]}
34
17 13 21
15 5 6
10 4 7
8 5 7
19 2 11
19 1 3
1 20 31
20 2 3
16 3 13
16 10 12
9 2 25
4 12 18
9 11 14
0 8 14
15 12 13
1 16 14
8 9 15
0 18 22
17 11 23
20 4 5
19 6 7
23 24 0
24 25 17
21 27 18
21 22 26
22 30 10
24 28 32
23 29 32
26 29 30
27 28 31
25 28 33
29 33 6
26 27 33
30 31 32
260
{[23, 22, 19, 18, 10]}
{[9, 7, 3, 2, 0]}
34
17 13 24
15 5 6
10 4 7
8 5 7
19 2 11
19 1 3
1 20 21
20 2 3
16 3 13
16 10 12
9 2 22
4 12 18
9 11 14
0 8 14
15 12 13
1 16 14
8 9 15
0 18 30
17 11 25
20 4 5
19 6 7
23 24 6
23 25 10
21 22 27
21 26 0
22 31 18
24 28 32
23 29 32
26 29 30
27 28 31
28 33 17
25 29 33
26 27 33
30 31 32
261
{[23, 22, 19, 18, 10]}
{[6, 3, 2, 1, 0]}
34
17 13 22
15 5 6
10 4 7
8 5 7
19 2 11
19 1 3
1 20 21
20 2 3
16 3 13
16 10 12
9 2 23
4 12 18
9 11 14
0 8 14
15 12 13
1 16 14
8 9 15
0 18 26
17 11 25
20 4 5
19 6 7
22 24 6
21 27 0
24 25 10
21 23 31
23 30 18
28 32 17
22 29 32
26 29 30
27 28 31
25 28 33
24 29 33
26 27 33
30 31 32
262
{[23, 22, 19, 18, 10]}
{[9, 7, 3, 2, 0]}
34
17 13 22
15 5 6
10 4 7
8 5 7
19 2 11
19 1 3
1 20 30
20 2 3
16 3 13
16 10 12
9 2 24
4 12 18
9 11 14
0 8 14
15 12 13
1 16 14
8 9 15
0 18 21
17 11 25
20 4 5
19 6 7
23 24 17
23 25 0
21 22 27
21 26 10
22 31 18
24 28 32
23 29 32
26 29 30
27 28 31
28 33 6
25 29 33
26 27 33
30 31 32
263
{[23, 22, 19, 18, 10]}
{[5, 4, 2, 1, 0]}
34
17 13 21
15 5 6
10 4 7
8 5 7
19 2 11
19 1 3
1 20 27
20 2 3
16 3 13
16 10 12
9 2 24
4 12 18
9 11 14
0 8 14
15 12 13
1 16 14
8 9 15
0 18 23
17 11 22
20 4 5
19 6 7
22 25 0
21 26 18
24 25 17
23 31 10
21 23 30
22 28 32
29 32 6
26 29 30
27 28 31
25 28 33
24 29 33
26 27 33
30 31 32
264
{[23, 22, 19, 18, 10]}
{[8, 7, 4, 2, 0]}
34
17 13 25
15 5 6
10 4 7
8 5 7
19 2 11
19 1 3
1 20 22
20 2 3
16 3 13
16 10 12
9 2 21
4 12 18
9 11 14
0 8 14
15 12 13
1 16 14
8 9 15
0 18 31
17 11 23
20 4 5
19 6 7
23 24 10
24 25 6
21 27 18
21 22 26
22 30 0
24 28 32
23 29 32
26 29 30
27 28 31
25 28 33
29 33 17
26 27 33
30 31 32
265
{[23, 22, 19, 18, 10]}
{[16, 13, 12, 11, 10]}
34
17 13 33
15 5 6
10 4 7
8 5 7
19 2 11
19 1 3
1 20 31
20 2 3
16 3 13
16 10 12
9 2 27
4 12 18
9 11 14
0 8 14
15 12 13
1 16 14
8 9 15
0 18 26
17 11 32
20 4 5
19 6 7
23 24 25
23 26 27
21 22 28
21 27 30
21 26 29
22 25 17
22 24 10
23 29 30
25 28 32
24 28 31
30 33 6
29 33 18
31 32 0
266
{[23, 22, 19, 18, 10]}
{[17, 16, 14, 12, 10]}
34
17 13 32
15 5 6
10 4 7
8 5 7
19 2 11
19 1 3
1 20 33
20 2 3
16 3 13
16 10 12
9 2 30
4 12 18
9 11 14
0 8 14
15 12 13
1 16 14
8 9 15
0 18 27
17 11 31
20 4 5
19 6 7
23 24 25
23 26 27
21 22 28
21 27 30
21 26 29
22 25 31
22 24 17
23 29 30
25 28 33
24 28 10
26 32 18
31 33 0
29 32 6
267
{[23, 22, 19, 18, 10]}
{[16, 13, 12, 11, 10]}
34
17 13 27
15 5 6
10 4 7
8 5 7
19 2 11
19 1 3
1 20 26
20 2 3
16 3 13
16 10 12
9 2 33
4 12 18
9 11 14
0 8 14
15 12 13
1 16 14
8 9 15
0 18 31
17 11 32
20 4 5
19 6 7
23 24 25
23 26 27
21 22 28
21 27 30
21 26 29
22 25 6
22 24 0
23 29 30
25 28 32
24 28 31
30 33 17
29 33 18
31 32 10
268
{[23, 22, 19, 18, 10]}
{[17, 16, 14, 12, 10]}
34
17 13 30
15 5 6
10 4 7
8 5 7
19 2 11
19 1 3
1 20 27
20 2 3
16 3 13
16 10 12
9 2 32
4 12 18
9 11 14
0 8 14
15 12 13
1 16 14
8 9 15
0 18 33
17 11 31
20 4 5
19 6 7
23 24 25
23 26 27
21 22 28
21 27 30
21 26 29
22 25 31
22 24 6
23 29 30
25 28 33
24 28 0
26 32 18
31 33 10
29 32 17
269
{[23, 22, 19, 18, 10]}
{[17, 16, 15, 13, 11]}
34
17 13 26
15 5 6
10 4 7
8 5 7
19 2 11
19 1 3
1 20 29
20 2 3
16 3 13
16 10 12
9 2 32
4 12 18
9 11 14
0 8 14
15 12 13
1 16 14
8 9 15
0 18 31
17 11 33
20 4 5
19 6 7
23 24 25
23 26 27
21 22 28
21 27 30
21 26 29
22 25 0
22 24 31
23 29 30
25 28 6
24 28 33
27 32 17
31 33 10
30 32 18
270
{[23, 22, 19, 18, 10]}
{[17, 16, 15, 13, 11]}
34
17 13 32
15 5 6
10 4 7
8 5 7
19 2 11
19 1 3
1 20 31
20 2 3
16 3 13
16 10 12
9 2 26
4 12 18
9 11 14
0 8 14
15 12 13
1 16 14
8 9 15
0 18 29
17 11 33
20 4 5
19 6 7
23 24 25
23 26 27
21 22 28
21 27 30
21 26 29
22 25 10
22 24 31
23 29 30
25 28 17
24 28 33
27 32 6
31 33 0
30 32 18
271
{[23, 22, 19, 18, 10]}
{[17, 15, 14, 13, 12]}
34
17 13 29
15 5 6
10 4 7
8 5 7
19 2 11
19 1 3
1 20 30
20 2 3
16 3 13
16 10 12
9 2 33
4 12 18
9 11 14
0 8 14
15 12 13
1 16 14
8 9 15
0 18 32
17 11 31
20 4 5
19 6 7
23 24 25
23 26 27
21 22 28
21 27 30
21 26 29
22 25 32
22 24 31
23 29 30
25 28 0
24 28 6
27 33 18
26 33 17
31 32 10
272
{[23, 22, 19, 18, 10]}
{[17, 15, 14, 13, 12]}
34
17 13 33
15 5 6
10 4 7
8 5 7
19 2 11
19 1 3
1 20 32
20 2 3
16 3 13
16 10 12
9 2 29
4 12 18
9 11 14
0 8 14
15 12 13
1 16 14
8 9 15
0 18 30
17 11 31
20 4 5
19 6 7
23 24 25
23 26 27
21 22 28
21 27 30
21 26 29
22 25 32
22 24 31
23 29 30
25 28 10
24 28 17
27 33 18
26 33 6
31 32 0
273
{[23, 22, 21, 20, 10]}
{[5, 4, 2, 1, 0]}
34
17 13 22
15 5 6
10 4 7
8 5 7
19 2 11
19 1 3
1 18 20
20 2 3
16 3 13
16 10 12
9 2 23
4 12 21
9 11 14
0 8 14
15 12 13
1 16 14
8 9 15
0 18 27
17 6 24
20 4 5
19 6 7
22 25 11
21 26 0
24 25 10
23 31 18
21 23 30
22 28 32
29 32 17
26 29 30
27 28 31
25 28 33
24 29 33
26 27 33
30 31 32
274
{[23, 22, 21, 20, 10]}
{[6, 3, 2, 1, 0]}
34
17 13 25
15 5 6
10 4 7
8 5 7
19 2 11
19 1 3
1 18 20
20 2 3
16 3 13
16 10 12
9 2 26
4 12 22
9 11 14
0 8 14
15 12 13
1 16 14
8 9 15
0 18 21
17 6 23
20 4 5
19 6 7
22 24 17
21 27 11
24 25 18
21 23 31
23 30 0
28 32 10
22 29 32
26 29 30
27 28 31
25 28 33
24 29 33
26 27 33
30 31 32
275
{[23, 22, 21, 20, 10]}
{[8, 7, 4, 2, 0]}
34
17 13 23
15 5 6
10 4 7
8 5 7
19 2 11
19 1 3
1 18 20
20 2 3
16 3 13
16 10 12
9 2 31
4 12 25
9 11 14
0 8 14
15 12 13
1 16 14
8 9 15
0 18 22
17 6 21
20 4 5
19 6 7
23 24 18
24 25 17
21 27 0
21 22 26
22 30 11
24 28 32
23 29 32
26 29 30
27 28 31
25 28 33
29 33 10
26 27 33
30 31 32
276
{[23, 22, 21, 20, 10]}
{[9, 7, 3, 2, 0]}
34
17 13 25
15 5 6
10 4 7
8 5 7
19 2 11
19 1 3
1 18 20
20 2 3
16 3 13
16 10 12
9 2 21
4 12 22
9 11 14
0 8 14
15 12 13
1 16 14
8 9 15
0 18 30
17 6 24
20 4 5
19 6 7
23 24 10
23 25 11
21 22 27
21 26 18
22 31 0
24 28 32
23 29 32
26 29 30
27 28 31
28 33 17
25 29 33
26 27 33
30 31 32
277
{[23, 22, 21, 20, 10]}
{[6, 3, 2, 1, 0]}
34
17 13 25
15 5 6
10 4 7
8 5 7
19 2 11
19 1 3
1 18 20
20 2 3
16 3 13
16 10 12
9 2 21
4 12 23
9 11 14
0 8 14
15 12 13
1 16 14
8 9 15
0 18 26
17 6 22
20 4 5
19 6 7
22 24 10
21 27 18
24 25 11
21 23 31
23 30 0
28 32 17
22 29 32
26 29 30
27 28 31
25 28 33
24 29 33
26 27 33
30 31 32
278
{[23, 22, 21, 20, 10]}
{[9, 7, 3, 2, 0]}
34
17 13 25
15 5 6
10 4 7
8 5 7
19 2 11
19 1 3
1 18 20
20 2 3
16 3 13
16 10 12
9 2 30
4 12 24
9 11 14
0 8 14
15 12 13
1 16 14
8 9 15
0 18 21
17 6 22
20 4 5
19 6 7
23 24 17
23 25 18
21 22 27
21 26 11
22 31 0
24 28 32
23 29 32
26 29 30
27 28 31
28 33 10
25 29 33
26 27 33
30 31 32
279
{[23, 22, 21, 20, 10]}
{[5, 4, 2, 1, 0]}
34
17 13 22
15 5 6
10 4 7
8 5 7
19 2 11
19 1 3
1 18 20
20 2 3
16 3 13
16 10 12
9 2 27
4 12 24
9 11 14
0 8 14
15 12 13
1 16 14
8 9 15
0 18 23
17 6 21
20 4 5
19 6 7
22 25 18
21 26 0
24 25 17
23 31 11
21 23 30
22 28 32
29 32 10
26 29 30
27 28 31
25 28 33
24 29 33
26 27 33
30 31 32
280
{[23, 22, 21, 20, 10]}
{[8, 7, 4, 2, 0]}
34
17 13 23
15 5 6
10 4 7
8 5 7
19 2 11
19 1 3
1 18 20
20 2 3
16 3 13
16 10 12
9 2 22
4 12 21
9 11 14
0 8 14
15 12 13
1 16 14
8 9 15
0 18 31
17 6 25
20 4 5
19 6 7
23 24 11
24 25 10
21 27 0
21 22 26
22 30 18
24 28 32
23 29 32
26 29 30
27 28 31
25 28 33
29 33 17
26 27 33
30 31 32
281
{[23, 22, 21, 20, 10]}
{[16, 13, 12, 11, 10]}
34
17 13 32
15 5 6
10 4 7
8 5 7
19 2 11
19 1 3
1 18 20
20 2 3
16 3 13
16 10 12
9 2 31
4 12 27
9 11 14
0 8 14
15 12 13
1 16 14
8 9 15
0 18 26
17 6 33
20 4 5
19 6 7
23 24 25
23 26 27
21 22 28
21 27 30
21 26 29
22 25 17
22 24 11
23 29 30
25 28 32
24 28 31
30 33 10
29 33 0
31 32 18
282
{[23, 22, 21, 20, 10]}
{[17, 16, 14, 12, 10]}
34
17 13 31
15 5 6
10 4 7
8 5 7
19 2 11
19 1 3
1 18 20
20 2 3
16 3 13
16 10 12
9 2 33
4 12 30
9 11 14
0 8 14
15 12 13
1 16 14
8 9 15
0 18 27
17 6 32
20 4 5
19 6 7
23 24 25
23 26 27
21 22 28
21 27 30
21 26 29
22 25 31
22 24 17
23 29 30
25 28 33
24 28 11
26 32 0
31 33 18
29 32 10
283
{[23, 22, 21, 20, 10]}
{[16, 13, 12, 11, 10]}
34
17 13 32
15 5 6
10 4 7
8 5 7
19 2 11
19 1 3
1 18 20
20 2 3
16 3 13
16 10 12
9 2 26
4 12 33
9 11 14
0 8 14
15 12 13
1 16 14
8 9 15
0 18 31
17 6 27
20 4 5
19 6 7
23 24 25
23 26 27
21 22 28
21 27 30
21 26 29
22 25 10
22 24 18
23 29 30
25 28 32
24 28 31
30 33 17
29 33 0
31 32 11
284
{[23, 22, 21, 20, 10]}
{[17, 16, 14, 12, 10]}
34
17 13 31
15 5 6
10 4 7
8 5 7
19 2 11
19 1 3
1 18 20
20 2 3
16 3 13
16 10 12
9 2 27
4 12 32
9 11 14
0 8 14
15 12 13
1 16 14
8 9 15
0 18 33
17 6 30
20 4 5
19 6 7
23 24 25
23 26 27
21 22 28
21 27 30
21 26 29
22 25 31
22 24 10
23 29 30
25 28 33
24 28 18
26 32 0
31 33 11
29 32 17
285
{[23, 22, 21, 20, 10]}
{[17, 16, 15, 13, 11]}
34
17 13 33
15 5 6
10 4 7
8 5 7
19 2 11
19 1 3
1 18 20
20 2 3
16 3 13
16 10 12
9 2 29
4 12 32
9 11 14
0 8 14
15 12 13
1 16 14
8 9 15
0 18 31
17 6 26
20 4 5
19 6 7
23 24 25
23 26 27
21 22 28
21 27 30
21 26 29
22 25 18
22 24 31
23 29 30
25 28 10
24 28 33
27 32 17
31 33 11
30 32 0
286
{[23, 22, 21, 20, 10]}
{[17, 16, 15, 13, 11]}
34
17 13 33
15 5 6
10 4 7
8 5 7
19 2 11
19 1 3
1 18 20
20 2 3
16 3 13
16 10 12
9 2 31
4 12 26
9 11 14
0 8 14
15 12 13
1 16 14
8 9 15
0 18 29
17 6 32
20 4 5
19 6 7
23 24 25
23 26 27
21 22 28
21 27 30
21 26 29
22 25 11
22 24 31
23 29 30
25 28 17
24 28 33
27 32 10
31 33 18
30 32 0
287
{[23, 22, 21, 20, 10]}
{[17, 15, 14, 13, 12]}
34
17 13 31
15 5 6
10 4 7
8 5 7
19 2 11
19 1 3
1 18 20
20 2 3
16 3 13
16 10 12
9 2 30
4 12 33
9 11 14
0 8 14
15 12 13
1 16 14
8 9 15
0 18 32
17 6 29
20 4 5
19 6 7
23 24 25
23 26 27
21 22 28
21 27 30
21 26 29
22 25 32
22 24 31
23 29 30
25 28 18
24 28 10
27 33 0
26 33 17
31 32 11
288
{[23, 22, 21, 20, 10]}
{[17, 15, 14, 13, 12]}
34
17 13 31
15 5 6
10 4 7
8 5 7
19 2 11
19 1 3
1 18 20
20 2 3
16 3 13
16 10 12
9 2 32
4 12 29
9 11 14
0 8 14
15 12 13
1 16 14
8 9 15
0 18 30
17 6 33
20 4 5
19 6 7
23 24 25
23 26 27
21 22 28
21 27 30
21 26 29
22 25 32
22 24 31
23 29 30
25 28 11
24 28 17
27 33 0
26 33 10
31 32 18
