256
1
{[23, 22, 20, 4, 0]}
{[5, 4, 2, 1, 0]}
34
14 16 9
7 18 5
13 11 5
15 16 27
6 19 9
19 1 2
7 4 22
6 1 12
20 9 24
0 8 4
11 18 23
20 2 10
14 7 17
17 15 2
0 12 15
14 3 13
0 17 3
16 12 13
1 10 21
20 4 5
19 8 11
22 25 18
21 26 6
24 25 10
23 31 8
21 23 30
22 28 32
29 32 3
26 29 30
27 28 31
25 28 33
24 29 33
26 27 33
30 31 32
2
{[23, 22, 20, 4, 0]}
{[6, 3, 2, 1, 0]}
34
14 16 9
7 18 5
13 11 5
15 16 21
6 19 9
19 1 2
7 4 25
6 1 12
20 9 23
0 8 4
11 18 26
20 2 10
14 7 17
17 15 2
0 12 15
14 3 13
0 17 3
16 12 13
1 10 22
20 4 5
19 8 11
22 24 3
21 27 18
24 25 8
21 23 31
23 30 6
28 32 10
22 29 32
26 29 30
27 28 31
25 28 33
24 29 33
26 27 33
30 31 32
3
{[23, 22, 20, 4, 0]}
{[8, 7, 4, 2, 0]}
34
14 16 9
7 18 5
13 11 5
15 16 22
6 19 9
19 1 2
7 4 23
6 1 12
20 9 21
0 8 4
11 18 31
20 2 10
14 7 17
17 15 2
0 12 15
14 3 13
0 17 3
16 12 13
1 10 25
20 4 5
19 8 11
23 24 8
24 25 3
21 27 6
21 22 26
22 30 18
24 28 32
23 29 32
26 29 30
27 28 31
25 28 33
29 33 10
26 27 33
30 31 32
4
{[23, 22, 20, 4, 0]}
{[9, 7, 3, 2, 0]}
34
14 16 9
7 18 5
13 11 5
15 16 30
6 19 9
19 1 2
7 4 25
6 1 12
20 9 24
0 8 4
11 18 21
20 2 10
14 7 17
17 15 2
0 12 15
14 3 13
0 17 3
16 12 13
1 10 22
20 4 5
19 8 11
23 24 10
23 25 18
21 22 27
21 26 8
22 31 6
24 28 32
23 29 32
26 29 30
27 28 31
28 33 3
25 29 33
26 27 33
30 31 32
5
{[23, 22, 20, 4, 0]}
{[6, 3, 2, 1, 0]}
34
14 16 9
7 18 5
13 11 5
15 16 26
6 19 9
19 1 2
7 4 25
6 1 12
20 9 22
0 8 4
11 18 21
20 2 10
14 7 17
17 15 2
0 12 15
14 3 13
0 17 3
16 12 13
1 10 23
20 4 5
19 8 11
22 24 10
21 27 8
24 25 18
21 23 31
23 30 6
28 32 3
22 29 32
26 29 30
27 28 31
25 28 33
24 29 33
26 27 33
30 31 32
6
{[23, 22, 20, 4, 0]}
{[9, 7, 3, 2, 0]}
34
14 16 9
7 18 5
13 11 5
15 16 21
6 19 9
19 1 2
7 4 25
6 1 12
20 9 22
0 8 4
11 18 30
20 2 10
14 7 17
17 15 2
0 12 15
14 3 13
0 17 3
16 12 13
1 10 24
20 4 5
19 8 11
23 24 3
23 25 8
21 22 27
21 26 18
22 31 6
24 28 32
23 29 32
26 29 30
27 28 31
28 33 10
25 29 33
26 27 33
30 31 32
7
{[23, 22, 20, 4, 0]}
{[5, 4, 2, 1, 0]}
34
14 16 9
7 18 5
13 11 5
15 16 23
6 19 9
19 1 2
7 4 22
6 1 12
20 9 21
0 8 4
11 18 27
20 2 10
14 7 17
17 15 2
0 12 15
14 3 13
0 17 3
16 12 13
1 10 24
20 4 5
19 8 11
22 25 8
21 26 6
24 25 3
23 31 18
21 23 30
22 28 32
29 32 10
26 29 30
27 28 31
25 28 33
24 29 33
26 27 33
30 31 32
8
{[23, 22, 20, 4, 0]}
{[8, 7, 4, 2, 0]}
34
14 16 9
7 18 5
13 11 5
15 16 31
6 19 9
19 1 2
7 4 23
6 1 12
20 9 25
0 8 4
11 18 22
20 2 10
14 7 17
17 15 2
0 12 15
14 3 13
0 17 3
16 12 13
1 10 21
20 4 5
19 8 11
23 24 18
24 25 10
21 27 6
21 22 26
22 30 8
24 28 32
23 29 32
26 29 30
27 28 31
25 28 33
29 33 3
26 27 33
30 31 32
9
{[23, 22, 20, 4, 0]}
{[16, 13, 12, 11, 10]}
34
14 16 9
7 18 5
13 11 5
15 16 26
6 19 9
19 1 2
7 4 32
6 1 12
20 9 33
0 8 4
11 18 31
20 2 10
14 7 17
17 15 2
0 12 15
14 3 13
0 17 3
16 12 13
1 10 27
20 4 5
19 8 11
23 24 25
23 26 27
21 22 28
21 27 30
21 26 29
22 25 3
22 24 18
23 29 30
25 28 32
24 28 31
30 33 10
29 33 6
31 32 8
10
{[23, 22, 20, 4, 0]}
{[17, 16, 14, 12, 10]}
34
14 16 9
7 18 5
13 11 5
15 16 27
6 19 9
19 1 2
7 4 31
6 1 12
20 9 32
0 8 4
11 18 33
20 2 10
14 7 17
17 15 2
0 12 15
14 3 13
0 17 3
16 12 13
1 10 30
20 4 5
19 8 11
23 24 25
23 26 27
21 22 28
21 27 30
21 26 29
22 25 31
22 24 3
23 29 30
25 28 33
24 28 18
26 32 6
31 33 8
29 32 10
11
{[23, 22, 20, 4, 0]}
{[16, 13, 12, 11, 10]}
34
14 16 9
7 18 5
13 11 5
15 16 31
6 19 9
19 1 2
7 4 32
6 1 12
20 9 27
0 8 4
11 18 26
20 2 10
14 7 17
17 15 2
0 12 15
14 3 13
0 17 3
16 12 13
1 10 33
20 4 5
19 8 11
23 24 25
23 26 27
21 22 28
21 27 30
21 26 29
22 25 10
22 24 8
23 29 30
25 28 32
24 28 31
30 33 3
29 33 6
31 32 18
12
{[23, 22, 20, 4, 0]}
{[17, 16, 14, 12, 10]}
34
14 16 9
7 18 5
13 11 5
15 16 33
6 19 9
19 1 2
7 4 31
6 1 12
20 9 30
0 8 4
11 18 27
20 2 10
14 7 17
17 15 2
0 12 15
14 3 13
0 17 3
16 12 13
1 10 32
20 4 5
19 8 11
23 24 25
23 26 27
21 22 28
21 27 30
21 26 29
22 25 31
22 24 10
23 29 30
25 28 33
24 28 8
26 32 6
31 33 18
29 32 3
13
{[23, 22, 20, 4, 0]}
{[17, 16, 15, 13, 11]}
34
14 16 9
7 18 5
13 11 5
15 16 31
6 19 9
19 1 2
7 4 33
6 1 12
20 9 26
0 8 4
11 18 29
20 2 10
14 7 17
17 15 2
0 12 15
14 3 13
0 17 3
16 12 13
1 10 32
20 4 5
19 8 11
23 24 25
23 26 27
21 22 28
21 27 30
21 26 29
22 25 8
22 24 31
23 29 30
25 28 10
24 28 33
27 32 3
31 33 18
30 32 6
14
{[23, 22, 20, 4, 0]}
{[17, 16, 15, 13, 11]}
34
14 16 9
7 18 5
13 11 5
15 16 29
6 19 9
19 1 2
7 4 33
6 1 12
20 9 32
0 8 4
11 18 31
20 2 10
14 7 17
17 15 2
0 12 15
14 3 13
0 17 3
16 12 13
1 10 26
20 4 5
19 8 11
23 24 25
23 26 27
21 22 28
21 27 30
21 26 29
22 25 18
22 24 31
23 29 30
25 28 3
24 28 33
27 32 10
31 33 8
30 32 6
15
{[23, 22, 20, 4, 0]}
{[17, 15, 14, 13, 12]}
34
14 16 9
7 18 5
13 11 5
15 16 32
6 19 9
19 1 2
7 4 31
6 1 12
20 9 29
0 8 4
11 18 30
20 2 10
14 7 17
17 15 2
0 12 15
14 3 13
0 17 3
16 12 13
1 10 33
20 4 5
19 8 11
23 24 25
23 26 27
21 22 28
21 27 30
21 26 29
22 25 32
22 24 31
23 29 30
25 28 8
24 28 10
27 33 6
26 33 3
31 32 18
16
{[23, 22, 20, 4, 0]}
{[17, 15, 14, 13, 12]}
34
14 16 9
7 18 5
13 11 5
15 16 30
6 19 9
19 1 2
7 4 31
6 1 12
20 9 33
0 8 4
11 18 32
20 2 10
14 7 17
17 15 2
0 12 15
14 3 13
0 17 3
16 12 13
1 10 29
20 4 5
19 8 11
23 24 25
23 26 27
21 22 28
21 27 30
21 26 29
22 25 32
22 24 31
23 29 30
25 28 18
24 28 3
27 33 6
26 33 10
31 32 8
17
{[23, 22, 20, 4, 0]}
{[5, 4, 2, 1, 0]}
34
14 16 9
7 18 5
13 11 5
15 16 23
6 19 9
19 1 2
7 4 22
6 1 12
20 9 21
0 8 4
11 18 27
20 2 10
14 7 17
17 15 2
0 12 15
14 3 13
0 17 3
16 12 13
1 10 24
20 4 5
19 8 11
22 25 8
21 26 6
24 25 3
23 31 18
21 23 30
22 28 32
29 32 10
26 29 30
27 28 31
25 28 33
24 29 33
26 27 33
30 31 32
18
{[23, 22, 20, 4, 0]}
{[6, 3, 2, 1, 0]}
34
14 16 9
7 18 5
13 11 5
15 16 26
6 19 9
19 1 2
7 4 25
6 1 12
20 9 22
0 8 4
11 18 21
20 2 10
14 7 17
17 15 2
0 12 15
14 3 13
0 17 3
16 12 13
1 10 23
20 4 5
19 8 11
22 24 10
21 27 8
24 25 18
21 23 31
23 30 6
28 32 3
22 29 32
26 29 30
27 28 31
25 28 33
24 29 33
26 27 33
30 31 32
19
{[23, 22, 20, 4, 0]}
{[8, 7, 4, 2, 0]}
34
14 16 9
7 18 5
13 11 5
15 16 31
6 19 9
19 1 2
7 4 23
6 1 12
20 9 25
0 8 4
11 18 22
20 2 10
14 7 17
17 15 2
0 12 15
14 3 13
0 17 3
16 12 13
1 10 21
20 4 5
19 8 11
23 24 18
24 25 10
21 27 6
21 22 26
22 30 8
24 28 32
23 29 32
26 29 30
27 28 31
25 28 33
29 33 3
26 27 33
30 31 32
20
{[23, 22, 20, 4, 0]}
{[9, 7, 3, 2, 0]}
34
14 16 9
7 18 5
13 11 5
15 16 21
6 19 9
19 1 2
7 4 25
6 1 12
20 9 22
0 8 4
11 18 30
20 2 10
14 7 17
17 15 2
0 12 15
14 3 13
0 17 3
16 12 13
1 10 24
20 4 5
19 8 11
23 24 3
23 25 8
21 22 27
21 26 18
22 31 6
24 28 32
23 29 32
26 29 30
27 28 31
28 33 10
25 29 33
26 27 33
30 31 32
21
{[23, 22, 20, 4, 0]}
{[6, 3, 2, 1, 0]}
34
14 16 9
7 18 5
13 11 5
15 16 21
6 19 9
19 1 2
7 4 25
6 1 12
20 9 23
0 8 4
11 18 26
20 2 10
14 7 17
17 15 2
0 12 15
14 3 13
0 17 3
16 12 13
1 10 22
20 4 5
19 8 11
22 24 3
21 27 18
24 25 8
21 23 31
23 30 6
28 32 10
22 29 32
26 29 30
27 28 31
25 28 33
24 29 33
26 27 33
30 31 32
22
{[23, 22, 20, 4, 0]}
{[9, 7, 3, 2, 0]}
34
14 16 9
7 18 5
13 11 5
15 16 30
6 19 9
19 1 2
7 4 25
6 1 12
20 9 24
0 8 4
11 18 21
20 2 10
14 7 17
17 15 2
0 12 15
14 3 13
0 17 3
16 12 13
1 10 22
20 4 5
19 8 11
23 24 10
23 25 18
21 22 27
21 26 8
22 31 6
24 28 32
23 29 32
26 29 30
27 28 31
28 33 3
25 29 33
26 27 33
30 31 32
23
{[23, 22, 20, 4, 0]}
{[5, 4, 2, 1, 0]}
34
14 16 9
7 18 5
13 11 5
15 16 27
6 19 9
19 1 2
7 4 22
6 1 12
20 9 24
0 8 4
11 18 23
20 2 10
14 7 17
17 15 2
0 12 15
14 3 13
0 17 3
16 12 13
1 10 21
20 4 5
19 8 11
22 25 18
21 26 6
24 25 10
23 31 8
21 23 30
22 28 32
29 32 3
26 29 30
27 28 31
25 28 33
24 29 33
26 27 33
30 31 32
24
{[23, 22, 20, 4, 0]}
{[8, 7, 4, 2, 0]}
34
14 16 9
7 18 5
13 11 5
15 16 22
6 19 9
19 1 2
7 4 23
6 1 12
20 9 21
0 8 4
11 18 31
20 2 10
14 7 17
17 15 2
0 12 15
14 3 13
0 17 3
16 12 13
1 10 25
20 4 5
19 8 11
23 24 8
24 25 3
21 27 6
21 22 26
22 30 18
24 28 32
23 29 32
26 29 30
27 28 31
25 28 33
29 33 10
26 27 33
30 31 32
25
{[23, 22, 20, 4, 0]}
{[16, 13, 12, 11, 10]}
34
14 16 9
7 18 5
13 11 5
15 16 31
6 19 9
19 1 2
7 4 32
6 1 12
20 9 27
0 8 4
11 18 26
20 2 10
14 7 17
17 15 2
0 12 15
14 3 13
0 17 3
16 12 13
1 10 33
20 4 5
19 8 11
23 24 25
23 26 27
21 22 28
21 27 30
21 26 29
22 25 10
22 24 8
23 29 30
25 28 32
24 28 31
30 33 3
29 33 6
31 32 18
26
{[23, 22, 20, 4, 0]}
{[17, 16, 14, 12, 10]}
34
14 16 9
7 18 5
13 11 5
15 16 33
6 19 9
19 1 2
7 4 31
6 1 12
20 9 30
0 8 4
11 18 27
20 2 10
14 7 17
17 15 2
0 12 15
14 3 13
0 17 3
16 12 13
1 10 32
20 4 5
19 8 11
23 24 25
23 26 27
21 22 28
21 27 30
21 26 29
22 25 31
22 24 10
23 29 30
25 28 33
24 28 8
26 32 6
31 33 18
29 32 3
27
{[23, 22, 20, 4, 0]}
{[16, 13, 12, 11, 10]}
34
14 16 9
7 18 5
13 11 5
15 16 26
6 19 9
19 1 2
7 4 32
6 1 12
20 9 33
0 8 4
11 18 31
20 2 10
14 7 17
17 15 2
0 12 15
14 3 13
0 17 3
16 12 13
1 10 27
20 4 5
19 8 11
23 24 25
23 26 27
21 22 28
21 27 30
21 26 29
22 25 3
22 24 18
23 29 30
25 28 32
24 28 31
30 33 10
29 33 6
31 32 8
28
{[23, 22, 20, 4, 0]}
{[17, 16, 14, 12, 10]}
34
14 16 9
7 18 5
13 11 5
15 16 27
6 19 9
19 1 2
7 4 31
6 1 12
20 9 32
0 8 4
11 18 33
20 2 10
14 7 17
17 15 2
0 12 15
14 3 13
0 17 3
16 12 13
1 10 30
20 4 5
19 8 11
23 24 25
23 26 27
21 22 28
21 27 30
21 26 29
22 25 31
22 24 3
23 29 30
25 28 33
24 28 18
26 32 6
31 33 8
29 32 10
29
{[23, 22, 20, 4, 0]}
{[17, 16, 15, 13, 11]}
34
14 16 9
7 18 5
13 11 5
15 16 29
6 19 9
19 1 2
7 4 33
6 1 12
20 9 32
0 8 4
11 18 31
20 2 10
14 7 17
17 15 2
0 12 15
14 3 13
0 17 3
16 12 13
1 10 26
20 4 5
19 8 11
23 24 25
23 26 27
21 22 28
21 27 30
21 26 29
22 25 18
22 24 31
23 29 30
25 28 3
24 28 33
27 32 10
31 33 8
30 32 6
30
{[23, 22, 20, 4, 0]}
{[17, 16, 15, 13, 11]}
34
14 16 9
7 18 5
13 11 5
15 16 31
6 19 9
19 1 2
7 4 33
6 1 12
20 9 26
0 8 4
11 18 29
20 2 10
14 7 17
17 15 2
0 12 15
14 3 13
0 17 3
16 12 13
1 10 32
20 4 5
19 8 11
23 24 25
23 26 27
21 22 28
21 27 30
21 26 29
22 25 8
22 24 31
23 29 30
25 28 10
24 28 33
27 32 3
31 33 18
30 32 6
31
{[23, 22, 20, 4, 0]}
{[17, 15, 14, 13, 12]}
34
14 16 9
7 18 5
13 11 5
15 16 30
6 19 9
19 1 2
7 4 31
6 1 12
20 9 33
0 8 4
11 18 32
20 2 10
14 7 17
17 15 2
0 12 15
14 3 13
0 17 3
16 12 13
1 10 29
20 4 5
19 8 11
23 24 25
23 26 27
21 22 28
21 27 30
21 26 29
22 25 32
22 24 31
23 29 30
25 28 18
24 28 3
27 33 6
26 33 10
31 32 8
32
{[23, 22, 20, 4, 0]}
{[17, 15, 14, 13, 12]}
34
14 16 9
7 18 5
13 11 5
15 16 32
6 19 9
19 1 2
7 4 31
6 1 12
20 9 29
0 8 4
11 18 30
20 2 10
14 7 17
17 15 2
0 12 15
14 3 13
0 17 3
16 12 13
1 10 33
20 4 5
19 8 11
23 24 25
23 26 27
21 22 28
21 27 30
21 26 29
22 25 32
22 24 31
23 29 30
25 28 8
24 28 10
27 33 6
26 33 3
31 32 18
33
{[19, 18, 16, 14, 1]}
{[5, 4, 2, 1, 0]}
34
15 9 3
8 16 6
13 12 6
0 11 17
14 17 22
7 19 10
19 1 2
8 15 5
7 1 27
0 20 10
9 5 24
3 12 16
20 2 11
14 2 21
4 13 23
0 7 18
1 11 18
3 4 18
15 16 17
20 5 6
19 9 12
22 25 13
21 26 4
24 25 14
23 31 10
21 23 30
22 28 32
29 32 8
26 29 30
27 28 31
25 28 33
24 29 33
26 27 33
30 31 32
34
{[19, 18, 16, 14, 1]}
{[6, 3, 2, 1, 0]}
34
15 9 3
8 16 6
13 12 6
0 11 17
14 17 25
7 19 10
19 1 2
8 15 5
7 1 21
0 20 10
9 5 23
3 12 16
20 2 11
14 2 22
4 13 26
0 7 18
1 11 18
3 4 18
15 16 17
20 5 6
19 9 12
22 24 8
21 27 13
24 25 10
21 23 31
23 30 4
28 32 14
22 29 32
26 29 30
27 28 31
25 28 33
24 29 33
26 27 33
30 31 32
35
{[19, 18, 16, 14, 1]}
{[8, 7, 4, 2, 0]}
34
15 9 3
8 16 6
13 12 6
0 11 17
14 17 23
7 19 10
19 1 2
8 15 5
7 1 22
0 20 10
9 5 21
3 12 16
20 2 11
14 2 25
4 13 31
0 7 18
1 11 18
3 4 18
15 16 17
20 5 6
19 9 12
23 24 10
24 25 8
21 27 4
21 22 26
22 30 13
24 28 32
23 29 32
26 29 30
27 28 31
25 28 33
29 33 14
26 27 33
30 31 32
36
{[19, 18, 16, 14, 1]}
{[9, 7, 3, 2, 0]}
34
15 9 3
8 16 6
13 12 6
0 11 17
14 17 25
7 19 10
19 1 2
8 15 5
7 1 30
0 20 10
9 5 24
3 12 16
20 2 11
14 2 22
4 13 21
0 7 18
1 11 18
3 4 18
15 16 17
20 5 6
19 9 12
23 24 14
23 25 13
21 22 27
21 26 10
22 31 4
24 28 32
23 29 32
26 29 30
27 28 31
28 33 8
25 29 33
26 27 33
30 31 32
37
{[19, 18, 16, 14, 1]}
{[6, 3, 2, 1, 0]}
34
15 9 3
8 16 6
13 12 6
0 11 17
14 17 25
7 19 10
19 1 2
8 15 5
7 1 26
0 20 10
9 5 22
3 12 16
20 2 11
14 2 23
4 13 21
0 7 18
1 11 18
3 4 18
15 16 17
20 5 6
19 9 12
22 24 14
21 27 10
24 25 13
21 23 31
23 30 4
28 32 8
22 29 32
26 29 30
27 28 31
25 28 33
24 29 33
26 27 33
30 31 32
38
{[19, 18, 16, 14, 1]}
{[9, 7, 3, 2, 0]}
34
15 9 3
8 16 6
13 12 6
0 11 17
14 17 25
7 19 10
19 1 2
8 15 5
7 1 21
0 20 10
9 5 22
3 12 16
20 2 11
14 2 24
4 13 30
0 7 18
1 11 18
3 4 18
15 16 17
20 5 6
19 9 12
23 24 8
23 25 10
21 22 27
21 26 13
22 31 4
24 28 32
23 29 32
26 29 30
27 28 31
28 33 14
25 29 33
26 27 33
30 31 32
39
{[19, 18, 16, 14, 1]}
{[5, 4, 2, 1, 0]}
34
15 9 3
8 16 6
13 12 6
0 11 17
14 17 22
7 19 10
19 1 2
8 15 5
7 1 23
0 20 10
9 5 21
3 12 16
20 2 11
14 2 24
4 13 27
0 7 18
1 11 18
3 4 18
15 16 17
20 5 6
19 9 12
22 25 10
21 26 4
24 25 8
23 31 13
21 23 30
22 28 32
29 32 14
26 29 30
27 28 31
25 28 33
24 29 33
26 27 33
30 31 32
40
{[19, 18, 16, 14, 1]}
{[8, 7, 4, 2, 0]}
34
15 9 3
8 16 6
13 12 6
0 11 17
14 17 23
7 19 10
19 1 2
8 15 5
7 1 31
0 20 10
9 5 25
3 12 16
20 2 11
14 2 21
4 13 22
0 7 18
1 11 18
3 4 18
15 16 17
20 5 6
19 9 12
23 24 13
24 25 14
21 27 4
21 22 26
22 30 10
24 28 32
23 29 32
26 29 30
27 28 31
25 28 33
29 33 8
26 27 33
30 31 32
41
{[19, 18, 16, 14, 1]}
{[16, 13, 12, 11, 10]}
34
15 9 3
8 16 6
13 12 6
0 11 17
14 17 32
7 19 10
19 1 2
8 15 5
7 1 26
0 20 10
9 5 33
3 12 16
20 2 11
14 2 27
4 13 31
0 7 18
1 11 18
3 4 18
15 16 17
20 5 6
19 9 12
23 24 25
23 26 27
21 22 28
21 27 30
21 26 29
22 25 8
22 24 13
23 29 30
25 28 32
24 28 31
30 33 14
29 33 4
31 32 10
42
{[19, 18, 16, 14, 1]}
{[17, 16, 14, 12, 10]}
34
15 9 3
8 16 6
13 12 6
0 11 17
14 17 31
7 19 10
19 1 2
8 15 5
7 1 27
0 20 10
9 5 32
3 12 16
20 2 11
14 2 30
4 13 33
0 7 18
1 11 18
3 4 18
15 16 17
20 5 6
19 9 12
23 24 25
23 26 27
21 22 28
21 27 30
21 26 29
22 25 31
22 24 8
23 29 30
25 28 33
24 28 13
26 32 4
31 33 10
29 32 14
43
{[19, 18, 16, 14, 1]}
{[16, 13, 12, 11, 10]}
34
15 9 3
8 16 6
13 12 6
0 11 17
14 17 32
7 19 10
19 1 2
8 15 5
7 1 31
0 20 10
9 5 27
3 12 16
20 2 11
14 2 33
4 13 26
0 7 18
1 11 18
3 4 18
15 16 17
20 5 6
19 9 12
23 24 25
23 26 27
21 22 28
21 27 30
21 26 29
22 25 14
22 24 10
23 29 30
25 28 32
24 28 31
30 33 8
29 33 4
31 32 13
44
{[19, 18, 16, 14, 1]}
{[17, 16, 14, 12, 10]}
34
15 9 3
8 16 6
13 12 6
0 11 17
14 17 31
7 19 10
19 1 2
8 15 5
7 1 33
0 20 10
9 5 30
3 12 16
20 2 11
14 2 32
4 13 27
0 7 18
1 11 18
3 4 18
15 16 17
20 5 6
19 9 12
23 24 25
23 26 27
21 22 28
21 27 30
21 26 29
22 25 31
22 24 14
23 29 30
25 28 33
24 28 10
26 32 4
31 33 13
29 32 8
45
{[19, 18, 16, 14, 1]}
{[17, 16, 15, 13, 11]}
34
15 9 3
8 16 6
13 12 6
0 11 17
14 17 33
7 19 10
19 1 2
8 15 5
7 1 31
0 20 10
9 5 26
3 12 16
20 2 11
14 2 32
4 13 29
0 7 18
1 11 18
3 4 18
15 16 17
20 5 6
19 9 12
23 24 25
23 26 27
21 22 28
21 27 30
21 26 29
22 25 10
22 24 31
23 29 30
25 28 14
24 28 33
27 32 8
31 33 13
30 32 4
46
{[19, 18, 16, 14, 1]}
{[17, 16, 15, 13, 11]}
34
15 9 3
8 16 6
13 12 6
0 11 17
14 17 33
7 19 10
19 1 2
8 15 5
7 1 29
0 20 10
9 5 32
3 12 16
20 2 11
14 2 26
4 13 31
0 7 18
1 11 18
3 4 18
15 16 17
20 5 6
19 9 12
23 24 25
23 26 27
21 22 28
21 27 30
21 26 29
22 25 13
22 24 31
23 29 30
25 28 8
24 28 33
27 32 14
31 33 10
30 32 4
47
{[19, 18, 16, 14, 1]}
{[17, 15, 14, 13, 12]}
34
15 9 3
8 16 6
13 12 6
0 11 17
14 17 31
7 19 10
19 1 2
8 15 5
7 1 32
0 20 10
9 5 29
3 12 16
20 2 11
14 2 33
4 13 30
0 7 18
1 11 18
3 4 18
15 16 17
20 5 6
19 9 12
23 24 25
23 26 27
21 22 28
21 27 30
21 26 29
22 25 32
22 24 31
23 29 30
25 28 10
24 28 14
27 33 4
26 33 8
31 32 13
48
{[19, 18, 16, 14, 1]}
{[17, 15, 14, 13, 12]}
34
15 9 3
8 16 6
13 12 6
0 11 17
14 17 31
7 19 10
19 1 2
8 15 5
7 1 30
0 20 10
9 5 33
3 12 16
20 2 11
14 2 29
4 13 32
0 7 18
1 11 18
3 4 18
15 16 17
20 5 6
19 9 12
23 24 25
23 26 27
21 22 28
21 27 30
21 26 29
22 25 32
22 24 31
23 29 30
25 28 13
24 28 8
27 33 4
26 33 14
31 32 10
49
{[18, 17, 16, 5, 1]}
{[5, 4, 2, 1, 0]}
34
15 8 3
7 16 5
13 11 5
0 10 17
6 19 9
19 1 2
7 15 4
6 1 12
0 20 9
8 4 27
3 11 16
20 2 10
7 14 21
14 2 22
12 13 23
0 6 18
1 10 18
3 18 24
15 16 17
20 4 5
19 8 11
22 25 12
21 26 13
24 25 14
23 31 17
21 23 30
22 28 32
29 32 9
26 29 30
27 28 31
25 28 33
24 29 33
26 27 33
30 31 32
50
{[18, 17, 16, 5, 1]}
{[6, 3, 2, 1, 0]}
34
15 8 3
7 16 5
13 11 5
0 10 17
6 19 9
19 1 2
7 15 4
6 1 12
0 20 9
8 4 21
3 11 16
20 2 10
7 14 22
14 2 25
12 13 26
0 6 18
1 10 18
3 18 23
15 16 17
20 4 5
19 8 11
22 24 9
21 27 12
24 25 17
21 23 31
23 30 13
28 32 14
22 29 32
26 29 30
27 28 31
25 28 33
24 29 33
26 27 33
30 31 32
51
{[18, 17, 16, 5, 1]}
{[8, 7, 4, 2, 0]}
34
15 8 3
7 16 5
13 11 5
0 10 17
6 19 9
19 1 2
7 15 4
6 1 12
0 20 9
8 4 22
3 11 16
20 2 10
7 14 25
14 2 23
12 13 31
0 6 18
1 10 18
3 18 21
15 16 17
20 4 5
19 8 11
23 24 17
24 25 9
21 27 13
21 22 26
22 30 12
24 28 32
23 29 32
26 29 30
27 28 31
25 28 33
29 33 14
26 27 33
30 31 32
52
{[18, 17, 16, 5, 1]}
{[9, 7, 3, 2, 0]}
34
15 8 3
7 16 5
13 11 5
0 10 17
6 19 9
19 1 2
7 15 4
6 1 12
0 20 9
8 4 30
3 11 16
20 2 10
7 14 22
14 2 25
12 13 21
0 6 18
1 10 18
3 18 24
15 16 17
20 4 5
19 8 11
23 24 14
23 25 12
21 22 27
21 26 17
22 31 13
24 28 32
23 29 32
26 29 30
27 28 31
28 33 9
25 29 33
26 27 33
30 31 32
53
{[18, 17, 16, 5, 1]}
{[6, 3, 2, 1, 0]}
34
15 8 3
7 16 5
13 11 5
0 10 17
6 19 9
19 1 2
7 15 4
6 1 12
0 20 9
8 4 26
3 11 16
20 2 10
7 14 23
14 2 25
12 13 21
0 6 18
1 10 18
3 18 22
15 16 17
20 4 5
19 8 11
22 24 14
21 27 17
24 25 12
21 23 31
23 30 13
28 32 9
22 29 32
26 29 30
27 28 31
25 28 33
24 29 33
26 27 33
30 31 32
54
{[18, 17, 16, 5, 1]}
{[9, 7, 3, 2, 0]}
34
15 8 3
7 16 5
13 11 5
0 10 17
6 19 9
19 1 2
7 15 4
6 1 12
0 20 9
8 4 21
3 11 16
20 2 10
7 14 24
14 2 25
12 13 30
0 6 18
1 10 18
3 18 22
15 16 17
20 4 5
19 8 11
23 24 9
23 25 17
21 22 27
21 26 12
22 31 13
24 28 32
23 29 32
26 29 30
27 28 31
28 33 14
25 29 33
26 27 33
30 31 32
55
{[18, 17, 16, 5, 1]}
{[5, 4, 2, 1, 0]}
34
15 8 3
7 16 5
13 11 5
0 10 17
6 19 9
19 1 2
7 15 4
6 1 12
0 20 9
8 4 23
3 11 16
20 2 10
7 14 24
14 2 22
12 13 27
0 6 18
1 10 18
3 18 21
15 16 17
20 4 5
19 8 11
22 25 17
21 26 13
24 25 9
23 31 12
21 23 30
22 28 32
29 32 14
26 29 30
27 28 31
25 28 33
24 29 33
26 27 33
30 31 32
56
{[18, 17, 16, 5, 1]}
{[8, 7, 4, 2, 0]}
34
15 8 3
7 16 5
13 11 5
0 10 17
6 19 9
19 1 2
7 15 4
6 1 12
0 20 9
8 4 31
3 11 16
20 2 10
7 14 21
14 2 23
12 13 22
0 6 18
1 10 18
3 18 25
15 16 17
20 4 5
19 8 11
23 24 12
24 25 14
21 27 13
21 22 26
22 30 17
24 28 32
23 29 32
26 29 30
27 28 31
25 28 33
29 33 9
26 27 33
30 31 32
57
{[18, 17, 16, 5, 1]}
{[16, 13, 12, 11, 10]}
34
15 8 3
7 16 5
13 11 5
0 10 17
6 19 9
19 1 2
7 15 4
6 1 12
0 20 9
8 4 26
3 11 16
20 2 10
7 14 27
14 2 32
12 13 31
0 6 18
1 10 18
3 18 33
15 16 17
20 4 5
19 8 11
23 24 25
23 26 27
21 22 28
21 27 30
21 26 29
22 25 9
22 24 12
23 29 30
25 28 32
24 28 31
30 33 14
29 33 13
31 32 17
58
{[18, 17, 16, 5, 1]}
{[17, 16, 14, 12, 10]}
34
15 8 3
7 16 5
13 11 5
0 10 17
6 19 9
19 1 2
7 15 4
6 1 12
0 20 9
8 4 27
3 11 16
20 2 10
7 14 30
14 2 31
12 13 33
0 6 18
1 10 18
3 18 32
15 16 17
20 4 5
19 8 11
23 24 25
23 26 27
21 22 28
21 27 30
21 26 29
22 25 31
22 24 9
23 29 30
25 28 33
24 28 12
26 32 13
31 33 17
29 32 14
59
{[18, 17, 16, 5, 1]}
{[16, 13, 12, 11, 10]}
34
15 8 3
7 16 5
13 11 5
0 10 17
6 19 9
19 1 2
7 15 4
6 1 12
0 20 9
8 4 31
3 11 16
20 2 10
7 14 33
14 2 32
12 13 26
0 6 18
1 10 18
3 18 27
15 16 17
20 4 5
19 8 11
23 24 25
23 26 27
21 22 28
21 27 30
21 26 29
22 25 14
22 24 17
23 29 30
25 28 32
24 28 31
30 33 9
29 33 13
31 32 12
60
{[18, 17, 16, 5, 1]}
{[17, 16, 14, 12, 10]}
34
15 8 3
7 16 5
13 11 5
0 10 17
6 19 9
19 1 2
7 15 4
6 1 12
0 20 9
8 4 33
3 11 16
20 2 10
7 14 32
14 2 31
12 13 27
0 6 18
1 10 18
3 18 30
15 16 17
20 4 5
19 8 11
23 24 25
23 26 27
21 22 28
21 27 30
21 26 29
22 25 31
22 24 14
23 29 30
25 28 33
24 28 17
26 32 13
31 33 12
29 32 9
61
{[18, 17, 16, 5, 1]}
{[17, 16, 15, 13, 11]}
34
15 8 3
7 16 5
13 11 5
0 10 17
6 19 9
19 1 2
7 15 4
6 1 12
0 20 9
8 4 31
3 11 16
20 2 10
7 14 32
14 2 33
12 13 29
0 6 18
1 10 18
3 18 26
15 16 17
20 4 5
19 8 11
23 24 25
23 26 27
21 22 28
21 27 30
21 26 29
22 25 17
22 24 31
23 29 30
25 28 14
24 28 33
27 32 9
31 33 12
30 32 13
62
{[18, 17, 16, 5, 1]}
{[17, 16, 15, 13, 11]}
34
15 8 3
7 16 5
13 11 5
0 10 17
6 19 9
19 1 2
7 15 4
6 1 12
0 20 9
8 4 29
3 11 16
20 2 10
7 14 26
14 2 33
12 13 31
0 6 18
1 10 18
3 18 32
15 16 17
20 4 5
19 8 11
23 24 25
23 26 27
21 22 28
21 27 30
21 26 29
22 25 12
22 24 31
23 29 30
25 28 9
24 28 33
27 32 14
31 33 17
30 32 13
63
{[18, 17, 16, 5, 1]}
{[17, 15, 14, 13, 12]}
34
15 8 3
7 16 5
13 11 5
0 10 17
6 19 9
19 1 2
7 15 4
6 1 12
0 20 9
8 4 32
3 11 16
20 2 10
7 14 33
14 2 31
12 13 30
0 6 18
1 10 18
3 18 29
15 16 17
20 4 5
19 8 11
23 24 25
23 26 27
21 22 28
21 27 30
21 26 29
22 25 32
22 24 31
23 29 30
25 28 17
24 28 14
27 33 13
26 33 9
31 32 12
64
{[18, 17, 16, 5, 1]}
{[17, 15, 14, 13, 12]}
34
15 8 3
7 16 5
13 11 5
0 10 17
6 19 9
19 1 2
7 15 4
6 1 12
0 20 9
8 4 30
3 11 16
20 2 10
7 14 29
14 2 31
12 13 32
0 6 18
1 10 18
3 18 33
15 16 17
20 4 5
19 8 11
23 24 25
23 26 27
21 22 28
21 27 30
21 26 29
22 25 32
22 24 31
23 29 30
25 28 12
24 28 9
27 33 13
26 33 14
31 32 17
65
{[18, 17, 16, 5, 1]}
{[5, 4, 2, 1, 0]}
34
15 8 3
7 16 5
13 11 5
0 10 17
6 19 9
19 1 2
7 15 4
6 1 12
0 20 9
8 4 23
3 11 16
20 2 10
7 14 24
14 2 22
12 13 27
0 6 18
1 10 18
3 18 21
15 16 17
20 4 5
19 8 11
22 25 17
21 26 13
24 25 9
23 31 12
21 23 30
22 28 32
29 32 14
26 29 30
27 28 31
25 28 33
24 29 33
26 27 33
30 31 32
66
{[18, 17, 16, 5, 1]}
{[6, 3, 2, 1, 0]}
34
15 8 3
7 16 5
13 11 5
0 10 17
6 19 9
19 1 2
7 15 4
6 1 12
0 20 9
8 4 26
3 11 16
20 2 10
7 14 23
14 2 25
12 13 21
0 6 18
1 10 18
3 18 22
15 16 17
20 4 5
19 8 11
22 24 14
21 27 17
24 25 12
21 23 31
23 30 13
28 32 9
22 29 32
26 29 30
27 28 31
25 28 33
24 29 33
26 27 33
30 31 32
67
{[18, 17, 16, 5, 1]}
{[8, 7, 4, 2, 0]}
34
15 8 3
7 16 5
13 11 5
0 10 17
6 19 9
19 1 2
7 15 4
6 1 12
0 20 9
8 4 31
3 11 16
20 2 10
7 14 21
14 2 23
12 13 22
0 6 18
1 10 18
3 18 25
15 16 17
20 4 5
19 8 11
23 24 12
24 25 14
21 27 13
21 22 26
22 30 17
24 28 32
23 29 32
26 29 30
27 28 31
25 28 33
29 33 9
26 27 33
30 31 32
68
{[18, 17, 16, 5, 1]}
{[9, 7, 3, 2, 0]}
34
15 8 3
7 16 5
13 11 5
0 10 17
6 19 9
19 1 2
7 15 4
6 1 12
0 20 9
8 4 21
3 11 16
20 2 10
7 14 24
14 2 25
12 13 30
0 6 18
1 10 18
3 18 22
15 16 17
20 4 5
19 8 11
23 24 9
23 25 17
21 22 27
21 26 12
22 31 13
24 28 32
23 29 32
26 29 30
27 28 31
28 33 14
25 29 33
26 27 33
30 31 32
69
{[18, 17, 16, 5, 1]}
{[6, 3, 2, 1, 0]}
34
15 8 3
7 16 5
13 11 5
0 10 17
6 19 9
19 1 2
7 15 4
6 1 12
0 20 9
8 4 21
3 11 16
20 2 10
7 14 22
14 2 25
12 13 26
0 6 18
1 10 18
3 18 23
15 16 17
20 4 5
19 8 11
22 24 9
21 27 12
24 25 17
21 23 31
23 30 13
28 32 14
22 29 32
26 29 30
27 28 31
25 28 33
24 29 33
26 27 33
30 31 32
70
{[18, 17, 16, 5, 1]}
{[9, 7, 3, 2, 0]}
34
15 8 3
7 16 5
13 11 5
0 10 17
6 19 9
19 1 2
7 15 4
6 1 12
0 20 9
8 4 30
3 11 16
20 2 10
7 14 22
14 2 25
12 13 21
0 6 18
1 10 18
3 18 24
15 16 17
20 4 5
19 8 11
23 24 14
23 25 12
21 22 27
21 26 17
22 31 13
24 28 32
23 29 32
26 29 30
27 28 31
28 33 9
25 29 33
26 27 33
30 31 32
71
{[18, 17, 16, 5, 1]}
{[5, 4, 2, 1, 0]}
34
15 8 3
7 16 5
13 11 5
0 10 17
6 19 9
19 1 2
7 15 4
6 1 12
0 20 9
8 4 27
3 11 16
20 2 10
7 14 21
14 2 22
12 13 23
0 6 18
1 10 18
3 18 24
15 16 17
20 4 5
19 8 11
22 25 12
21 26 13
24 25 14
23 31 17
21 23 30
22 28 32
29 32 9
26 29 30
27 28 31
25 28 33
24 29 33
26 27 33
30 31 32
72
{[18, 17, 16, 5, 1]}
{[8, 7, 4, 2, 0]}
34
15 8 3
7 16 5
13 11 5
0 10 17
6 19 9
19 1 2
7 15 4
6 1 12
0 20 9
8 4 22
3 11 16
20 2 10
7 14 25
14 2 23
12 13 31
0 6 18
1 10 18
3 18 21
15 16 17
20 4 5
19 8 11
23 24 17
24 25 9
21 27 13
21 22 26
22 30 12
24 28 32
23 29 32
26 29 30
27 28 31
25 28 33
29 33 14
26 27 33
30 31 32
73
{[18, 17, 16, 5, 1]}
{[16, 13, 12, 11, 10]}
34
15 8 3
7 16 5
13 11 5
0 10 17
6 19 9
19 1 2
7 15 4
6 1 12
0 20 9
8 4 31
3 11 16
20 2 10
7 14 33
14 2 32
12 13 26
0 6 18
1 10 18
3 18 27
15 16 17
20 4 5
19 8 11
23 24 25
23 26 27
21 22 28
21 27 30
21 26 29
22 25 14
22 24 17
23 29 30
25 28 32
24 28 31
30 33 9
29 33 13
31 32 12
74
{[18, 17, 16, 5, 1]}
{[17, 16, 14, 12, 10]}
34
15 8 3
7 16 5
13 11 5
0 10 17
6 19 9
19 1 2
7 15 4
6 1 12
0 20 9
8 4 33
3 11 16
20 2 10
7 14 32
14 2 31
12 13 27
0 6 18
1 10 18
3 18 30
15 16 17
20 4 5
19 8 11
23 24 25
23 26 27
21 22 28
21 27 30
21 26 29
22 25 31
22 24 14
23 29 30
25 28 33
24 28 17
26 32 13
31 33 12
29 32 9
75
{[18, 17, 16, 5, 1]}
{[16, 13, 12, 11, 10]}
34
15 8 3
7 16 5
13 11 5
0 10 17
6 19 9
19 1 2
7 15 4
6 1 12
0 20 9
8 4 26
3 11 16
20 2 10
7 14 27
14 2 32
12 13 31
0 6 18
1 10 18
3 18 33
15 16 17
20 4 5
19 8 11
23 24 25
23 26 27
21 22 28
21 27 30
21 26 29
22 25 9
22 24 12
23 29 30
25 28 32
24 28 31
30 33 14
29 33 13
31 32 17
76
{[18, 17, 16, 5, 1]}
{[17, 16, 14, 12, 10]}
34
15 8 3
7 16 5
13 11 5
0 10 17
6 19 9
19 1 2
7 15 4
6 1 12
0 20 9
8 4 27
3 11 16
20 2 10
7 14 30
14 2 31
12 13 33
0 6 18
1 10 18
3 18 32
15 16 17
20 4 5
19 8 11
23 24 25
23 26 27
21 22 28
21 27 30
21 26 29
22 25 31
22 24 9
23 29 30
25 28 33
24 28 12
26 32 13
31 33 17
29 32 14
77
{[18, 17, 16, 5, 1]}
{[17, 16, 15, 13, 11]}
34
15 8 3
7 16 5
13 11 5
0 10 17
6 19 9
19 1 2
7 15 4
6 1 12
0 20 9
8 4 29
3 11 16
20 2 10
7 14 26
14 2 33
12 13 31
0 6 18
1 10 18
3 18 32
15 16 17
20 4 5
19 8 11
23 24 25
23 26 27
21 22 28
21 27 30
21 26 29
22 25 12
22 24 31
23 29 30
25 28 9
24 28 33
27 32 14
31 33 17
30 32 13
78
{[18, 17, 16, 5, 1]}
{[17, 16, 15, 13, 11]}
34
15 8 3
7 16 5
13 11 5
0 10 17
6 19 9
19 1 2
7 15 4
6 1 12
0 20 9
8 4 31
3 11 16
20 2 10
7 14 32
14 2 33
12 13 29
0 6 18
1 10 18
3 18 26
15 16 17
20 4 5
19 8 11
23 24 25
23 26 27
21 22 28
21 27 30
21 26 29
22 25 17
22 24 31
23 29 30
25 28 14
24 28 33
27 32 9
31 33 12
30 32 13
79
{[18, 17, 16, 5, 1]}
{[17, 15, 14, 13, 12]}
34
15 8 3
7 16 5
13 11 5
0 10 17
6 19 9
19 1 2
7 15 4
6 1 12
0 20 9
8 4 30
3 11 16
20 2 10
7 14 29
14 2 31
12 13 32
0 6 18
1 10 18
3 18 33
15 16 17
20 4 5
19 8 11
23 24 25
23 26 27
21 22 28
21 27 30
21 26 29
22 25 32
22 24 31
23 29 30
25 28 12
24 28 9
27 33 13
26 33 14
31 32 17
80
{[18, 17, 16, 5, 1]}
{[17, 15, 14, 13, 12]}
34
15 8 3
7 16 5
13 11 5
0 10 17
6 19 9
19 1 2
7 15 4
6 1 12
0 20 9
8 4 32
3 11 16
20 2 10
7 14 33
14 2 31
12 13 30
0 6 18
1 10 18
3 18 29
15 16 17
20 4 5
19 8 11
23 24 25
23 26 27
21 22 28
21 27 30
21 26 29
22 25 32
22 24 31
23 29 30
25 28 17
24 28 14
27 33 13
26 33 9
31 32 12
81
{[19, 18, 16, 14, 1]}
{[5, 4, 2, 1, 0]}
34
15 9 3
8 16 6
13 12 6
0 11 17
14 17 22
7 19 10
19 1 2
8 15 5
7 1 23
0 20 10
9 5 21
3 12 16
20 2 11
14 2 24
4 13 27
0 7 18
1 11 18
3 4 18
15 16 17
20 5 6
19 9 12
22 25 10
21 26 4
24 25 8
23 31 13
21 23 30
22 28 32
29 32 14
26 29 30
27 28 31
25 28 33
24 29 33
26 27 33
30 31 32
82
{[19, 18, 16, 14, 1]}
{[6, 3, 2, 1, 0]}
34
15 9 3
8 16 6
13 12 6
0 11 17
14 17 25
7 19 10
19 1 2
8 15 5
7 1 26
0 20 10
9 5 22
3 12 16
20 2 11
14 2 23
4 13 21
0 7 18
1 11 18
3 4 18
15 16 17
20 5 6
19 9 12
22 24 14
21 27 10
24 25 13
21 23 31
23 30 4
28 32 8
22 29 32
26 29 30
27 28 31
25 28 33
24 29 33
26 27 33
30 31 32
83
{[19, 18, 16, 14, 1]}
{[8, 7, 4, 2, 0]}
34
15 9 3
8 16 6
13 12 6
0 11 17
14 17 23
7 19 10
19 1 2
8 15 5
7 1 31
0 20 10
9 5 25
3 12 16
20 2 11
14 2 21
4 13 22
0 7 18
1 11 18
3 4 18
15 16 17
20 5 6
19 9 12
23 24 13
24 25 14
21 27 4
21 22 26
22 30 10
24 28 32
23 29 32
26 29 30
27 28 31
25 28 33
29 33 8
26 27 33
30 31 32
84
{[19, 18, 16, 14, 1]}
{[9, 7, 3, 2, 0]}
34
15 9 3
8 16 6
13 12 6
0 11 17
14 17 25
7 19 10
19 1 2
8 15 5
7 1 21
0 20 10
9 5 22
3 12 16
20 2 11
14 2 24
4 13 30
0 7 18
1 11 18
3 4 18
15 16 17
20 5 6
19 9 12
23 24 8
23 25 10
21 22 27
21 26 13
22 31 4
24 28 32
23 29 32
26 29 30
27 28 31
28 33 14
25 29 33
26 27 33
30 31 32
85
{[19, 18, 16, 14, 1]}
{[6, 3, 2, 1, 0]}
34
15 9 3
8 16 6
13 12 6
0 11 17
14 17 25
7 19 10
19 1 2
8 15 5
7 1 21
0 20 10
9 5 23
3 12 16
20 2 11
14 2 22
4 13 26
0 7 18
1 11 18
3 4 18
15 16 17
20 5 6
19 9 12
22 24 8
21 27 13
24 25 10
21 23 31
23 30 4
28 32 14
22 29 32
26 29 30
27 28 31
25 28 33
24 29 33
26 27 33
30 31 32
86
{[19, 18, 16, 14, 1]}
{[9, 7, 3, 2, 0]}
34
15 9 3
8 16 6
13 12 6
0 11 17
14 17 25
7 19 10
19 1 2
8 15 5
7 1 30
0 20 10
9 5 24
3 12 16
20 2 11
14 2 22
4 13 21
0 7 18
1 11 18
3 4 18
15 16 17
20 5 6
19 9 12
23 24 14
23 25 13
21 22 27
21 26 10
22 31 4
24 28 32
23 29 32
26 29 30
27 28 31
28 33 8
25 29 33
26 27 33
30 31 32
87
{[19, 18, 16, 14, 1]}
{[5, 4, 2, 1, 0]}
34
15 9 3
8 16 6
13 12 6
0 11 17
14 17 22
7 19 10
19 1 2
8 15 5
7 1 27
0 20 10
9 5 24
3 12 16
20 2 11
14 2 21
4 13 23
0 7 18
1 11 18
3 4 18
15 16 17
20 5 6
19 9 12
22 25 13
21 26 4
24 25 14
23 31 10
21 23 30
22 28 32
29 32 8
26 29 30
27 28 31
25 28 33
24 29 33
26 27 33
30 31 32
88
{[19, 18, 16, 14, 1]}
{[8, 7, 4, 2, 0]}
34
15 9 3
8 16 6
13 12 6
0 11 17
14 17 23
7 19 10
19 1 2
8 15 5
7 1 22
0 20 10
9 5 21
3 12 16
20 2 11
14 2 25
4 13 31
0 7 18
1 11 18
3 4 18
15 16 17
20 5 6
19 9 12
23 24 10
24 25 8
21 27 4
21 22 26
22 30 13
24 28 32
23 29 32
26 29 30
27 28 31
25 28 33
29 33 14
26 27 33
30 31 32
89
{[19, 18, 16, 14, 1]}
{[16, 13, 12, 11, 10]}
34
15 9 3
8 16 6
13 12 6
0 11 17
14 17 32
7 19 10
19 1 2
8 15 5
7 1 31
0 20 10
9 5 27
3 12 16
20 2 11
14 2 33
4 13 26
0 7 18
1 11 18
3 4 18
15 16 17
20 5 6
19 9 12
23 24 25
23 26 27
21 22 28
21 27 30
21 26 29
22 25 14
22 24 10
23 29 30
25 28 32
24 28 31
30 33 8
29 33 4
31 32 13
90
{[19, 18, 16, 14, 1]}
{[17, 16, 14, 12, 10]}
34
15 9 3
8 16 6
13 12 6
0 11 17
14 17 31
7 19 10
19 1 2
8 15 5
7 1 33
0 20 10
9 5 30
3 12 16
20 2 11
14 2 32
4 13 27
0 7 18
1 11 18
3 4 18
15 16 17
20 5 6
19 9 12
23 24 25
23 26 27
21 22 28
21 27 30
21 26 29
22 25 31
22 24 14
23 29 30
25 28 33
24 28 10
26 32 4
31 33 13
29 32 8
91
{[19, 18, 16, 14, 1]}
{[16, 13, 12, 11, 10]}
34
15 9 3
8 16 6
13 12 6
0 11 17
14 17 32
7 19 10
19 1 2
8 15 5
7 1 26
0 20 10
9 5 33
3 12 16
20 2 11
14 2 27
4 13 31
0 7 18
1 11 18
3 4 18
15 16 17
20 5 6
19 9 12
23 24 25
23 26 27
21 22 28
21 27 30
21 26 29
22 25 8
22 24 13
23 29 30
25 28 32
24 28 31
30 33 14
29 33 4
31 32 10
92
{[19, 18, 16, 14, 1]}
{[17, 16, 14, 12, 10]}
34
15 9 3
8 16 6
13 12 6
0 11 17
14 17 31
7 19 10
19 1 2
8 15 5
7 1 27
0 20 10
9 5 32
3 12 16
20 2 11
14 2 30
4 13 33
0 7 18
1 11 18
3 4 18
15 16 17
20 5 6
19 9 12
23 24 25
23 26 27
21 22 28
21 27 30
21 26 29
22 25 31
22 24 8
23 29 30
25 28 33
24 28 13
26 32 4
31 33 10
29 32 14
93
{[19, 18, 16, 14, 1]}
{[17, 16, 15, 13, 11]}
34
15 9 3
8 16 6
13 12 6
0 11 17
14 17 33
7 19 10
19 1 2
8 15 5
7 1 29
0 20 10
9 5 32
3 12 16
20 2 11
14 2 26
4 13 31
0 7 18
1 11 18
3 4 18
15 16 17
20 5 6
19 9 12
23 24 25
23 26 27
21 22 28
21 27 30
21 26 29
22 25 13
22 24 31
23 29 30
25 28 8
24 28 33
27 32 14
31 33 10
30 32 4
94
{[19, 18, 16, 14, 1]}
{[17, 16, 15, 13, 11]}
34
15 9 3
8 16 6
13 12 6
0 11 17
14 17 33
7 19 10
19 1 2
8 15 5
7 1 31
0 20 10
9 5 26
3 12 16
20 2 11
14 2 32
4 13 29
0 7 18
1 11 18
3 4 18
15 16 17
20 5 6
19 9 12
23 24 25
23 26 27
21 22 28
21 27 30
21 26 29
22 25 10
22 24 31
23 29 30
25 28 14
24 28 33
27 32 8
31 33 13
30 32 4
95
{[19, 18, 16, 14, 1]}
{[17, 15, 14, 13, 12]}
34
15 9 3
8 16 6
13 12 6
0 11 17
14 17 31
7 19 10
19 1 2
8 15 5
7 1 30
0 20 10
9 5 33
3 12 16
20 2 11
14 2 29
4 13 32
0 7 18
1 11 18
3 4 18
15 16 17
20 5 6
19 9 12
23 24 25
23 26 27
21 22 28
21 27 30
21 26 29
22 25 32
22 24 31
23 29 30
25 28 13
24 28 8
27 33 4
26 33 14
31 32 10
96
{[19, 18, 16, 14, 1]}
{[17, 15, 14, 13, 12]}
34
15 9 3
8 16 6
13 12 6
0 11 17
14 17 31
7 19 10
19 1 2
8 15 5
7 1 32
0 20 10
9 5 29
3 12 16
20 2 11
14 2 33
4 13 30
0 7 18
1 11 18
3 4 18
15 16 17
20 5 6
19 9 12
23 24 25
23 26 27
21 22 28
21 27 30
21 26 29
22 25 32
22 24 31
23 29 30
25 28 10
24 28 14
27 33 4
26 33 8
31 32 13
97
{[25, 24, 13, 7, 3]}
{[5, 4, 2, 1, 0]}
34
17 8 3
13 15 9
7 18 27
0 10 19
14 15 19
6 9 21
7 17 5
6 2 11
0 9 22
1 8 5
3 18 24
13 7 16
16 14 23
1 11 14
13 4 12
1 16 4
15 11 12
0 6 20
2 10 20
3 4 20
17 18 19
22 25 5
21 26 8
24 25 12
23 31 10
21 23 30
22 28 32
29 32 2
26 29 30
27 28 31
25 28 33
24 29 33
26 27 33
30 31 32
98
{[25, 24, 13, 7, 3]}
{[6, 3, 2, 1, 0]}
34
17 8 3
13 15 9
7 18 21
0 10 19
14 15 19
6 9 22
7 17 5
6 2 11
0 9 25
1 8 5
3 18 23
13 7 16
16 14 26
1 11 14
13 4 12
1 16 4
15 11 12
0 6 20
2 10 20
3 4 20
17 18 19
22 24 2
21 27 5
24 25 10
21 23 31
23 30 8
28 32 12
22 29 32
26 29 30
27 28 31
25 28 33
24 29 33
26 27 33
30 31 32
99
{[25, 24, 13, 7, 3]}
{[8, 7, 4, 2, 0]}
34
17 8 3
13 15 9
7 18 22
0 10 19
14 15 19
6 9 25
7 17 5
6 2 11
0 9 23
1 8 5
3 18 21
13 7 16
16 14 31
1 11 14
13 4 12
1 16 4
15 11 12
0 6 20
2 10 20
3 4 20
17 18 19
23 24 10
24 25 2
21 27 8
21 22 26
22 30 5
24 28 32
23 29 32
26 29 30
27 28 31
25 28 33
29 33 12
26 27 33
30 31 32
100
{[25, 24, 13, 7, 3]}
{[9, 7, 3, 2, 0]}
34
17 8 3
13 15 9
7 18 30
0 10 19
14 15 19
6 9 22
7 17 5
6 2 11
0 9 25
1 8 5
3 18 24
13 7 16
16 14 21
1 11 14
13 4 12
1 16 4
15 11 12
0 6 20
2 10 20
3 4 20
17 18 19
23 24 12
23 25 5
21 22 27
21 26 10
22 31 8
24 28 32
23 29 32
26 29 30
27 28 31
28 33 2
25 29 33
26 27 33
30 31 32
101
{[25, 24, 13, 7, 3]}
{[6, 3, 2, 1, 0]}
34
17 8 3
13 15 9
7 18 26
0 10 19
14 15 19
6 9 23
7 17 5
6 2 11
0 9 25
1 8 5
3 18 22
13 7 16
16 14 21
1 11 14
13 4 12
1 16 4
15 11 12
0 6 20
2 10 20
3 4 20
17 18 19
22 24 12
21 27 10
24 25 5
21 23 31
23 30 8
28 32 2
22 29 32
26 29 30
27 28 31
25 28 33
24 29 33
26 27 33
30 31 32
102
{[25, 24, 13, 7, 3]}
{[9, 7, 3, 2, 0]}
34
17 8 3
13 15 9
7 18 21
0 10 19
14 15 19
6 9 24
7 17 5
6 2 11
0 9 25
1 8 5
3 18 22
13 7 16
16 14 30
1 11 14
13 4 12
1 16 4
15 11 12
0 6 20
2 10 20
3 4 20
17 18 19
23 24 2
23 25 10
21 22 27
21 26 5
22 31 8
24 28 32
23 29 32
26 29 30
27 28 31
28 33 12
25 29 33
26 27 33
30 31 32
103
{[25, 24, 13, 7, 3]}
{[5, 4, 2, 1, 0]}
34
17 8 3
13 15 9
7 18 23
0 10 19
14 15 19
6 9 24
7 17 5
6 2 11
0 9 22
1 8 5
3 18 21
13 7 16
16 14 27
1 11 14
13 4 12
1 16 4
15 11 12
0 6 20
2 10 20
3 4 20
17 18 19
22 25 10
21 26 8
24 25 2
23 31 5
21 23 30
22 28 32
29 32 12
26 29 30
27 28 31
25 28 33
24 29 33
26 27 33
30 31 32
104
{[25, 24, 13, 7, 3]}
{[8, 7, 4, 2, 0]}
34
17 8 3
13 15 9
7 18 31
0 10 19
14 15 19
6 9 21
7 17 5
6 2 11
0 9 23
1 8 5
3 18 25
13 7 16
16 14 22
1 11 14
13 4 12
1 16 4
15 11 12
0 6 20
2 10 20
3 4 20
17 18 19
23 24 5
24 25 12
21 27 8
21 22 26
22 30 10
24 28 32
23 29 32
26 29 30
27 28 31
25 28 33
29 33 2
26 27 33
30 31 32
105
{[25, 24, 13, 7, 3]}
{[16, 13, 12, 11, 10]}
34
17 8 3
13 15 9
7 18 26
0 10 19
14 15 19
6 9 27
7 17 5
6 2 11
0 9 32
1 8 5
3 18 33
13 7 16
16 14 31
1 11 14
13 4 12
1 16 4
15 11 12
0 6 20
2 10 20
3 4 20
17 18 19
23 24 25
23 26 27
21 22 28
21 27 30
21 26 29
22 25 2
22 24 5
23 29 30
25 28 32
24 28 31
30 33 12
29 33 8
31 32 10
106
{[25, 24, 13, 7, 3]}
{[17, 16, 14, 12, 10]}
34
17 8 3
13 15 9
7 18 27
0 10 19
14 15 19
6 9 30
7 17 5
6 2 11
0 9 31
1 8 5
3 18 32
13 7 16
16 14 33
1 11 14
13 4 12
1 16 4
15 11 12
0 6 20
2 10 20
3 4 20
17 18 19
23 24 25
23 26 27
21 22 28
21 27 30
21 26 29
22 25 31
22 24 2
23 29 30
25 28 33
24 28 5
26 32 8
31 33 10
29 32 12
107
{[25, 24, 13, 7, 3]}
{[16, 13, 12, 11, 10]}
34
17 8 3
13 15 9
7 18 31
0 10 19
14 15 19
6 9 33
7 17 5
6 2 11
0 9 32
1 8 5
3 18 27
13 7 16
16 14 26
1 11 14
13 4 12
1 16 4
15 11 12
0 6 20
2 10 20
3 4 20
17 18 19
23 24 25
23 26 27
21 22 28
21 27 30
21 26 29
22 25 12
22 24 10
23 29 30
25 28 32
24 28 31
30 33 2
29 33 8
31 32 5
108
{[25, 24, 13, 7, 3]}
{[17, 16, 14, 12, 10]}
34
17 8 3
13 15 9
7 18 33
0 10 19
14 15 19
6 9 32
7 17 5
6 2 11
0 9 31
1 8 5
3 18 30
13 7 16
16 14 27
1 11 14
13 4 12
1 16 4
15 11 12
0 6 20
2 10 20
3 4 20
17 18 19
23 24 25
23 26 27
21 22 28
21 27 30
21 26 29
22 25 31
22 24 12
23 29 30
25 28 33
24 28 10
26 32 8
31 33 5
29 32 2
109
{[25, 24, 13, 7, 3]}
{[17, 16, 15, 13, 11]}
34
17 8 3
13 15 9
7 18 31
0 10 19
14 15 19
6 9 32
7 17 5
6 2 11
0 9 33
1 8 5
3 18 26
13 7 16
16 14 29
1 11 14
13 4 12
1 16 4
15 11 12
0 6 20
2 10 20
3 4 20
17 18 19
23 24 25
23 26 27
21 22 28
21 27 30
21 26 29
22 25 10
22 24 31
23 29 30
25 28 12
24 28 33
27 32 2
31 33 5
30 32 8
110
{[25, 24, 13, 7, 3]}
{[17, 16, 15, 13, 11]}
34
17 8 3
13 15 9
7 18 29
0 10 19
14 15 19
6 9 26
7 17 5
6 2 11
0 9 33
1 8 5
3 18 32
13 7 16
16 14 31
1 11 14
13 4 12
1 16 4
15 11 12
0 6 20
2 10 20
3 4 20
17 18 19
23 24 25
23 26 27
21 22 28
21 27 30
21 26 29
22 25 5
22 24 31
23 29 30
25 28 2
24 28 33
27 32 12
31 33 10
30 32 8
111
{[25, 24, 13, 7, 3]}
{[17, 15, 14, 13, 12]}
34
17 8 3
13 15 9
7 18 32
0 10 19
14 15 19
6 9 33
7 17 5
6 2 11
0 9 31
1 8 5
3 18 29
13 7 16
16 14 30
1 11 14
13 4 12
1 16 4
15 11 12
0 6 20
2 10 20
3 4 20
17 18 19
23 24 25
23 26 27
21 22 28
21 27 30
21 26 29
22 25 32
22 24 31
23 29 30
25 28 10
24 28 12
27 33 8
26 33 2
31 32 5
112
{[25, 24, 13, 7, 3]}
{[17, 15, 14, 13, 12]}
34
17 8 3
13 15 9
7 18 30
0 10 19
14 15 19
6 9 29
7 17 5
6 2 11
0 9 31
1 8 5
3 18 33
13 7 16
16 14 32
1 11 14
13 4 12
1 16 4
15 11 12
0 6 20
2 10 20
3 4 20
17 18 19
23 24 25
23 26 27
21 22 28
21 27 30
21 26 29
22 25 32
22 24 31
23 29 30
25 28 5
24 28 2
27 33 8
26 33 12
31 32 10
113
{[25, 24, 13, 7, 3]}
{[5, 4, 2, 1, 0]}
34
17 8 3
13 15 9
7 18 23
0 10 19
14 15 19
6 9 24
7 17 5
6 2 11
0 9 22
1 8 5
3 18 21
13 7 16
16 14 27
1 11 14
13 4 12
1 16 4
15 11 12
0 6 20
2 10 20
3 4 20
17 18 19
22 25 10
21 26 8
24 25 2
23 31 5
21 23 30
22 28 32
29 32 12
26 29 30
27 28 31
25 28 33
24 29 33
26 27 33
30 31 32
114
{[25, 24, 13, 7, 3]}
{[6, 3, 2, 1, 0]}
34
17 8 3
13 15 9
7 18 26
0 10 19
14 15 19
6 9 23
7 17 5
6 2 11
0 9 25
1 8 5
3 18 22
13 7 16
16 14 21
1 11 14
13 4 12
1 16 4
15 11 12
0 6 20
2 10 20
3 4 20
17 18 19
22 24 12
21 27 10
24 25 5
21 23 31
23 30 8
28 32 2
22 29 32
26 29 30
27 28 31
25 28 33
24 29 33
26 27 33
30 31 32
115
{[25, 24, 13, 7, 3]}
{[8, 7, 4, 2, 0]}
34
17 8 3
13 15 9
7 18 31
0 10 19
14 15 19
6 9 21
7 17 5
6 2 11
0 9 23
1 8 5
3 18 25
13 7 16
16 14 22
1 11 14
13 4 12
1 16 4
15 11 12
0 6 20
2 10 20
3 4 20
17 18 19
23 24 5
24 25 12
21 27 8
21 22 26
22 30 10
24 28 32
23 29 32
26 29 30
27 28 31
25 28 33
29 33 2
26 27 33
30 31 32
116
{[25, 24, 13, 7, 3]}
{[9, 7, 3, 2, 0]}
34
17 8 3
13 15 9
7 18 21
0 10 19
14 15 19
6 9 24
7 17 5
6 2 11
0 9 25
1 8 5
3 18 22
13 7 16
16 14 30
1 11 14
13 4 12
1 16 4
15 11 12
0 6 20
2 10 20
3 4 20
17 18 19
23 24 2
23 25 10
21 22 27
21 26 5
22 31 8
24 28 32
23 29 32
26 29 30
27 28 31
28 33 12
25 29 33
26 27 33
30 31 32
117
{[25, 24, 13, 7, 3]}
{[6, 3, 2, 1, 0]}
34
17 8 3
13 15 9
7 18 21
0 10 19
14 15 19
6 9 22
7 17 5
6 2 11
0 9 25
1 8 5
3 18 23
13 7 16
16 14 26
1 11 14
13 4 12
1 16 4
15 11 12
0 6 20
2 10 20
3 4 20
17 18 19
22 24 2
21 27 5
24 25 10
21 23 31
23 30 8
28 32 12
22 29 32
26 29 30
27 28 31
25 28 33
24 29 33
26 27 33
30 31 32
118
{[25, 24, 13, 7, 3]}
{[9, 7, 3, 2, 0]}
34
17 8 3
13 15 9
7 18 30
0 10 19
14 15 19
6 9 22
7 17 5
6 2 11
0 9 25
1 8 5
3 18 24
13 7 16
16 14 21
1 11 14
13 4 12
1 16 4
15 11 12
0 6 20
2 10 20
3 4 20
17 18 19
23 24 12
23 25 5
21 22 27
21 26 10
22 31 8
24 28 32
23 29 32
26 29 30
27 28 31
28 33 2
25 29 33
26 27 33
30 31 32
119
{[25, 24, 13, 7, 3]}
{[5, 4, 2, 1, 0]}
34
17 8 3
13 15 9
7 18 27
0 10 19
14 15 19
6 9 21
7 17 5
6 2 11
0 9 22
1 8 5
3 18 24
13 7 16
16 14 23
1 11 14
13 4 12
1 16 4
15 11 12
0 6 20
2 10 20
3 4 20
17 18 19
22 25 5
21 26 8
24 25 12
23 31 10
21 23 30
22 28 32
29 32 2
26 29 30
27 28 31
25 28 33
24 29 33
26 27 33
30 31 32
120
{[25, 24, 13, 7, 3]}
{[8, 7, 4, 2, 0]}
34
17 8 3
13 15 9
7 18 22
0 10 19
14 15 19
6 9 25
7 17 5
6 2 11
0 9 23
1 8 5
3 18 21
13 7 16
16 14 31
1 11 14
13 4 12
1 16 4
15 11 12
0 6 20
2 10 20
3 4 20
17 18 19
23 24 10
24 25 2
21 27 8
21 22 26
22 30 5
24 28 32
23 29 32
26 29 30
27 28 31
25 28 33
29 33 12
26 27 33
30 31 32
121
{[25, 24, 13, 7, 3]}
{[16, 13, 12, 11, 10]}
34
17 8 3
13 15 9
7 18 31
0 10 19
14 15 19
6 9 33
7 17 5
6 2 11
0 9 32
1 8 5
3 18 27
13 7 16
16 14 26
1 11 14
13 4 12
1 16 4
15 11 12
0 6 20
2 10 20
3 4 20
17 18 19
23 24 25
23 26 27
21 22 28
21 27 30
21 26 29
22 25 12
22 24 10
23 29 30
25 28 32
24 28 31
30 33 2
29 33 8
31 32 5
122
{[25, 24, 13, 7, 3]}
{[17, 16, 14, 12, 10]}
34
17 8 3
13 15 9
7 18 33
0 10 19
14 15 19
6 9 32
7 17 5
6 2 11
0 9 31
1 8 5
3 18 30
13 7 16
16 14 27
1 11 14
13 4 12
1 16 4
15 11 12
0 6 20
2 10 20
3 4 20
17 18 19
23 24 25
23 26 27
21 22 28
21 27 30
21 26 29
22 25 31
22 24 12
23 29 30
25 28 33
24 28 10
26 32 8
31 33 5
29 32 2
123
{[25, 24, 13, 7, 3]}
{[16, 13, 12, 11, 10]}
34
17 8 3
13 15 9
7 18 26
0 10 19
14 15 19
6 9 27
7 17 5
6 2 11
0 9 32
1 8 5
3 18 33
13 7 16
16 14 31
1 11 14
13 4 12
1 16 4
15 11 12
0 6 20
2 10 20
3 4 20
17 18 19
23 24 25
23 26 27
21 22 28
21 27 30
21 26 29
22 25 2
22 24 5
23 29 30
25 28 32
24 28 31
30 33 12
29 33 8
31 32 10
124
{[25, 24, 13, 7, 3]}
{[17, 16, 14, 12, 10]}
34
17 8 3
13 15 9
7 18 27
0 10 19
14 15 19
6 9 30
7 17 5
6 2 11
0 9 31
1 8 5
3 18 32
13 7 16
16 14 33
1 11 14
13 4 12
1 16 4
15 11 12
0 6 20
2 10 20
3 4 20
17 18 19
23 24 25
23 26 27
21 22 28
21 27 30
21 26 29
22 25 31
22 24 2
23 29 30
25 28 33
24 28 5
26 32 8
31 33 10
29 32 12
125
{[25, 24, 13, 7, 3]}
{[17, 16, 15, 13, 11]}
34
17 8 3
13 15 9
7 18 29
0 10 19
14 15 19
6 9 26
7 17 5
6 2 11
0 9 33
1 8 5
3 18 32
13 7 16
16 14 31
1 11 14
13 4 12
1 16 4
15 11 12
0 6 20
2 10 20
3 4 20
17 18 19
23 24 25
23 26 27
21 22 28
21 27 30
21 26 29
22 25 5
22 24 31
23 29 30
25 28 2
24 28 33
27 32 12
31 33 10
30 32 8
126
{[25, 24, 13, 7, 3]}
{[17, 16, 15, 13, 11]}
34
17 8 3
13 15 9
7 18 31
0 10 19
14 15 19
6 9 32
7 17 5
6 2 11
0 9 33
1 8 5
3 18 26
13 7 16
16 14 29
1 11 14
13 4 12
1 16 4
15 11 12
0 6 20
2 10 20
3 4 20
17 18 19
23 24 25
23 26 27
21 22 28
21 27 30
21 26 29
22 25 10
22 24 31
23 29 30
25 28 12
24 28 33
27 32 2
31 33 5
30 32 8
127
{[25, 24, 13, 7, 3]}
{[17, 15, 14, 13, 12]}
34
17 8 3
13 15 9
7 18 30
0 10 19
14 15 19
6 9 29
7 17 5
6 2 11
0 9 31
1 8 5
3 18 33
13 7 16
16 14 32
1 11 14
13 4 12
1 16 4
15 11 12
0 6 20
2 10 20
3 4 20
17 18 19
23 24 25
23 26 27
21 22 28
21 27 30
21 26 29
22 25 32
22 24 31
23 29 30
25 28 5
24 28 2
27 33 8
26 33 12
31 32 10
128
{[25, 24, 13, 7, 3]}
{[17, 15, 14, 13, 12]}
34
17 8 3
13 15 9
7 18 32
0 10 19
14 15 19
6 9 33
7 17 5
6 2 11
0 9 31
1 8 5
3 18 29
13 7 16
16 14 30
1 11 14
13 4 12
1 16 4
15 11 12
0 6 20
2 10 20
3 4 20
17 18 19
23 24 25
23 26 27
21 22 28
21 27 30
21 26 29
22 25 32
22 24 31
23 29 30
25 28 10
24 28 12
27 33 8
26 33 2
31 32 5
129
{[23, 22, 21, 12, 4]}
{[5, 4, 2, 1, 0]}
34
18 9 22
14 16 10
8 6 23
13 11 6
15 16 21
7 19 10
19 2 3
8 18 5
7 2 12
0 20 10
1 9 5
20 3 24
14 8 17
17 15 3
1 12 15
14 4 13
1 17 4
16 12 13
0 7 27
20 5 6
19 9 11
22 25 4
21 26 0
24 25 2
23 31 11
21 23 30
22 28 32
29 32 18
26 29 30
27 28 31
25 28 33
24 29 33
26 27 33
30 31 32
130
{[23, 22, 21, 12, 4]}
{[6, 3, 2, 1, 0]}
34
18 9 25
14 16 10
8 6 26
13 11 6
15 16 22
7 19 10
19 2 3
8 18 5
7 2 12
0 20 10
1 9 5
20 3 23
14 8 17
17 15 3
1 12 15
14 4 13
1 17 4
16 12 13
0 7 21
20 5 6
19 9 11
22 24 18
21 27 4
24 25 11
21 23 31
23 30 0
28 32 2
22 29 32
26 29 30
27 28 31
25 28 33
24 29 33
26 27 33
30 31 32
131
{[23, 22, 21, 12, 4]}
{[8, 7, 4, 2, 0]}
34
18 9 23
14 16 10
8 6 31
13 11 6
15 16 25
7 19 10
19 2 3
8 18 5
7 2 12
0 20 10
1 9 5
20 3 21
14 8 17
17 15 3
1 12 15
14 4 13
1 17 4
16 12 13
0 7 22
20 5 6
19 9 11
23 24 11
24 25 18
21 27 0
21 22 26
22 30 4
24 28 32
23 29 32
26 29 30
27 28 31
25 28 33
29 33 2
26 27 33
30 31 32
132
{[23, 22, 21, 12, 4]}
{[9, 7, 3, 2, 0]}
34
18 9 25
14 16 10
8 6 21
13 11 6
15 16 22
7 19 10
19 2 3
8 18 5
7 2 12
0 20 10
1 9 5
20 3 24
14 8 17
17 15 3
1 12 15
14 4 13
1 17 4
16 12 13
0 7 30
20 5 6
19 9 11
23 24 2
23 25 4
21 22 27
21 26 11
22 31 0
24 28 32
23 29 32
26 29 30
27 28 31
28 33 18
25 29 33
26 27 33
30 31 32
133
{[23, 22, 21, 12, 4]}
{[6, 3, 2, 1, 0]}
34
18 9 25
14 16 10
8 6 21
13 11 6
15 16 23
7 19 10
19 2 3
8 18 5
7 2 12
0 20 10
1 9 5
20 3 22
14 8 17
17 15 3
1 12 15
14 4 13
1 17 4
16 12 13
0 7 26
20 5 6
19 9 11
22 24 2
21 27 11
24 25 4
21 23 31
23 30 0
28 32 18
22 29 32
26 29 30
27 28 31
25 28 33
24 29 33
26 27 33
30 31 32
134
{[23, 22, 21, 12, 4]}
{[9, 7, 3, 2, 0]}
34
18 9 25
14 16 10
8 6 30
13 11 6
15 16 24
7 19 10
19 2 3
8 18 5
7 2 12
0 20 10
1 9 5
20 3 22
14 8 17
17 15 3
1 12 15
14 4 13
1 17 4
16 12 13
0 7 21
20 5 6
19 9 11
23 24 18
23 25 11
21 22 27
21 26 4
22 31 0
24 28 32
23 29 32
26 29 30
27 28 31
28 33 2
25 29 33
26 27 33
30 31 32
135
{[23, 22, 21, 12, 4]}
{[5, 4, 2, 1, 0]}
34
18 9 22
14 16 10
8 6 27
13 11 6
15 16 24
7 19 10
19 2 3
8 18 5
7 2 12
0 20 10
1 9 5
20 3 21
14 8 17
17 15 3
1 12 15
14 4 13
1 17 4
16 12 13
0 7 23
20 5 6
19 9 11
22 25 11
21 26 0
24 25 18
23 31 4
21 23 30
22 28 32
29 32 2
26 29 30
27 28 31
25 28 33
24 29 33
26 27 33
30 31 32
136
{[23, 22, 21, 12, 4]}
{[8, 7, 4, 2, 0]}
34
18 9 23
14 16 10
8 6 22
13 11 6
15 16 21
7 19 10
19 2 3
8 18 5
7 2 12
0 20 10
1 9 5
20 3 25
14 8 17
17 15 3
1 12 15
14 4 13
1 17 4
16 12 13
0 7 31
20 5 6
19 9 11
23 24 4
24 25 2
21 27 0
21 22 26
22 30 11
24 28 32
23 29 32
26 29 30
27 28 31
25 28 33
29 33 18
26 27 33
30 31 32
137
{[23, 22, 21, 12, 4]}
{[16, 13, 12, 11, 10]}
34
18 9 32
14 16 10
8 6 31
13 11 6
15 16 27
7 19 10
19 2 3
8 18 5
7 2 12
0 20 10
1 9 5
20 3 33
14 8 17
17 15 3
1 12 15
14 4 13
1 17 4
16 12 13
0 7 26
20 5 6
19 9 11
23 24 25
23 26 27
21 22 28
21 27 30
21 26 29
22 25 18
22 24 4
23 29 30
25 28 32
24 28 31
30 33 2
29 33 0
31 32 11
138
{[23, 22, 21, 12, 4]}
{[17, 16, 14, 12, 10]}
34
18 9 31
14 16 10
8 6 33
13 11 6
15 16 30
7 19 10
19 2 3
8 18 5
7 2 12
0 20 10
1 9 5
20 3 32
14 8 17
17 15 3
1 12 15
14 4 13
1 17 4
16 12 13
0 7 27
20 5 6
19 9 11
23 24 25
23 26 27
21 22 28
21 27 30
21 26 29
22 25 31
22 24 18
23 29 30
25 28 33
24 28 4
26 32 0
31 33 11
29 32 2
139
{[23, 22, 21, 12, 4]}
{[16, 13, 12, 11, 10]}
34
18 9 32
14 16 10
8 6 26
13 11 6
15 16 33
7 19 10
19 2 3
8 18 5
7 2 12
0 20 10
1 9 5
20 3 27
14 8 17
17 15 3
1 12 15
14 4 13
1 17 4
16 12 13
0 7 31
20 5 6
19 9 11
23 24 25
23 26 27
21 22 28
21 27 30
21 26 29
22 25 2
22 24 11
23 29 30
25 28 32
24 28 31
30 33 18
29 33 0
31 32 4
140
{[23, 22, 21, 12, 4]}
{[17, 16, 14, 12, 10]}
34
18 9 31
14 16 10
8 6 27
13 11 6
15 16 32
7 19 10
19 2 3
8 18 5
7 2 12
0 20 10
1 9 5
20 3 30
14 8 17
17 15 3
1 12 15
14 4 13
1 17 4
16 12 13
0 7 33
20 5 6
19 9 11
23 24 25
23 26 27
21 22 28
21 27 30
21 26 29
22 25 31
22 24 2
23 29 30
25 28 33
24 28 11
26 32 0
31 33 4
29 32 18
141
{[23, 22, 21, 12, 4]}
{[17, 16, 15, 13, 11]}
34
18 9 33
14 16 10
8 6 29
13 11 6
15 16 32
7 19 10
19 2 3
8 18 5
7 2 12
0 20 10
1 9 5
20 3 26
14 8 17
17 15 3
1 12 15
14 4 13
1 17 4
16 12 13
0 7 31
20 5 6
19 9 11
23 24 25
23 26 27
21 22 28
21 27 30
21 26 29
22 25 11
22 24 31
23 29 30
25 28 2
24 28 33
27 32 18
31 33 4
30 32 0
142
{[23, 22, 21, 12, 4]}
{[17, 16, 15, 13, 11]}
34
18 9 33
14 16 10
8 6 31
13 11 6
15 16 26
7 19 10
19 2 3
8 18 5
7 2 12
0 20 10
1 9 5
20 3 32
14 8 17
17 15 3
1 12 15
14 4 13
1 17 4
16 12 13
0 7 29
20 5 6
19 9 11
23 24 25
23 26 27
21 22 28
21 27 30
21 26 29
22 25 4
22 24 31
23 29 30
25 28 18
24 28 33
27 32 2
31 33 11
30 32 0
143
{[23, 22, 21, 12, 4]}
{[17, 15, 14, 13, 12]}
34
18 9 31
14 16 10
8 6 30
13 11 6
15 16 33
7 19 10
19 2 3
8 18 5
7 2 12
0 20 10
1 9 5
20 3 29
14 8 17
17 15 3
1 12 15
14 4 13
1 17 4
16 12 13
0 7 32
20 5 6
19 9 11
23 24 25
23 26 27
21 22 28
21 27 30
21 26 29
22 25 32
22 24 31
23 29 30
25 28 11
24 28 2
27 33 0
26 33 18
31 32 4
144
{[23, 22, 21, 12, 4]}
{[17, 15, 14, 13, 12]}
34
18 9 31
14 16 10
8 6 32
13 11 6
15 16 29
7 19 10
19 2 3
8 18 5
7 2 12
0 20 10
1 9 5
20 3 33
14 8 17
17 15 3
1 12 15
14 4 13
1 17 4
16 12 13
0 7 30
20 5 6
19 9 11
23 24 25
23 26 27
21 22 28
21 27 30
21 26 29
22 25 32
22 24 31
23 29 30
25 28 4
24 28 18
27 33 0
26 33 2
31 32 11
145
{[23, 22, 21, 12, 4]}
{[5, 4, 2, 1, 0]}
34
18 9 22
14 16 10
8 6 27
13 11 6
15 16 24
7 19 10
19 2 3
8 18 5
7 2 12
0 20 10
1 9 5
20 3 21
14 8 17
17 15 3
1 12 15
14 4 13
1 17 4
16 12 13
0 7 23
20 5 6
19 9 11
22 25 11
21 26 0
24 25 18
23 31 4
21 23 30
22 28 32
29 32 2
26 29 30
27 28 31
25 28 33
24 29 33
26 27 33
30 31 32
146
{[23, 22, 21, 12, 4]}
{[6, 3, 2, 1, 0]}
34
18 9 25
14 16 10
8 6 21
13 11 6
15 16 23
7 19 10
19 2 3
8 18 5
7 2 12
0 20 10
1 9 5
20 3 22
14 8 17
17 15 3
1 12 15
14 4 13
1 17 4
16 12 13
0 7 26
20 5 6
19 9 11
22 24 2
21 27 11
24 25 4
21 23 31
23 30 0
28 32 18
22 29 32
26 29 30
27 28 31
25 28 33
24 29 33
26 27 33
30 31 32
147
{[23, 22, 21, 12, 4]}
{[8, 7, 4, 2, 0]}
34
18 9 23
14 16 10
8 6 22
13 11 6
15 16 21
7 19 10
19 2 3
8 18 5
7 2 12
0 20 10
1 9 5
20 3 25
14 8 17
17 15 3
1 12 15
14 4 13
1 17 4
16 12 13
0 7 31
20 5 6
19 9 11
23 24 4
24 25 2
21 27 0
21 22 26
22 30 11
24 28 32
23 29 32
26 29 30
27 28 31
25 28 33
29 33 18
26 27 33
30 31 32
148
{[23, 22, 21, 12, 4]}
{[9, 7, 3, 2, 0]}
34
18 9 25
14 16 10
8 6 30
13 11 6
15 16 24
7 19 10
19 2 3
8 18 5
7 2 12
0 20 10
1 9 5
20 3 22
14 8 17
17 15 3
1 12 15
14 4 13
1 17 4
16 12 13
0 7 21
20 5 6
19 9 11
23 24 18
23 25 11
21 22 27
21 26 4
22 31 0
24 28 32
23 29 32
26 29 30
27 28 31
28 33 2
25 29 33
26 27 33
30 31 32
149
{[23, 22, 21, 12, 4]}
{[6, 3, 2, 1, 0]}
34
18 9 25
14 16 10
8 6 26
13 11 6
15 16 22
7 19 10
19 2 3
8 18 5
7 2 12
0 20 10
1 9 5
20 3 23
14 8 17
17 15 3
1 12 15
14 4 13
1 17 4
16 12 13
0 7 21
20 5 6
19 9 11
22 24 18
21 27 4
24 25 11
21 23 31
23 30 0
28 32 2
22 29 32
26 29 30
27 28 31
25 28 33
24 29 33
26 27 33
30 31 32
150
{[23, 22, 21, 12, 4]}
{[9, 7, 3, 2, 0]}
34
18 9 25
14 16 10
8 6 21
13 11 6
15 16 22
7 19 10
19 2 3
8 18 5
7 2 12
0 20 10
1 9 5
20 3 24
14 8 17
17 15 3
1 12 15
14 4 13
1 17 4
16 12 13
0 7 30
20 5 6
19 9 11
23 24 2
23 25 4
21 22 27
21 26 11
22 31 0
24 28 32
23 29 32
26 29 30
27 28 31
28 33 18
25 29 33
26 27 33
30 31 32
151
{[23, 22, 21, 12, 4]}
{[5, 4, 2, 1, 0]}
34
18 9 22
14 16 10
8 6 23
13 11 6
15 16 21
7 19 10
19 2 3
8 18 5
7 2 12
0 20 10
1 9 5
20 3 24
14 8 17
17 15 3
1 12 15
14 4 13
1 17 4
16 12 13
0 7 27
20 5 6
19 9 11
22 25 4
21 26 0
24 25 2
23 31 11
21 23 30
22 28 32
29 32 18
26 29 30
27 28 31
25 28 33
24 29 33
26 27 33
30 31 32
152
{[23, 22, 21, 12, 4]}
{[8, 7, 4, 2, 0]}
34
18 9 23
14 16 10
8 6 31
13 11 6
15 16 25
7 19 10
19 2 3
8 18 5
7 2 12
0 20 10
1 9 5
20 3 21
14 8 17
17 15 3
1 12 15
14 4 13
1 17 4
16 12 13
0 7 22
20 5 6
19 9 11
23 24 11
24 25 18
21 27 0
21 22 26
22 30 4
24 28 32
23 29 32
26 29 30
27 28 31
25 28 33
29 33 2
26 27 33
30 31 32
153
{[23, 22, 21, 12, 4]}
{[16, 13, 12, 11, 10]}
34
18 9 32
14 16 10
8 6 26
13 11 6
15 16 33
7 19 10
19 2 3
8 18 5
7 2 12
0 20 10
1 9 5
20 3 27
14 8 17
17 15 3
1 12 15
14 4 13
1 17 4
16 12 13
0 7 31
20 5 6
19 9 11
23 24 25
23 26 27
21 22 28
21 27 30
21 26 29
22 25 2
22 24 11
23 29 30
25 28 32
24 28 31
30 33 18
29 33 0
31 32 4
154
{[23, 22, 21, 12, 4]}
{[17, 16, 14, 12, 10]}
34
18 9 31
14 16 10
8 6 27
13 11 6
15 16 32
7 19 10
19 2 3
8 18 5
7 2 12
0 20 10
1 9 5
20 3 30
14 8 17
17 15 3
1 12 15
14 4 13
1 17 4
16 12 13
0 7 33
20 5 6
19 9 11
23 24 25
23 26 27
21 22 28
21 27 30
21 26 29
22 25 31
22 24 2
23 29 30
25 28 33
24 28 11
26 32 0
31 33 4
29 32 18
155
{[23, 22, 21, 12, 4]}
{[16, 13, 12, 11, 10]}
34
18 9 32
14 16 10
8 6 31
13 11 6
15 16 27
7 19 10
19 2 3
8 18 5
7 2 12
0 20 10
1 9 5
20 3 33
14 8 17
17 15 3
1 12 15
14 4 13
1 17 4
16 12 13
0 7 26
20 5 6
19 9 11
23 24 25
23 26 27
21 22 28
21 27 30
21 26 29
22 25 18
22 24 4
23 29 30
25 28 32
24 28 31
30 33 2
29 33 0
31 32 11
156
{[23, 22, 21, 12, 4]}
{[17, 16, 14, 12, 10]}
34
18 9 31
14 16 10
8 6 33
13 11 6
15 16 30
7 19 10
19 2 3
8 18 5
7 2 12
0 20 10
1 9 5
20 3 32
14 8 17
17 15 3
1 12 15
14 4 13
1 17 4
16 12 13
0 7 27
20 5 6
19 9 11
23 24 25
23 26 27
21 22 28
21 27 30
21 26 29
22 25 31
22 24 18
23 29 30
25 28 33
24 28 4
26 32 0
31 33 11
29 32 2
157
{[23, 22, 21, 12, 4]}
{[17, 16, 15, 13, 11]}
34
18 9 33
14 16 10
8 6 31
13 11 6
15 16 26
7 19 10
19 2 3
8 18 5
7 2 12
0 20 10
1 9 5
20 3 32
14 8 17
17 15 3
1 12 15
14 4 13
1 17 4
16 12 13
0 7 29
20 5 6
19 9 11
23 24 25
23 26 27
21 22 28
21 27 30
21 26 29
22 25 4
22 24 31
23 29 30
25 28 18
24 28 33
27 32 2
31 33 11
30 32 0
158
{[23, 22, 21, 12, 4]}
{[17, 16, 15, 13, 11]}
34
18 9 33
14 16 10
8 6 29
13 11 6
15 16 32
7 19 10
19 2 3
8 18 5
7 2 12
0 20 10
1 9 5
20 3 26
14 8 17
17 15 3
1 12 15
14 4 13
1 17 4
16 12 13
0 7 31
20 5 6
19 9 11
23 24 25
23 26 27
21 22 28
21 27 30
21 26 29
22 25 11
22 24 31
23 29 30
25 28 2
24 28 33
27 32 18
31 33 4
30 32 0
159
{[23, 22, 21, 12, 4]}
{[17, 15, 14, 13, 12]}
34
18 9 31
14 16 10
8 6 32
13 11 6
15 16 29
7 19 10
19 2 3
8 18 5
7 2 12
0 20 10
1 9 5
20 3 33
14 8 17
17 15 3
1 12 15
14 4 13
1 17 4
16 12 13
0 7 30
20 5 6
19 9 11
23 24 25
23 26 27
21 22 28
21 27 30
21 26 29
22 25 32
22 24 31
23 29 30
25 28 4
24 28 18
27 33 0
26 33 2
31 32 11
160
{[23, 22, 21, 12, 4]}
{[17, 15, 14, 13, 12]}
34
18 9 31
14 16 10
8 6 30
13 11 6
15 16 33
7 19 10
19 2 3
8 18 5
7 2 12
0 20 10
1 9 5
20 3 29
14 8 17
17 15 3
1 12 15
14 4 13
1 17 4
16 12 13
0 7 32
20 5 6
19 9 11
23 24 25
23 26 27
21 22 28
21 27 30
21 26 29
22 25 32
22 24 31
23 29 30
25 28 11
24 28 2
27 33 0
26 33 18
31 32 4
161
{[19, 18, 17, 15, 5]}
{[5, 4, 2, 1, 0]}
34
15 9 4
14 10 24
8 16 6
12 6 21
0 11 17
7 19 10
19 2 3
8 15 5
7 2 13
0 20 10
1 9 5
4 12 16
20 3 11
14 8 22
1 13 27
0 7 18
2 11 18
4 18 23
15 16 17
20 5 6
19 9 12
22 25 3
21 26 13
24 25 17
23 31 1
21 23 30
22 28 32
29 32 14
26 29 30
27 28 31
25 28 33
24 29 33
26 27 33
30 31 32
162
{[19, 18, 17, 15, 5]}
{[6, 3, 2, 1, 0]}
34
15 9 4
14 10 23
8 16 6
12 6 22
0 11 17
7 19 10
19 2 3
8 15 5
7 2 13
0 20 10
1 9 5
4 12 16
20 3 11
14 8 25
1 13 21
0 7 18
2 11 18
4 18 26
15 16 17
20 5 6
19 9 12
22 24 14
21 27 3
24 25 1
21 23 31
23 30 13
28 32 17
22 29 32
26 29 30
27 28 31
25 28 33
24 29 33
26 27 33
30 31 32
163
{[19, 18, 17, 15, 5]}
{[8, 7, 4, 2, 0]}
34
15 9 4
14 10 21
8 16 6
12 6 25
0 11 17
7 19 10
19 2 3
8 15 5
7 2 13
0 20 10
1 9 5
4 12 16
20 3 11
14 8 23
1 13 22
0 7 18
2 11 18
4 18 31
15 16 17
20 5 6
19 9 12
23 24 1
24 25 14
21 27 13
21 22 26
22 30 3
24 28 32
23 29 32
26 29 30
27 28 31
25 28 33
29 33 17
26 27 33
30 31 32
164
{[19, 18, 17, 15, 5]}
{[9, 7, 3, 2, 0]}
34
15 9 4
14 10 24
8 16 6
12 6 22
0 11 17
7 19 10
19 2 3
8 15 5
7 2 13
0 20 10
1 9 5
4 12 16
20 3 11
14 8 25
1 13 30
0 7 18
2 11 18
4 18 21
15 16 17
20 5 6
19 9 12
23 24 17
23 25 3
21 22 27
21 26 1
22 31 13
24 28 32
23 29 32
26 29 30
27 28 31
28 33 14
25 29 33
26 27 33
30 31 32
165
{[19, 18, 17, 15, 5]}
{[6, 3, 2, 1, 0]}
34
15 9 4
14 10 22
8 16 6
12 6 23
0 11 17
7 19 10
19 2 3
8 15 5
7 2 13
0 20 10
1 9 5
4 12 16
20 3 11
14 8 25
1 13 26
0 7 18
2 11 18
4 18 21
15 16 17
20 5 6
19 9 12
22 24 17
21 27 1
24 25 3
21 23 31
23 30 13
28 32 14
22 29 32
26 29 30
27 28 31
25 28 33
24 29 33
26 27 33
30 31 32
166
{[19, 18, 17, 15, 5]}
{[9, 7, 3, 2, 0]}
34
15 9 4
14 10 22
8 16 6
12 6 24
0 11 17
7 19 10
19 2 3
8 15 5
7 2 13
0 20 10
1 9 5
4 12 16
20 3 11
14 8 25
1 13 21
0 7 18
2 11 18
4 18 30
15 16 17
20 5 6
19 9 12
23 24 14
23 25 1
21 22 27
21 26 3
22 31 13
24 28 32
23 29 32
26 29 30
27 28 31
28 33 17
25 29 33
26 27 33
30 31 32
167
{[19, 18, 17, 15, 5]}
{[5, 4, 2, 1, 0]}
34
15 9 4
14 10 21
8 16 6
12 6 24
0 11 17
7 19 10
19 2 3
8 15 5
7 2 13
0 20 10
1 9 5
4 12 16
20 3 11
14 8 22
1 13 23
0 7 18
2 11 18
4 18 27
15 16 17
20 5 6
19 9 12
22 25 1
21 26 13
24 25 14
23 31 3
21 23 30
22 28 32
29 32 17
26 29 30
27 28 31
25 28 33
24 29 33
26 27 33
30 31 32
168
{[19, 18, 17, 15, 5]}
{[8, 7, 4, 2, 0]}
34
15 9 4
14 10 25
8 16 6
12 6 21
0 11 17
7 19 10
19 2 3
8 15 5
7 2 13
0 20 10
1 9 5
4 12 16
20 3 11
14 8 23
1 13 31
0 7 18
2 11 18
4 18 22
15 16 17
20 5 6
19 9 12
23 24 3
24 25 17
21 27 13
21 22 26
22 30 1
24 28 32
23 29 32
26 29 30
27 28 31
25 28 33
29 33 14
26 27 33
30 31 32
169
{[19, 18, 17, 15, 5]}
{[16, 13, 12, 11, 10]}
34
15 9 4
14 10 33
8 16 6
12 6 27
0 11 17
7 19 10
19 2 3
8 15 5
7 2 13
0 20 10
1 9 5
4 12 16
20 3 11
14 8 32
1 13 26
0 7 18
2 11 18
4 18 31
15 16 17
20 5 6
19 9 12
23 24 25
23 26 27
21 22 28
21 27 30
21 26 29
22 25 14
22 24 3
23 29 30
25 28 32
24 28 31
30 33 17
29 33 13
31 32 1
170
{[19, 18, 17, 15, 5]}
{[17, 16, 14, 12, 10]}
34
15 9 4
14 10 32
8 16 6
12 6 30
0 11 17
7 19 10
19 2 3
8 15 5
7 2 13
0 20 10
1 9 5
4 12 16
20 3 11
14 8 31
1 13 27
0 7 18
2 11 18
4 18 33
15 16 17
20 5 6
19 9 12
23 24 25
23 26 27
21 22 28
21 27 30
21 26 29
22 25 31
22 24 14
23 29 30
25 28 33
24 28 3
26 32 13
31 33 1
29 32 17
171
{[19, 18, 17, 15, 5]}
{[16, 13, 12, 11, 10]}
34
15 9 4
14 10 27
8 16 6
12 6 33
0 11 17
7 19 10
19 2 3
8 15 5
7 2 13
0 20 10
1 9 5
4 12 16
20 3 11
14 8 32
1 13 31
0 7 18
2 11 18
4 18 26
15 16 17
20 5 6
19 9 12
23 24 25
23 26 27
21 22 28
21 27 30
21 26 29
22 25 17
22 24 1
23 29 30
25 28 32
24 28 31
30 33 14
29 33 13
31 32 3
172
{[19, 18, 17, 15, 5]}
{[17, 16, 14, 12, 10]}
34
15 9 4
14 10 30
8 16 6
12 6 32
0 11 17
7 19 10
19 2 3
8 15 5
7 2 13
0 20 10
1 9 5
4 12 16
20 3 11
14 8 31
1 13 33
0 7 18
2 11 18
4 18 27
15 16 17
20 5 6
19 9 12
23 24 25
23 26 27
21 22 28
21 27 30
21 26 29
22 25 31
22 24 17
23 29 30
25 28 33
24 28 1
26 32 13
31 33 3
29 32 14
173
{[19, 18, 17, 15, 5]}
{[17, 16, 15, 13, 11]}
34
15 9 4
14 10 26
8 16 6
12 6 32
0 11 17
7 19 10
19 2 3
8 15 5
7 2 13
0 20 10
1 9 5
4 12 16
20 3 11
14 8 33
1 13 31
0 7 18
2 11 18
4 18 29
15 16 17
20 5 6
19 9 12
23 24 25
23 26 27
21 22 28
21 27 30
21 26 29
22 25 1
22 24 31
23 29 30
25 28 17
24 28 33
27 32 14
31 33 3
30 32 13
174
{[19, 18, 17, 15, 5]}
{[17, 16, 15, 13, 11]}
34
15 9 4
14 10 32
8 16 6
12 6 26
0 11 17
7 19 10
19 2 3
8 15 5
7 2 13
0 20 10
1 9 5
4 12 16
20 3 11
14 8 33
1 13 29
0 7 18
2 11 18
4 18 31
15 16 17
20 5 6
19 9 12
23 24 25
23 26 27
21 22 28
21 27 30
21 26 29
22 25 3
22 24 31
23 29 30
25 28 14
24 28 33
27 32 17
31 33 1
30 32 13
175
{[19, 18, 17, 15, 5]}
{[17, 15, 14, 13, 12]}
34
15 9 4
14 10 29
8 16 6
12 6 33
0 11 17
7 19 10
19 2 3
8 15 5
7 2 13
0 20 10
1 9 5
4 12 16
20 3 11
14 8 31
1 13 32
0 7 18
2 11 18
4 18 30
15 16 17
20 5 6
19 9 12
23 24 25
23 26 27
21 22 28
21 27 30
21 26 29
22 25 32
22 24 31
23 29 30
25 28 1
24 28 17
27 33 13
26 33 14
31 32 3
176
{[19, 18, 17, 15, 5]}
{[17, 15, 14, 13, 12]}
34
15 9 4
14 10 33
8 16 6
12 6 29
0 11 17
7 19 10
19 2 3
8 15 5
7 2 13
0 20 10
1 9 5
4 12 16
20 3 11
14 8 31
1 13 30
0 7 18
2 11 18
4 18 32
15 16 17
20 5 6
19 9 12
23 24 25
23 26 27
21 22 28
21 27 30
21 26 29
22 25 32
22 24 31
23 29 30
25 28 3
24 28 14
27 33 13
26 33 17
31 32 1
177
{[19, 18, 17, 15, 5]}
{[5, 4, 2, 1, 0]}
34
15 9 4
14 10 21
8 16 6
12 6 24
0 11 17
7 19 10
19 2 3
8 15 5
7 2 13
0 20 10
1 9 5
4 12 16
20 3 11
14 8 22
1 13 23
0 7 18
2 11 18
4 18 27
15 16 17
20 5 6
19 9 12
22 25 1
21 26 13
24 25 14
23 31 3
21 23 30
22 28 32
29 32 17
26 29 30
27 28 31
25 28 33
24 29 33
26 27 33
30 31 32
178
{[19, 18, 17, 15, 5]}
{[6, 3, 2, 1, 0]}
34
15 9 4
14 10 22
8 16 6
12 6 23
0 11 17
7 19 10
19 2 3
8 15 5
7 2 13
0 20 10
1 9 5
4 12 16
20 3 11
14 8 25
1 13 26
0 7 18
2 11 18
4 18 21
15 16 17
20 5 6
19 9 12
22 24 17
21 27 1
24 25 3
21 23 31
23 30 13
28 32 14
22 29 32
26 29 30
27 28 31
25 28 33
24 29 33
26 27 33
30 31 32
179
{[19, 18, 17, 15, 5]}
{[8, 7, 4, 2, 0]}
34
15 9 4
14 10 25
8 16 6
12 6 21
0 11 17
7 19 10
19 2 3
8 15 5
7 2 13
0 20 10
1 9 5
4 12 16
20 3 11
14 8 23
1 13 31
0 7 18
2 11 18
4 18 22
15 16 17
20 5 6
19 9 12
23 24 3
24 25 17
21 27 13
21 22 26
22 30 1
24 28 32
23 29 32
26 29 30
27 28 31
25 28 33
29 33 14
26 27 33
30 31 32
180
{[19, 18, 17, 15, 5]}
{[9, 7, 3, 2, 0]}
34
15 9 4
14 10 22
8 16 6
12 6 24
0 11 17
7 19 10
19 2 3
8 15 5
7 2 13
0 20 10
1 9 5
4 12 16
20 3 11
14 8 25
1 13 21
0 7 18
2 11 18
4 18 30
15 16 17
20 5 6
19 9 12
23 24 14
23 25 1
21 22 27
21 26 3
22 31 13
24 28 32
23 29 32
26 29 30
27 28 31
28 33 17
25 29 33
26 27 33
30 31 32
181
{[19, 18, 17, 15, 5]}
{[6, 3, 2, 1, 0]}
34
15 9 4
14 10 23
8 16 6
12 6 22
0 11 17
7 19 10
19 2 3
8 15 5
7 2 13
0 20 10
1 9 5
4 12 16
20 3 11
14 8 25
1 13 21
0 7 18
2 11 18
4 18 26
15 16 17
20 5 6
19 9 12
22 24 14
21 27 3
24 25 1
21 23 31
23 30 13
28 32 17
22 29 32
26 29 30
27 28 31
25 28 33
24 29 33
26 27 33
30 31 32
182
{[19, 18, 17, 15, 5]}
{[9, 7, 3, 2, 0]}
34
15 9 4
14 10 24
8 16 6
12 6 22
0 11 17
7 19 10
19 2 3
8 15 5
7 2 13
0 20 10
1 9 5
4 12 16
20 3 11
14 8 25
1 13 30
0 7 18
2 11 18
4 18 21
15 16 17
20 5 6
19 9 12
23 24 17
23 25 3
21 22 27
21 26 1
22 31 13
24 28 32
23 29 32
26 29 30
27 28 31
28 33 14
25 29 33
26 27 33
30 31 32
183
{[19, 18, 17, 15, 5]}
{[5, 4, 2, 1, 0]}
34
15 9 4
14 10 24
8 16 6
12 6 21
0 11 17
7 19 10
19 2 3
8 15 5
7 2 13
0 20 10
1 9 5
4 12 16
20 3 11
14 8 22
1 13 27
0 7 18
2 11 18
4 18 23
15 16 17
20 5 6
19 9 12
22 25 3
21 26 13
24 25 17
23 31 1
21 23 30
22 28 32
29 32 14
26 29 30
27 28 31
25 28 33
24 29 33
26 27 33
30 31 32
184
{[19, 18, 17, 15, 5]}
{[8, 7, 4, 2, 0]}
34
15 9 4
14 10 21
8 16 6
12 6 25
0 11 17
7 19 10
19 2 3
8 15 5
7 2 13
0 20 10
1 9 5
4 12 16
20 3 11
14 8 23
1 13 22
0 7 18
2 11 18
4 18 31
15 16 17
20 5 6
19 9 12
23 24 1
24 25 14
21 27 13
21 22 26
22 30 3
24 28 32
23 29 32
26 29 30
27 28 31
25 28 33
29 33 17
26 27 33
30 31 32
185
{[19, 18, 17, 15, 5]}
{[16, 13, 12, 11, 10]}
34
15 9 4
14 10 27
8 16 6
12 6 33
0 11 17
7 19 10
19 2 3
8 15 5
7 2 13
0 20 10
1 9 5
4 12 16
20 3 11
14 8 32
1 13 31
0 7 18
2 11 18
4 18 26
15 16 17
20 5 6
19 9 12
23 24 25
23 26 27
21 22 28
21 27 30
21 26 29
22 25 17
22 24 1
23 29 30
25 28 32
24 28 31
30 33 14
29 33 13
31 32 3
186
{[19, 18, 17, 15, 5]}
{[17, 16, 14, 12, 10]}
34
15 9 4
14 10 30
8 16 6
12 6 32
0 11 17
7 19 10
19 2 3
8 15 5
7 2 13
0 20 10
1 9 5
4 12 16
20 3 11
14 8 31
1 13 33
0 7 18
2 11 18
4 18 27
15 16 17
20 5 6
19 9 12
23 24 25
23 26 27
21 22 28
21 27 30
21 26 29
22 25 31
22 24 17
23 29 30
25 28 33
24 28 1
26 32 13
31 33 3
29 32 14
187
{[19, 18, 17, 15, 5]}
{[16, 13, 12, 11, 10]}
34
15 9 4
14 10 33
8 16 6
12 6 27
0 11 17
7 19 10
19 2 3
8 15 5
7 2 13
0 20 10
1 9 5
4 12 16
20 3 11
14 8 32
1 13 26
0 7 18
2 11 18
4 18 31
15 16 17
20 5 6
19 9 12
23 24 25
23 26 27
21 22 28
21 27 30
21 26 29
22 25 14
22 24 3
23 29 30
25 28 32
24 28 31
30 33 17
29 33 13
31 32 1
188
{[19, 18, 17, 15, 5]}
{[17, 16, 14, 12, 10]}
34
15 9 4
14 10 32
8 16 6
12 6 30
0 11 17
7 19 10
19 2 3
8 15 5
7 2 13
0 20 10
1 9 5
4 12 16
20 3 11
14 8 31
1 13 27
0 7 18
2 11 18
4 18 33
15 16 17
20 5 6
19 9 12
23 24 25
23 26 27
21 22 28
21 27 30
21 26 29
22 25 31
22 24 14
23 29 30
25 28 33
24 28 3
26 32 13
31 33 1
29 32 17
189
{[19, 18, 17, 15, 5]}
{[17, 16, 15, 13, 11]}
34
15 9 4
14 10 32
8 16 6
12 6 26
0 11 17
7 19 10
19 2 3
8 15 5
7 2 13
0 20 10
1 9 5
4 12 16
20 3 11
14 8 33
1 13 29
0 7 18
2 11 18
4 18 31
15 16 17
20 5 6
19 9 12
23 24 25
23 26 27
21 22 28
21 27 30
21 26 29
22 25 3
22 24 31
23 29 30
25 28 14
24 28 33
27 32 17
31 33 1
30 32 13
190
{[19, 18, 17, 15, 5]}
{[17, 16, 15, 13, 11]}
34
15 9 4
14 10 26
8 16 6
12 6 32
0 11 17
7 19 10
19 2 3
8 15 5
7 2 13
0 20 10
1 9 5
4 12 16
20 3 11
14 8 33
1 13 31
0 7 18
2 11 18
4 18 29
15 16 17
20 5 6
19 9 12
23 24 25
23 26 27
21 22 28
21 27 30
21 26 29
22 25 1
22 24 31
23 29 30
25 28 17
24 28 33
27 32 14
31 33 3
30 32 13
191
{[19, 18, 17, 15, 5]}
{[17, 15, 14, 13, 12]}
34
15 9 4
14 10 33
8 16 6
12 6 29
0 11 17
7 19 10
19 2 3
8 15 5
7 2 13
0 20 10
1 9 5
4 12 16
20 3 11
14 8 31
1 13 30
0 7 18
2 11 18
4 18 32
15 16 17
20 5 6
19 9 12
23 24 25
23 26 27
21 22 28
21 27 30
21 26 29
22 25 32
22 24 31
23 29 30
25 28 3
24 28 14
27 33 13
26 33 17
31 32 1
192
{[19, 18, 17, 15, 5]}
{[17, 15, 14, 13, 12]}
34
15 9 4
14 10 29
8 16 6
12 6 33
0 11 17
7 19 10
19 2 3
8 15 5
7 2 13
0 20 10
1 9 5
4 12 16
20 3 11
14 8 31
1 13 32
0 7 18
2 11 18
4 18 30
15 16 17
20 5 6
19 9 12
23 24 25
23 26 27
21 22 28
21 27 30
21 26 29
22 25 32
22 24 31
23 29 30
25 28 1
24 28 17
27 33 13
26 33 14
31 32 3
193
{[25, 24, 11, 10, 6]}
{[5, 4, 2, 1, 0]}
34
17 4 27
13 15 23
8 18 6
12 10 6
0 9 19
14 15 19
2 3 22
8 17 24
7 2 11
4 10 18
3 9 21
13 8 16
16 14 3
1 11 14
13 5 12
1 16 5
15 11 12
0 7 20
2 9 20
4 5 20
17 18 19
22 25 10
21 26 6
24 25 1
23 31 7
21 23 30
22 28 32
29 32 0
26 29 30
27 28 31
25 28 33
24 29 33
26 27 33
30 31 32
194
{[25, 24, 11, 10, 6]}
{[6, 3, 2, 1, 0]}
34
17 4 21
13 15 26
8 18 6
12 10 6
0 9 19
14 15 19
2 3 25
8 17 23
7 2 11
4 10 18
3 9 22
13 8 16
16 14 3
1 11 14
13 5 12
1 16 5
15 11 12
0 7 20
2 9 20
4 5 20
17 18 19
22 24 0
21 27 10
24 25 7
21 23 31
23 30 6
28 32 1
22 29 32
26 29 30
27 28 31
25 28 33
24 29 33
26 27 33
30 31 32
195
{[25, 24, 11, 10, 6]}
{[8, 7, 4, 2, 0]}
34
17 4 22
13 15 31
8 18 6
12 10 6
0 9 19
14 15 19
2 3 23
8 17 21
7 2 11
4 10 18
3 9 25
13 8 16
16 14 3
1 11 14
13 5 12
1 16 5
15 11 12
0 7 20
2 9 20
4 5 20
17 18 19
23 24 7
24 25 0
21 27 6
21 22 26
22 30 10
24 28 32
23 29 32
26 29 30
27 28 31
25 28 33
29 33 1
26 27 33
30 31 32
196
{[25, 24, 11, 10, 6]}
{[9, 7, 3, 2, 0]}
34
17 4 30
13 15 21
8 18 6
12 10 6
0 9 19
14 15 19
2 3 25
8 17 24
7 2 11
4 10 18
3 9 22
13 8 16
16 14 3
1 11 14
13 5 12
1 16 5
15 11 12
0 7 20
2 9 20
4 5 20
17 18 19
23 24 1
23 25 10
21 22 27
21 26 7
22 31 6
24 28 32
23 29 32
26 29 30
27 28 31
28 33 0
25 29 33
26 27 33
30 31 32
197
{[25, 24, 11, 10, 6]}
{[6, 3, 2, 1, 0]}
34
17 4 26
13 15 21
8 18 6
12 10 6
0 9 19
14 15 19
2 3 25
8 17 22
7 2 11
4 10 18
3 9 23
13 8 16
16 14 3
1 11 14
13 5 12
1 16 5
15 11 12
0 7 20
2 9 20
4 5 20
17 18 19
22 24 1
21 27 7
24 25 10
21 23 31
23 30 6
28 32 0
22 29 32
26 29 30
27 28 31
25 28 33
24 29 33
26 27 33
30 31 32
198
{[25, 24, 11, 10, 6]}
{[9, 7, 3, 2, 0]}
34
17 4 21
13 15 30
8 18 6
12 10 6
0 9 19
14 15 19
2 3 25
8 17 22
7 2 11
4 10 18
3 9 24
13 8 16
16 14 3
1 11 14
13 5 12
1 16 5
15 11 12
0 7 20
2 9 20
4 5 20
17 18 19
23 24 0
23 25 7
21 22 27
21 26 10
22 31 6
24 28 32
23 29 32
26 29 30
27 28 31
28 33 1
25 29 33
26 27 33
30 31 32
199
{[25, 24, 11, 10, 6]}
{[5, 4, 2, 1, 0]}
34
17 4 23
13 15 27
8 18 6
12 10 6
0 9 19
14 15 19
2 3 22
8 17 21
7 2 11
4 10 18
3 9 24
13 8 16
16 14 3
1 11 14
13 5 12
1 16 5
15 11 12
0 7 20
2 9 20
4 5 20
17 18 19
22 25 7
21 26 6
24 25 0
23 31 10
21 23 30
22 28 32
29 32 1
26 29 30
27 28 31
25 28 33
24 29 33
26 27 33
30 31 32
200
{[25, 24, 11, 10, 6]}
{[8, 7, 4, 2, 0]}
34
17 4 31
13 15 22
8 18 6
12 10 6
0 9 19
14 15 19
2 3 23
8 17 25
7 2 11
4 10 18
3 9 21
13 8 16
16 14 3
1 11 14
13 5 12
1 16 5
15 11 12
0 7 20
2 9 20
4 5 20
17 18 19
23 24 10
24 25 1
21 27 6
21 22 26
22 30 7
24 28 32
23 29 32
26 29 30
27 28 31
25 28 33
29 33 0
26 27 33
30 31 32
201
{[25, 24, 11, 10, 6]}
{[16, 13, 12, 11, 10]}
34
17 4 26
13 15 31
8 18 6
12 10 6
0 9 19
14 15 19
2 3 32
8 17 33
7 2 11
4 10 18
3 9 27
13 8 16
16 14 3
1 11 14
13 5 12
1 16 5
15 11 12
0 7 20
2 9 20
4 5 20
17 18 19
23 24 25
23 26 27
21 22 28
21 27 30
21 26 29
22 25 0
22 24 10
23 29 30
25 28 32
24 28 31
30 33 1
29 33 6
31 32 7
202
{[25, 24, 11, 10, 6]}
{[17, 16, 14, 12, 10]}
34
17 4 27
13 15 33
8 18 6
12 10 6
0 9 19
14 15 19
2 3 31
8 17 32
7 2 11
4 10 18
3 9 30
13 8 16
16 14 3
1 11 14
13 5 12
1 16 5
15 11 12
0 7 20
2 9 20
4 5 20
17 18 19
23 24 25
23 26 27
21 22 28
21 27 30
21 26 29
22 25 31
22 24 0
23 29 30
25 28 33
24 28 10
26 32 6
31 33 7
29 32 1
203
{[25, 24, 11, 10, 6]}
{[16, 13, 12, 11, 10]}
34
17 4 31
13 15 26
8 18 6
12 10 6
0 9 19
14 15 19
2 3 32
8 17 27
7 2 11
4 10 18
3 9 33
13 8 16
16 14 3
1 11 14
13 5 12
1 16 5
15 11 12
0 7 20
2 9 20
4 5 20
17 18 19
23 24 25
23 26 27
21 22 28
21 27 30
21 26 29
22 25 1
22 24 7
23 29 30
25 28 32
24 28 31
30 33 0
29 33 6
31 32 10
204
{[25, 24, 11, 10, 6]}
{[17, 16, 14, 12, 10]}
34
17 4 33
13 15 27
8 18 6
12 10 6
0 9 19
14 15 19
2 3 31
8 17 30
7 2 11
4 10 18
3 9 32
13 8 16
16 14 3
1 11 14
13 5 12
1 16 5
15 11 12
0 7 20
2 9 20
4 5 20
17 18 19
23 24 25
23 26 27
21 22 28
21 27 30
21 26 29
22 25 31
22 24 1
23 29 30
25 28 33
24 28 7
26 32 6
31 33 10
29 32 0
205
{[25, 24, 11, 10, 6]}
{[17, 16, 15, 13, 11]}
34
17 4 31
13 15 29
8 18 6
12 10 6
0 9 19
14 15 19
2 3 33
8 17 26
7 2 11
4 10 18
3 9 32
13 8 16
16 14 3
1 11 14
13 5 12
1 16 5
15 11 12
0 7 20
2 9 20
4 5 20
17 18 19
23 24 25
23 26 27
21 22 28
21 27 30
21 26 29
22 25 7
22 24 31
23 29 30
25 28 1
24 28 33
27 32 0
31 33 10
30 32 6
206
{[25, 24, 11, 10, 6]}
{[17, 16, 15, 13, 11]}
34
17 4 29
13 15 31
8 18 6
12 10 6
0 9 19
14 15 19
2 3 33
8 17 32
7 2 11
4 10 18
3 9 26
13 8 16
16 14 3
1 11 14
13 5 12
1 16 5
15 11 12
0 7 20
2 9 20
4 5 20
17 18 19
23 24 25
23 26 27
21 22 28
21 27 30
21 26 29
22 25 10
22 24 31
23 29 30
25 28 0
24 28 33
27 32 1
31 33 7
30 32 6
207
{[25, 24, 11, 10, 6]}
{[17, 15, 14, 13, 12]}
34
17 4 32
13 15 30
8 18 6
12 10 6
0 9 19
14 15 19
2 3 31
8 17 29
7 2 11
4 10 18
3 9 33
13 8 16
16 14 3
1 11 14
13 5 12
1 16 5
15 11 12
0 7 20
2 9 20
4 5 20
17 18 19
23 24 25
23 26 27
21 22 28
21 27 30
21 26 29
22 25 32
22 24 31
23 29 30
25 28 7
24 28 1
27 33 6
26 33 0
31 32 10
208
{[25, 24, 11, 10, 6]}
{[17, 15, 14, 13, 12]}
34
17 4 30
13 15 32
8 18 6
12 10 6
0 9 19
14 15 19
2 3 31
8 17 33
7 2 11
4 10 18
3 9 29
13 8 16
16 14 3
1 11 14
13 5 12
1 16 5
15 11 12
0 7 20
2 9 20
4 5 20
17 18 19
23 24 25
23 26 27
21 22 28
21 27 30
21 26 29
22 25 32
22 24 31
23 29 30
25 28 10
24 28 0
27 33 6
26 33 1
31 32 7
209
{[25, 24, 11, 10, 6]}
{[5, 4, 2, 1, 0]}
34
17 4 23
13 15 27
8 18 6
12 10 6
0 9 19
14 15 19
2 3 22
8 17 21
7 2 11
4 10 18
3 9 24
13 8 16
16 14 3
1 11 14
13 5 12
1 16 5
15 11 12
0 7 20
2 9 20
4 5 20
17 18 19
22 25 7
21 26 6
24 25 0
23 31 10
21 23 30
22 28 32
29 32 1
26 29 30
27 28 31
25 28 33
24 29 33
26 27 33
30 31 32
210
{[25, 24, 11, 10, 6]}
{[6, 3, 2, 1, 0]}
34
17 4 26
13 15 21
8 18 6
12 10 6
0 9 19
14 15 19
2 3 25
8 17 22
7 2 11
4 10 18
3 9 23
13 8 16
16 14 3
1 11 14
13 5 12
1 16 5
15 11 12
0 7 20
2 9 20
4 5 20
17 18 19
22 24 1
21 27 7
24 25 10
21 23 31
23 30 6
28 32 0
22 29 32
26 29 30
27 28 31
25 28 33
24 29 33
26 27 33
30 31 32
211
{[25, 24, 11, 10, 6]}
{[8, 7, 4, 2, 0]}
34
17 4 31
13 15 22
8 18 6
12 10 6
0 9 19
14 15 19
2 3 23
8 17 25
7 2 11
4 10 18
3 9 21
13 8 16
16 14 3
1 11 14
13 5 12
1 16 5
15 11 12
0 7 20
2 9 20
4 5 20
17 18 19
23 24 10
24 25 1
21 27 6
21 22 26
22 30 7
24 28 32
23 29 32
26 29 30
27 28 31
25 28 33
29 33 0
26 27 33
30 31 32
212
{[25, 24, 11, 10, 6]}
{[9, 7, 3, 2, 0]}
34
17 4 21
13 15 30
8 18 6
12 10 6
0 9 19
14 15 19
2 3 25
8 17 22
7 2 11
4 10 18
3 9 24
13 8 16
16 14 3
1 11 14
13 5 12
1 16 5
15 11 12
0 7 20
2 9 20
4 5 20
17 18 19
23 24 0
23 25 7
21 22 27
21 26 10
22 31 6
24 28 32
23 29 32
26 29 30
27 28 31
28 33 1
25 29 33
26 27 33
30 31 32
213
{[25, 24, 11, 10, 6]}
{[6, 3, 2, 1, 0]}
34
17 4 21
13 15 26
8 18 6
12 10 6
0 9 19
14 15 19
2 3 25
8 17 23
7 2 11
4 10 18
3 9 22
13 8 16
16 14 3
1 11 14
13 5 12
1 16 5
15 11 12
0 7 20
2 9 20
4 5 20
17 18 19
22 24 0
21 27 10
24 25 7
21 23 31
23 30 6
28 32 1
22 29 32
26 29 30
27 28 31
25 28 33
24 29 33
26 27 33
30 31 32
214
{[25, 24, 11, 10, 6]}
{[9, 7, 3, 2, 0]}
34
17 4 30
13 15 21
8 18 6
12 10 6
0 9 19
14 15 19
2 3 25
8 17 24
7 2 11
4 10 18
3 9 22
13 8 16
16 14 3
1 11 14
13 5 12
1 16 5
15 11 12
0 7 20
2 9 20
4 5 20
17 18 19
23 24 1
23 25 10
21 22 27
21 26 7
22 31 6
24 28 32
23 29 32
26 29 30
27 28 31
28 33 0
25 29 33
26 27 33
30 31 32
215
{[25, 24, 11, 10, 6]}
{[5, 4, 2, 1, 0]}
34
17 4 27
13 15 23
8 18 6
12 10 6
0 9 19
14 15 19
2 3 22
8 17 24
7 2 11
4 10 18
3 9 21
13 8 16
16 14 3
1 11 14
13 5 12
1 16 5
15 11 12
0 7 20
2 9 20
4 5 20
17 18 19
22 25 10
21 26 6
24 25 1
23 31 7
21 23 30
22 28 32
29 32 0
26 29 30
27 28 31
25 28 33
24 29 33
26 27 33
30 31 32
216
{[25, 24, 11, 10, 6]}
{[8, 7, 4, 2, 0]}
34
17 4 22
13 15 31
8 18 6
12 10 6
0 9 19
14 15 19
2 3 23
8 17 21
7 2 11
4 10 18
3 9 25
13 8 16
16 14 3
1 11 14
13 5 12
1 16 5
15 11 12
0 7 20
2 9 20
4 5 20
17 18 19
23 24 7
24 25 0
21 27 6
21 22 26
22 30 10
24 28 32
23 29 32
26 29 30
27 28 31
25 28 33
29 33 1
26 27 33
30 31 32
217
{[25, 24, 11, 10, 6]}
{[16, 13, 12, 11, 10]}
34
17 4 31
13 15 26
8 18 6
12 10 6
0 9 19
14 15 19
2 3 32
8 17 27
7 2 11
4 10 18
3 9 33
13 8 16
16 14 3
1 11 14
13 5 12
1 16 5
15 11 12
0 7 20
2 9 20
4 5 20
17 18 19
23 24 25
23 26 27
21 22 28
21 27 30
21 26 29
22 25 1
22 24 7
23 29 30
25 28 32
24 28 31
30 33 0
29 33 6
31 32 10
218
{[25, 24, 11, 10, 6]}
{[17, 16, 14, 12, 10]}
34
17 4 33
13 15 27
8 18 6
12 10 6
0 9 19
14 15 19
2 3 31
8 17 30
7 2 11
4 10 18
3 9 32
13 8 16
16 14 3
1 11 14
13 5 12
1 16 5
15 11 12
0 7 20
2 9 20
4 5 20
17 18 19
23 24 25
23 26 27
21 22 28
21 27 30
21 26 29
22 25 31
22 24 1
23 29 30
25 28 33
24 28 7
26 32 6
31 33 10
29 32 0
219
{[25, 24, 11, 10, 6]}
{[16, 13, 12, 11, 10]}
34
17 4 26
13 15 31
8 18 6
12 10 6
0 9 19
14 15 19
2 3 32
8 17 33
7 2 11
4 10 18
3 9 27
13 8 16
16 14 3
1 11 14
13 5 12
1 16 5
15 11 12
0 7 20
2 9 20
4 5 20
17 18 19
23 24 25
23 26 27
21 22 28
21 27 30
21 26 29
22 25 0
22 24 10
23 29 30
25 28 32
24 28 31
30 33 1
29 33 6
31 32 7
220
{[25, 24, 11, 10, 6]}
{[17, 16, 14, 12, 10]}
34
17 4 27
13 15 33
8 18 6
12 10 6
0 9 19
14 15 19
2 3 31
8 17 32
7 2 11
4 10 18
3 9 30
13 8 16
16 14 3
1 11 14
13 5 12
1 16 5
15 11 12
0 7 20
2 9 20
4 5 20
17 18 19
23 24 25
23 26 27
21 22 28
21 27 30
21 26 29
22 25 31
22 24 0
23 29 30
25 28 33
24 28 10
26 32 6
31 33 7
29 32 1
221
{[25, 24, 11, 10, 6]}
{[17, 16, 15, 13, 11]}
34
17 4 29
13 15 31
8 18 6
12 10 6
0 9 19
14 15 19
2 3 33
8 17 32
7 2 11
4 10 18
3 9 26
13 8 16
16 14 3
1 11 14
13 5 12
1 16 5
15 11 12
0 7 20
2 9 20
4 5 20
17 18 19
23 24 25
23 26 27
21 22 28
21 27 30
21 26 29
22 25 10
22 24 31
23 29 30
25 28 0
24 28 33
27 32 1
31 33 7
30 32 6
222
{[25, 24, 11, 10, 6]}
{[17, 16, 15, 13, 11]}
34
17 4 31
13 15 29
8 18 6
12 10 6
0 9 19
14 15 19
2 3 33
8 17 26
7 2 11
4 10 18
3 9 32
13 8 16
16 14 3
1 11 14
13 5 12
1 16 5
15 11 12
0 7 20
2 9 20
4 5 20
17 18 19
23 24 25
23 26 27
21 22 28
21 27 30
21 26 29
22 25 7
22 24 31
23 29 30
25 28 1
24 28 33
27 32 0
31 33 10
30 32 6
223
{[25, 24, 11, 10, 6]}
{[17, 15, 14, 13, 12]}
34
17 4 30
13 15 32
8 18 6
12 10 6
0 9 19
14 15 19
2 3 31
8 17 33
7 2 11
4 10 18
3 9 29
13 8 16
16 14 3
1 11 14
13 5 12
1 16 5
15 11 12
0 7 20
2 9 20
4 5 20
17 18 19
23 24 25
23 26 27
21 22 28
21 27 30
21 26 29
22 25 32
22 24 31
23 29 30
25 28 10
24 28 0
27 33 6
26 33 1
31 32 7
224
{[25, 24, 11, 10, 6]}
{[17, 15, 14, 13, 12]}
34
17 4 32
13 15 30
8 18 6
12 10 6
0 9 19
14 15 19
2 3 31
8 17 29
7 2 11
4 10 18
3 9 33
13 8 16
16 14 3
1 11 14
13 5 12
1 16 5
15 11 12
0 7 20
2 9 20
4 5 20
17 18 19
23 24 25
23 26 27
21 22 28
21 27 30
21 26 29
22 25 32
22 24 31
23 29 30
25 28 7
24 28 1
27 33 6
26 33 0
31 32 10
225
{[19, 17, 16, 15, 14]}
{[5, 4, 2, 1, 0]}
34
15 10 4
14 11 22
9 16 7
13 7 23
0 12 17
14 17 24
8 19 11
19 2 3
9 15 6
8 2 21
0 20 11
1 10 6
4 13 16
20 3 12
1 5 27
0 8 18
2 12 18
4 5 18
15 16 17
20 6 7
19 10 13
22 25 9
21 26 1
24 25 3
23 31 5
21 23 30
22 28 32
29 32 14
26 29 30
27 28 31
25 28 33
24 29 33
26 27 33
30 31 32
226
{[19, 17, 16, 15, 14]}
{[6, 3, 2, 1, 0]}
34
15 10 4
14 11 25
9 16 7
13 7 26
0 12 17
14 17 23
8 19 11
19 2 3
9 15 6
8 2 22
0 20 11
1 10 6
4 13 16
20 3 12
1 5 21
0 8 18
2 12 18
4 5 18
15 16 17
20 6 7
19 10 13
22 24 14
21 27 9
24 25 5
21 23 31
23 30 1
28 32 3
22 29 32
26 29 30
27 28 31
25 28 33
24 29 33
26 27 33
30 31 32
227
{[19, 17, 16, 15, 14]}
{[8, 7, 4, 2, 0]}
34
15 10 4
14 11 23
9 16 7
13 7 31
0 12 17
14 17 21
8 19 11
19 2 3
9 15 6
8 2 25
0 20 11
1 10 6
4 13 16
20 3 12
1 5 22
0 8 18
2 12 18
4 5 18
15 16 17
20 6 7
19 10 13
23 24 5
24 25 14
21 27 1
21 22 26
22 30 9
24 28 32
23 29 32
26 29 30
27 28 31
25 28 33
29 33 3
26 27 33
30 31 32
228
{[19, 17, 16, 15, 14]}
{[9, 7, 3, 2, 0]}
34
15 10 4
14 11 25
9 16 7
13 7 21
0 12 17
14 17 24
8 19 11
19 2 3
9 15 6
8 2 22
0 20 11
1 10 6
4 13 16
20 3 12
1 5 30
0 8 18
2 12 18
4 5 18
15 16 17
20 6 7
19 10 13
23 24 3
23 25 9
21 22 27
21 26 5
22 31 1
24 28 32
23 29 32
26 29 30
27 28 31
28 33 14
25 29 33
26 27 33
30 31 32
229
{[19, 17, 16, 15, 14]}
{[6, 3, 2, 1, 0]}
34
15 10 4
14 11 25
9 16 7
13 7 21
0 12 17
14 17 22
8 19 11
19 2 3
9 15 6
8 2 23
0 20 11
1 10 6
4 13 16
20 3 12
1 5 26
0 8 18
2 12 18
4 5 18
15 16 17
20 6 7
19 10 13
22 24 3
21 27 5
24 25 9
21 23 31
23 30 1
28 32 14
22 29 32
26 29 30
27 28 31
25 28 33
24 29 33
26 27 33
30 31 32
230
{[19, 17, 16, 15, 14]}
{[9, 7, 3, 2, 0]}
34
15 10 4
14 11 25
9 16 7
13 7 30
0 12 17
14 17 22
8 19 11
19 2 3
9 15 6
8 2 24
0 20 11
1 10 6
4 13 16
20 3 12
1 5 21
0 8 18
2 12 18
4 5 18
15 16 17
20 6 7
19 10 13
23 24 14
23 25 5
21 22 27
21 26 9
22 31 1
24 28 32
23 29 32
26 29 30
27 28 31
28 33 3
25 29 33
26 27 33
30 31 32
231
{[19, 17, 16, 15, 14]}
{[5, 4, 2, 1, 0]}
34
15 10 4
14 11 22
9 16 7
13 7 27
0 12 17
14 17 21
8 19 11
19 2 3
9 15 6
8 2 24
0 20 11
1 10 6
4 13 16
20 3 12
1 5 23
0 8 18
2 12 18
4 5 18
15 16 17
20 6 7
19 10 13
22 25 5
21 26 1
24 25 14
23 31 9
21 23 30
22 28 32
29 32 3
26 29 30
27 28 31
25 28 33
24 29 33
26 27 33
30 31 32
232
{[19, 17, 16, 15, 14]}
{[8, 7, 4, 2, 0]}
34
15 10 4
14 11 23
9 16 7
13 7 22
0 12 17
14 17 25
8 19 11
19 2 3
9 15 6
8 2 21
0 20 11
1 10 6
4 13 16
20 3 12
1 5 31
0 8 18
2 12 18
4 5 18
15 16 17
20 6 7
19 10 13
23 24 9
24 25 3
21 27 1
21 22 26
22 30 5
24 28 32
23 29 32
26 29 30
27 28 31
25 28 33
29 33 14
26 27 33
30 31 32
233
{[19, 17, 16, 15, 14]}
{[16, 13, 12, 11, 10]}
34
15 10 4
14 11 32
9 16 7
13 7 31
0 12 17
14 17 33
8 19 11
19 2 3
9 15 6
8 2 27
0 20 11
1 10 6
4 13 16
20 3 12
1 5 26
0 8 18
2 12 18
4 5 18
15 16 17
20 6 7
19 10 13
23 24 25
23 26 27
21 22 28
21 27 30
21 26 29
22 25 14
22 24 9
23 29 30
25 28 32
24 28 31
30 33 3
29 33 1
31 32 5
234
{[19, 17, 16, 15, 14]}
{[17, 16, 14, 12, 10]}
34
15 10 4
14 11 31
9 16 7
13 7 33
0 12 17
14 17 32
8 19 11
19 2 3
9 15 6
8 2 30
0 20 11
1 10 6
4 13 16
20 3 12
1 5 27
0 8 18
2 12 18
4 5 18
15 16 17
20 6 7
19 10 13
23 24 25
23 26 27
21 22 28
21 27 30
21 26 29
22 25 31
22 24 14
23 29 30
25 28 33
24 28 9
26 32 1
31 33 5
29 32 3
235
{[19, 17, 16, 15, 14]}
{[16, 13, 12, 11, 10]}
34
15 10 4
14 11 32
9 16 7
13 7 26
0 12 17
14 17 27
8 19 11
19 2 3
9 15 6
8 2 33
0 20 11
1 10 6
4 13 16
20 3 12
1 5 31
0 8 18
2 12 18
4 5 18
15 16 17
20 6 7
19 10 13
23 24 25
23 26 27
21 22 28
21 27 30
21 26 29
22 25 3
22 24 5
23 29 30
25 28 32
24 28 31
30 33 14
29 33 1
31 32 9
236
{[19, 17, 16, 15, 14]}
{[17, 16, 14, 12, 10]}
34
15 10 4
14 11 31
9 16 7
13 7 27
0 12 17
14 17 30
8 19 11
19 2 3
9 15 6
8 2 32
0 20 11
1 10 6
4 13 16
20 3 12
1 5 33
0 8 18
2 12 18
4 5 18
15 16 17
20 6 7
19 10 13
23 24 25
23 26 27
21 22 28
21 27 30
21 26 29
22 25 31
22 24 3
23 29 30
25 28 33
24 28 5
26 32 1
31 33 9
29 32 14
237
{[19, 17, 16, 15, 14]}
{[17, 16, 15, 13, 11]}
34
15 10 4
14 11 33
9 16 7
13 7 29
0 12 17
14 17 26
8 19 11
19 2 3
9 15 6
8 2 32
0 20 11
1 10 6
4 13 16
20 3 12
1 5 31
0 8 18
2 12 18
4 5 18
15 16 17
20 6 7
19 10 13
23 24 25
23 26 27
21 22 28
21 27 30
21 26 29
22 25 5
22 24 31
23 29 30
25 28 3
24 28 33
27 32 14
31 33 9
30 32 1
238
{[19, 17, 16, 15, 14]}
{[17, 16, 15, 13, 11]}
34
15 10 4
14 11 33
9 16 7
13 7 31
0 12 17
14 17 32
8 19 11
19 2 3
9 15 6
8 2 26
0 20 11
1 10 6
4 13 16
20 3 12
1 5 29
0 8 18
2 12 18
4 5 18
15 16 17
20 6 7
19 10 13
23 24 25
23 26 27
21 22 28
21 27 30
21 26 29
22 25 9
22 24 31
23 29 30
25 28 14
24 28 33
27 32 3
31 33 5
30 32 1
239
{[19, 17, 16, 15, 14]}
{[17, 15, 14, 13, 12]}
34
15 10 4
14 11 31
9 16 7
13 7 30
0 12 17
14 17 29
8 19 11
19 2 3
9 15 6
8 2 33
0 20 11
1 10 6
4 13 16
20 3 12
1 5 32
0 8 18
2 12 18
4 5 18
15 16 17
20 6 7
19 10 13
23 24 25
23 26 27
21 22 28
21 27 30
21 26 29
22 25 32
22 24 31
23 29 30
25 28 5
24 28 3
27 33 1
26 33 14
31 32 9
240
{[19, 17, 16, 15, 14]}
{[17, 15, 14, 13, 12]}
34
15 10 4
14 11 31
9 16 7
13 7 32
0 12 17
14 17 33
8 19 11
19 2 3
9 15 6
8 2 29
0 20 11
1 10 6
4 13 16
20 3 12
1 5 30
0 8 18
2 12 18
4 5 18
15 16 17
20 6 7
19 10 13
23 24 25
23 26 27
21 22 28
21 27 30
21 26 29
22 25 32
22 24 31
23 29 30
25 28 9
24 28 14
27 33 1
26 33 3
31 32 5
241
{[19, 17, 16, 15, 14]}
{[5, 4, 2, 1, 0]}
34
15 10 4
14 11 22
9 16 7
13 7 27
0 12 17
14 17 21
8 19 11
19 2 3
9 15 6
8 2 24
0 20 11
1 10 6
4 13 16
20 3 12
1 5 23
0 8 18
2 12 18
4 5 18
15 16 17
20 6 7
19 10 13
22 25 5
21 26 1
24 25 14
23 31 9
21 23 30
22 28 32
29 32 3
26 29 30
27 28 31
25 28 33
24 29 33
26 27 33
30 31 32
242
{[19, 17, 16, 15, 14]}
{[6, 3, 2, 1, 0]}
34
15 10 4
14 11 25
9 16 7
13 7 21
0 12 17
14 17 22
8 19 11
19 2 3
9 15 6
8 2 23
0 20 11
1 10 6
4 13 16
20 3 12
1 5 26
0 8 18
2 12 18
4 5 18
15 16 17
20 6 7
19 10 13
22 24 3
21 27 5
24 25 9
21 23 31
23 30 1
28 32 14
22 29 32
26 29 30
27 28 31
25 28 33
24 29 33
26 27 33
30 31 32
243
{[19, 17, 16, 15, 14]}
{[8, 7, 4, 2, 0]}
34
15 10 4
14 11 23
9 16 7
13 7 22
0 12 17
14 17 25
8 19 11
19 2 3
9 15 6
8 2 21
0 20 11
1 10 6
4 13 16
20 3 12
1 5 31
0 8 18
2 12 18
4 5 18
15 16 17
20 6 7
19 10 13
23 24 9
24 25 3
21 27 1
21 22 26
22 30 5
24 28 32
23 29 32
26 29 30
27 28 31
25 28 33
29 33 14
26 27 33
30 31 32
244
{[19, 17, 16, 15, 14]}
{[9, 7, 3, 2, 0]}
34
15 10 4
14 11 25
9 16 7
13 7 30
0 12 17
14 17 22
8 19 11
19 2 3
9 15 6
8 2 24
0 20 11
1 10 6
4 13 16
20 3 12
1 5 21
0 8 18
2 12 18
4 5 18
15 16 17
20 6 7
19 10 13
23 24 14
23 25 5
21 22 27
21 26 9
22 31 1
24 28 32
23 29 32
26 29 30
27 28 31
28 33 3
25 29 33
26 27 33
30 31 32
245
{[19, 17, 16, 15, 14]}
{[6, 3, 2, 1, 0]}
34
15 10 4
14 11 25
9 16 7
13 7 26
0 12 17
14 17 23
8 19 11
19 2 3
9 15 6
8 2 22
0 20 11
1 10 6
4 13 16
20 3 12
1 5 21
0 8 18
2 12 18
4 5 18
15 16 17
20 6 7
19 10 13
22 24 14
21 27 9
24 25 5
21 23 31
23 30 1
28 32 3
22 29 32
26 29 30
27 28 31
25 28 33
24 29 33
26 27 33
30 31 32
246
{[19, 17, 16, 15, 14]}
{[9, 7, 3, 2, 0]}
34
15 10 4
14 11 25
9 16 7
13 7 21
0 12 17
14 17 24
8 19 11
19 2 3
9 15 6
8 2 22
0 20 11
1 10 6
4 13 16
20 3 12
1 5 30
0 8 18
2 12 18
4 5 18
15 16 17
20 6 7
19 10 13
23 24 3
23 25 9
21 22 27
21 26 5
22 31 1
24 28 32
23 29 32
26 29 30
27 28 31
28 33 14
25 29 33
26 27 33
30 31 32
247
{[19, 17, 16, 15, 14]}
{[5, 4, 2, 1, 0]}
34
15 10 4
14 11 22
9 16 7
13 7 23
0 12 17
14 17 24
8 19 11
19 2 3
9 15 6
8 2 21
0 20 11
1 10 6
4 13 16
20 3 12
1 5 27
0 8 18
2 12 18
4 5 18
15 16 17
20 6 7
19 10 13
22 25 9
21 26 1
24 25 3
23 31 5
21 23 30
22 28 32
29 32 14
26 29 30
27 28 31
25 28 33
24 29 33
26 27 33
30 31 32
248
{[19, 17, 16, 15, 14]}
{[8, 7, 4, 2, 0]}
34
15 10 4
14 11 23
9 16 7
13 7 31
0 12 17
14 17 21
8 19 11
19 2 3
9 15 6
8 2 25
0 20 11
1 10 6
4 13 16
20 3 12
1 5 22
0 8 18
2 12 18
4 5 18
15 16 17
20 6 7
19 10 13
23 24 5
24 25 14
21 27 1
21 22 26
22 30 9
24 28 32
23 29 32
26 29 30
27 28 31
25 28 33
29 33 3
26 27 33
30 31 32
249
{[19, 17, 16, 15, 14]}
{[16, 13, 12, 11, 10]}
34
15 10 4
14 11 32
9 16 7
13 7 26
0 12 17
14 17 27
8 19 11
19 2 3
9 15 6
8 2 33
0 20 11
1 10 6
4 13 16
20 3 12
1 5 31
0 8 18
2 12 18
4 5 18
15 16 17
20 6 7
19 10 13
23 24 25
23 26 27
21 22 28
21 27 30
21 26 29
22 25 3
22 24 5
23 29 30
25 28 32
24 28 31
30 33 14
29 33 1
31 32 9
250
{[19, 17, 16, 15, 14]}
{[17, 16, 14, 12, 10]}
34
15 10 4
14 11 31
9 16 7
13 7 27
0 12 17
14 17 30
8 19 11
19 2 3
9 15 6
8 2 32
0 20 11
1 10 6
4 13 16
20 3 12
1 5 33
0 8 18
2 12 18
4 5 18
15 16 17
20 6 7
19 10 13
23 24 25
23 26 27
21 22 28
21 27 30
21 26 29
22 25 31
22 24 3
23 29 30
25 28 33
24 28 5
26 32 1
31 33 9
29 32 14
251
{[19, 17, 16, 15, 14]}
{[16, 13, 12, 11, 10]}
34
15 10 4
14 11 32
9 16 7
13 7 31
0 12 17
14 17 33
8 19 11
19 2 3
9 15 6
8 2 27
0 20 11
1 10 6
4 13 16
20 3 12
1 5 26
0 8 18
2 12 18
4 5 18
15 16 17
20 6 7
19 10 13
23 24 25
23 26 27
21 22 28
21 27 30
21 26 29
22 25 14
22 24 9
23 29 30
25 28 32
24 28 31
30 33 3
29 33 1
31 32 5
252
{[19, 17, 16, 15, 14]}
{[17, 16, 14, 12, 10]}
34
15 10 4
14 11 31
9 16 7
13 7 33
0 12 17
14 17 32
8 19 11
19 2 3
9 15 6
8 2 30
0 20 11
1 10 6
4 13 16
20 3 12
1 5 27
0 8 18
2 12 18
4 5 18
15 16 17
20 6 7
19 10 13
23 24 25
23 26 27
21 22 28
21 27 30
21 26 29
22 25 31
22 24 14
23 29 30
25 28 33
24 28 9
26 32 1
31 33 5
29 32 3
253
{[19, 17, 16, 15, 14]}
{[17, 16, 15, 13, 11]}
34
15 10 4
14 11 33
9 16 7
13 7 31
0 12 17
14 17 32
8 19 11
19 2 3
9 15 6
8 2 26
0 20 11
1 10 6
4 13 16
20 3 12
1 5 29
0 8 18
2 12 18
4 5 18
15 16 17
20 6 7
19 10 13
23 24 25
23 26 27
21 22 28
21 27 30
21 26 29
22 25 9
22 24 31
23 29 30
25 28 14
24 28 33
27 32 3
31 33 5
30 32 1
254
{[19, 17, 16, 15, 14]}
{[17, 16, 15, 13, 11]}
34
15 10 4
14 11 33
9 16 7
13 7 29
0 12 17
14 17 26
8 19 11
19 2 3
9 15 6
8 2 32
0 20 11
1 10 6
4 13 16
20 3 12
1 5 31
0 8 18
2 12 18
4 5 18
15 16 17
20 6 7
19 10 13
23 24 25
23 26 27
21 22 28
21 27 30
21 26 29
22 25 5
22 24 31
23 29 30
25 28 3
24 28 33
27 32 14
31 33 9
30 32 1
255
{[19, 17, 16, 15, 14]}
{[17, 15, 14, 13, 12]}
34
15 10 4
14 11 31
9 16 7
13 7 32
0 12 17
14 17 33
8 19 11
19 2 3
9 15 6
8 2 29
0 20 11
1 10 6
4 13 16
20 3 12
1 5 30
0 8 18
2 12 18
4 5 18
15 16 17
20 6 7
19 10 13
23 24 25
23 26 27
21 22 28
21 27 30
21 26 29
22 25 32
22 24 31
23 29 30
25 28 9
24 28 14
27 33 1
26 33 3
31 32 5
256
{[19, 17, 16, 15, 14]}
{[17, 15, 14, 13, 12]}
34
15 10 4
14 11 31
9 16 7
13 7 30
0 12 17
14 17 29
8 19 11
19 2 3
9 15 6
8 2 33
0 20 11
1 10 6
4 13 16
20 3 12
1 5 32
0 8 18
2 12 18
4 5 18
15 16 17
20 6 7
19 10 13
23 24 25
23 26 27
21 22 28
21 27 30
21 26 29
22 25 32
22 24 31
23 29 30
25 28 5
24 28 3
27 33 1
26 33 14
31 32 9
