256
1
{[9, 8, 4, 2, 0]}
{[5, 4, 2, 1, 0]}
34
17 8 9
2 4 23
1 9 21
11 8 4
1 3 22
12 6 18
5 13 24
19 12 14
0 15 3
0 2 10
11 9 18
16 3 10
5 7 16
14 6 17
15 13 7
20 14 8
11 12 20
0 13 18
5 17 10
20 7 27
19 15 16
22 25 2
21 26 4
24 25 1
23 31 6
21 23 30
22 28 32
29 32 19
26 29 30
27 28 31
25 28 33
24 29 33
26 27 33
30 31 32
2
{[9, 8, 4, 2, 0]}
{[6, 3, 2, 1, 0]}
34
17 8 9
2 4 26
1 9 22
11 8 4
1 3 25
12 6 18
5 13 23
19 12 14
0 15 3
0 2 10
11 9 18
16 3 10
5 7 16
14 6 17
15 13 7
20 14 8
11 12 20
0 13 18
5 17 10
20 7 21
19 15 16
22 24 19
21 27 2
24 25 6
21 23 31
23 30 4
28 32 1
22 29 32
26 29 30
27 28 31
25 28 33
24 29 33
26 27 33
30 31 32
3
{[9, 8, 4, 2, 0]}
{[8, 7, 4, 2, 0]}
34
17 8 9
2 4 31
1 9 25
11 8 4
1 3 23
12 6 18
5 13 21
19 12 14
0 15 3
0 2 10
11 9 18
16 3 10
5 7 16
14 6 17
15 13 7
20 14 8
11 12 20
0 13 18
5 17 10
20 7 22
19 15 16
23 24 6
24 25 19
21 27 4
21 22 26
22 30 2
24 28 32
23 29 32
26 29 30
27 28 31
25 28 33
29 33 1
26 27 33
30 31 32
4
{[9, 8, 4, 2, 0]}
{[9, 7, 3, 2, 0]}
34
17 8 9
2 4 21
1 9 22
11 8 4
1 3 25
12 6 18
5 13 24
19 12 14
0 15 3
0 2 10
11 9 18
16 3 10
5 7 16
14 6 17
15 13 7
20 14 8
11 12 20
0 13 18
5 17 10
20 7 30
19 15 16
23 24 1
23 25 2
21 22 27
21 26 6
22 31 4
24 28 32
23 29 32
26 29 30
27 28 31
28 33 19
25 29 33
26 27 33
30 31 32
5
{[9, 8, 4, 2, 0]}
{[6, 3, 2, 1, 0]}
34
17 8 9
2 4 21
1 9 23
11 8 4
1 3 25
12 6 18
5 13 22
19 12 14
0 15 3
0 2 10
11 9 18
16 3 10
5 7 16
14 6 17
15 13 7
20 14 8
11 12 20
0 13 18
5 17 10
20 7 26
19 15 16
22 24 1
21 27 6
24 25 2
21 23 31
23 30 4
28 32 19
22 29 32
26 29 30
27 28 31
25 28 33
24 29 33
26 27 33
30 31 32
6
{[9, 8, 4, 2, 0]}
{[9, 7, 3, 2, 0]}
34
17 8 9
2 4 30
1 9 24
11 8 4
1 3 25
12 6 18
5 13 22
19 12 14
0 15 3
0 2 10
11 9 18
16 3 10
5 7 16
14 6 17
15 13 7
20 14 8
11 12 20
0 13 18
5 17 10
20 7 21
19 15 16
23 24 19
23 25 6
21 22 27
21 26 2
22 31 4
24 28 32
23 29 32
26 29 30
27 28 31
28 33 1
25 29 33
26 27 33
30 31 32
7
{[9, 8, 4, 2, 0]}
{[5, 4, 2, 1, 0]}
34
17 8 9
2 4 27
1 9 24
11 8 4
1 3 22
12 6 18
5 13 21
19 12 14
0 15 3
0 2 10
11 9 18
16 3 10
5 7 16
14 6 17
15 13 7
20 14 8
11 12 20
0 13 18
5 17 10
20 7 23
19 15 16
22 25 6
21 26 4
24 25 19
23 31 2
21 23 30
22 28 32
29 32 1
26 29 30
27 28 31
25 28 33
24 29 33
26 27 33
30 31 32
8
{[9, 8, 4, 2, 0]}
{[8, 7, 4, 2, 0]}
34
17 8 9
2 4 22
1 9 21
11 8 4
1 3 23
12 6 18
5 13 25
19 12 14
0 15 3
0 2 10
11 9 18
16 3 10
5 7 16
14 6 17
15 13 7
20 14 8
11 12 20
0 13 18
5 17 10
20 7 31
19 15 16
23 24 2
24 25 1
21 27 4
21 22 26
22 30 6
24 28 32
23 29 32
26 29 30
27 28 31
25 28 33
29 33 19
26 27 33
30 31 32
9
{[9, 8, 4, 2, 0]}
{[16, 13, 12, 11, 10]}
34
17 8 9
2 4 31
1 9 27
11 8 4
1 3 32
12 6 18
5 13 33
19 12 14
0 15 3
0 2 10
11 9 18
16 3 10
5 7 16
14 6 17
15 13 7
20 14 8
11 12 20
0 13 18
5 17 10
20 7 26
19 15 16
23 24 25
23 26 27
21 22 28
21 27 30
21 26 29
22 25 19
22 24 2
23 29 30
25 28 32
24 28 31
30 33 1
29 33 4
31 32 6
10
{[9, 8, 4, 2, 0]}
{[17, 16, 14, 12, 10]}
34
17 8 9
2 4 33
1 9 30
11 8 4
1 3 31
12 6 18
5 13 32
19 12 14
0 15 3
0 2 10
11 9 18
16 3 10
5 7 16
14 6 17
15 13 7
20 14 8
11 12 20
0 13 18
5 17 10
20 7 27
19 15 16
23 24 25
23 26 27
21 22 28
21 27 30
21 26 29
22 25 31
22 24 19
23 29 30
25 28 33
24 28 2
26 32 4
31 33 6
29 32 1
11
{[9, 8, 4, 2, 0]}
{[16, 13, 12, 11, 10]}
34
17 8 9
2 4 26
1 9 33
11 8 4
1 3 32
12 6 18
5 13 27
19 12 14
0 15 3
0 2 10
11 9 18
16 3 10
5 7 16
14 6 17
15 13 7
20 14 8
11 12 20
0 13 18
5 17 10
20 7 31
19 15 16
23 24 25
23 26 27
21 22 28
21 27 30
21 26 29
22 25 1
22 24 6
23 29 30
25 28 32
24 28 31
30 33 19
29 33 4
31 32 2
12
{[9, 8, 4, 2, 0]}
{[17, 16, 14, 12, 10]}
34
17 8 9
2 4 27
1 9 32
11 8 4
1 3 31
12 6 18
5 13 30
19 12 14
0 15 3
0 2 10
11 9 18
16 3 10
5 7 16
14 6 17
15 13 7
20 14 8
11 12 20
0 13 18
5 17 10
20 7 33
19 15 16
23 24 25
23 26 27
21 22 28
21 27 30
21 26 29
22 25 31
22 24 1
23 29 30
25 28 33
24 28 6
26 32 4
31 33 2
29 32 19
13
{[9, 8, 4, 2, 0]}
{[17, 16, 15, 13, 11]}
34
17 8 9
2 4 29
1 9 32
11 8 4
1 3 33
12 6 18
5 13 26
19 12 14
0 15 3
0 2 10
11 9 18
16 3 10
5 7 16
14 6 17
15 13 7
20 14 8
11 12 20
0 13 18
5 17 10
20 7 31
19 15 16
23 24 25
23 26 27
21 22 28
21 27 30
21 26 29
22 25 6
22 24 31
23 29 30
25 28 1
24 28 33
27 32 19
31 33 2
30 32 4
14
{[9, 8, 4, 2, 0]}
{[17, 16, 15, 13, 11]}
34
17 8 9
2 4 31
1 9 26
11 8 4
1 3 33
12 6 18
5 13 32
19 12 14
0 15 3
0 2 10
11 9 18
16 3 10
5 7 16
14 6 17
15 13 7
20 14 8
11 12 20
0 13 18
5 17 10
20 7 29
19 15 16
23 24 25
23 26 27
21 22 28
21 27 30
21 26 29
22 25 2
22 24 31
23 29 30
25 28 19
24 28 33
27 32 1
31 33 6
30 32 4
15
{[9, 8, 4, 2, 0]}
{[17, 15, 14, 13, 12]}
34
17 8 9
2 4 30
1 9 33
11 8 4
1 3 31
12 6 18
5 13 29
19 12 14
0 15 3
0 2 10
11 9 18
16 3 10
5 7 16
14 6 17
15 13 7
20 14 8
11 12 20
0 13 18
5 17 10
20 7 32
19 15 16
23 24 25
23 26 27
21 22 28
21 27 30
21 26 29
22 25 32
22 24 31
23 29 30
25 28 6
24 28 1
27 33 4
26 33 19
31 32 2
16
{[9, 8, 4, 2, 0]}
{[17, 15, 14, 13, 12]}
34
17 8 9
2 4 32
1 9 29
11 8 4
1 3 31
12 6 18
5 13 33
19 12 14
0 15 3
0 2 10
11 9 18
16 3 10
5 7 16
14 6 17
15 13 7
20 14 8
11 12 20
0 13 18
5 17 10
20 7 30
19 15 16
23 24 25
23 26 27
21 22 28
21 27 30
21 26 29
22 25 32
22 24 31
23 29 30
25 28 2
24 28 19
27 33 4
26 33 1
31 32 6
17
{[8, 5, 4, 3, 0]}
{[5, 4, 2, 1, 0]}
34
17 8 9
4 3 23
11 8 3
1 2 21
1 6 22
12 6 18
4 5 13
19 12 14
0 15 2
0 10 27
11 9 18
16 2 10
5 7 16
14 6 17
15 13 7
20 14 8
11 12 20
0 13 18
5 17 10
20 7 24
19 15 16
22 25 3
21 26 4
24 25 1
23 31 19
21 23 30
22 28 32
29 32 9
26 29 30
27 28 31
25 28 33
24 29 33
26 27 33
30 31 32
18
{[8, 5, 4, 3, 0]}
{[6, 3, 2, 1, 0]}
34
17 8 9
4 3 26
11 8 3
1 2 22
1 6 25
12 6 18
4 5 13
19 12 14
0 15 2
0 10 21
11 9 18
16 2 10
5 7 16
14 6 17
15 13 7
20 14 8
11 12 20
0 13 18
5 17 10
20 7 23
19 15 16
22 24 9
21 27 3
24 25 19
21 23 31
23 30 4
28 32 1
22 29 32
26 29 30
27 28 31
25 28 33
24 29 33
26 27 33
30 31 32
19
{[8, 5, 4, 3, 0]}
{[8, 7, 4, 2, 0]}
34
17 8 9
4 3 31
11 8 3
1 2 25
1 6 23
12 6 18
4 5 13
19 12 14
0 15 2
0 10 22
11 9 18
16 2 10
5 7 16
14 6 17
15 13 7
20 14 8
11 12 20
0 13 18
5 17 10
20 7 21
19 15 16
23 24 19
24 25 9
21 27 4
21 22 26
22 30 3
24 28 32
23 29 32
26 29 30
27 28 31
25 28 33
29 33 1
26 27 33
30 31 32
20
{[8, 5, 4, 3, 0]}
{[9, 7, 3, 2, 0]}
34
17 8 9
4 3 21
11 8 3
1 2 22
1 6 25
12 6 18
4 5 13
19 12 14
0 15 2
0 10 30
11 9 18
16 2 10
5 7 16
14 6 17
15 13 7
20 14 8
11 12 20
0 13 18
5 17 10
20 7 24
19 15 16
23 24 1
23 25 3
21 22 27
21 26 19
22 31 4
24 28 32
23 29 32
26 29 30
27 28 31
28 33 9
25 29 33
26 27 33
30 31 32
21
{[8, 5, 4, 3, 0]}
{[6, 3, 2, 1, 0]}
34
17 8 9
4 3 21
11 8 3
1 2 23
1 6 25
12 6 18
4 5 13
19 12 14
0 15 2
0 10 26
11 9 18
16 2 10
5 7 16
14 6 17
15 13 7
20 14 8
11 12 20
0 13 18
5 17 10
20 7 22
19 15 16
22 24 1
21 27 19
24 25 3
21 23 31
23 30 4
28 32 9
22 29 32
26 29 30
27 28 31
25 28 33
24 29 33
26 27 33
30 31 32
22
{[8, 5, 4, 3, 0]}
{[9, 7, 3, 2, 0]}
34
17 8 9
4 3 30
11 8 3
1 2 24
1 6 25
12 6 18
4 5 13
19 12 14
0 15 2
0 10 21
11 9 18
16 2 10
5 7 16
14 6 17
15 13 7
20 14 8
11 12 20
0 13 18
5 17 10
20 7 22
19 15 16
23 24 9
23 25 19
21 22 27
21 26 3
22 31 4
24 28 32
23 29 32
26 29 30
27 28 31
28 33 1
25 29 33
26 27 33
30 31 32
23
{[8, 5, 4, 3, 0]}
{[5, 4, 2, 1, 0]}
34
17 8 9
4 3 27
11 8 3
1 2 24
1 6 22
12 6 18
4 5 13
19 12 14
0 15 2
0 10 23
11 9 18
16 2 10
5 7 16
14 6 17
15 13 7
20 14 8
11 12 20
0 13 18
5 17 10
20 7 21
19 15 16
22 25 19
21 26 4
24 25 9
23 31 3
21 23 30
22 28 32
29 32 1
26 29 30
27 28 31
25 28 33
24 29 33
26 27 33
30 31 32
24
{[8, 5, 4, 3, 0]}
{[8, 7, 4, 2, 0]}
34
17 8 9
4 3 22
11 8 3
1 2 21
1 6 23
12 6 18
4 5 13
19 12 14
0 15 2
0 10 31
11 9 18
16 2 10
5 7 16
14 6 17
15 13 7
20 14 8
11 12 20
0 13 18
5 17 10
20 7 25
19 15 16
23 24 3
24 25 1
21 27 4
21 22 26
22 30 19
24 28 32
23 29 32
26 29 30
27 28 31
25 28 33
29 33 9
26 27 33
30 31 32
25
{[8, 5, 4, 3, 0]}
{[16, 13, 12, 11, 10]}
34
17 8 9
4 3 31
11 8 3
1 2 27
1 6 32
12 6 18
4 5 13
19 12 14
0 15 2
0 10 26
11 9 18
16 2 10
5 7 16
14 6 17
15 13 7
20 14 8
11 12 20
0 13 18
5 17 10
20 7 33
19 15 16
23 24 25
23 26 27
21 22 28
21 27 30
21 26 29
22 25 9
22 24 3
23 29 30
25 28 32
24 28 31
30 33 1
29 33 4
31 32 19
26
{[8, 5, 4, 3, 0]}
{[17, 16, 14, 12, 10]}
34
17 8 9
4 3 33
11 8 3
1 2 30
1 6 31
12 6 18
4 5 13
19 12 14
0 15 2
0 10 27
11 9 18
16 2 10
5 7 16
14 6 17
15 13 7
20 14 8
11 12 20
0 13 18
5 17 10
20 7 32
19 15 16
23 24 25
23 26 27
21 22 28
21 27 30
21 26 29
22 25 31
22 24 9
23 29 30
25 28 33
24 28 3
26 32 4
31 33 19
29 32 1
27
{[8, 5, 4, 3, 0]}
{[16, 13, 12, 11, 10]}
34
17 8 9
4 3 26
11 8 3
1 2 33
1 6 32
12 6 18
4 5 13
19 12 14
0 15 2
0 10 31
11 9 18
16 2 10
5 7 16
14 6 17
15 13 7
20 14 8
11 12 20
0 13 18
5 17 10
20 7 27
19 15 16
23 24 25
23 26 27
21 22 28
21 27 30
21 26 29
22 25 1
22 24 19
23 29 30
25 28 32
24 28 31
30 33 9
29 33 4
31 32 3
28
{[8, 5, 4, 3, 0]}
{[17, 16, 14, 12, 10]}
34
17 8 9
4 3 27
11 8 3
1 2 32
1 6 31
12 6 18
4 5 13
19 12 14
0 15 2
0 10 33
11 9 18
16 2 10
5 7 16
14 6 17
15 13 7
20 14 8
11 12 20
0 13 18
5 17 10
20 7 30
19 15 16
23 24 25
23 26 27
21 22 28
21 27 30
21 26 29
22 25 31
22 24 1
23 29 30
25 28 33
24 28 19
26 32 4
31 33 3
29 32 9
29
{[8, 5, 4, 3, 0]}
{[17, 16, 15, 13, 11]}
34
17 8 9
4 3 29
11 8 3
1 2 32
1 6 33
12 6 18
4 5 13
19 12 14
0 15 2
0 10 31
11 9 18
16 2 10
5 7 16
14 6 17
15 13 7
20 14 8
11 12 20
0 13 18
5 17 10
20 7 26
19 15 16
23 24 25
23 26 27
21 22 28
21 27 30
21 26 29
22 25 19
22 24 31
23 29 30
25 28 1
24 28 33
27 32 9
31 33 3
30 32 4
30
{[8, 5, 4, 3, 0]}
{[17, 16, 15, 13, 11]}
34
17 8 9
4 3 31
11 8 3
1 2 26
1 6 33
12 6 18
4 5 13
19 12 14
0 15 2
0 10 29
11 9 18
16 2 10
5 7 16
14 6 17
15 13 7
20 14 8
11 12 20
0 13 18
5 17 10
20 7 32
19 15 16
23 24 25
23 26 27
21 22 28
21 27 30
21 26 29
22 25 3
22 24 31
23 29 30
25 28 9
24 28 33
27 32 1
31 33 19
30 32 4
31
{[8, 5, 4, 3, 0]}
{[17, 15, 14, 13, 12]}
34
17 8 9
4 3 30
11 8 3
1 2 33
1 6 31
12 6 18
4 5 13
19 12 14
0 15 2
0 10 32
11 9 18
16 2 10
5 7 16
14 6 17
15 13 7
20 14 8
11 12 20
0 13 18
5 17 10
20 7 29
19 15 16
23 24 25
23 26 27
21 22 28
21 27 30
21 26 29
22 25 32
22 24 31
23 29 30
25 28 19
24 28 1
27 33 4
26 33 9
31 32 3
32
{[8, 5, 4, 3, 0]}
{[17, 15, 14, 13, 12]}
34
17 8 9
4 3 32
11 8 3
1 2 29
1 6 31
12 6 18
4 5 13
19 12 14
0 15 2
0 10 30
11 9 18
16 2 10
5 7 16
14 6 17
15 13 7
20 14 8
11 12 20
0 13 18
5 17 10
20 7 33
19 15 16
23 24 25
23 26 27
21 22 28
21 27 30
21 26 29
22 25 32
22 24 31
23 29 30
25 28 3
24 28 9
27 33 4
26 33 1
31 32 19
33
{[8, 5, 4, 3, 0]}
{[5, 4, 2, 1, 0]}
34
17 8 9
4 3 27
11 8 3
1 2 24
1 6 22
12 6 18
4 5 13
19 12 14
0 15 2
0 10 23
11 9 18
16 2 10
5 7 16
14 6 17
15 13 7
20 14 8
11 12 20
0 13 18
5 17 10
20 7 21
19 15 16
22 25 19
21 26 4
24 25 9
23 31 3
21 23 30
22 28 32
29 32 1
26 29 30
27 28 31
25 28 33
24 29 33
26 27 33
30 31 32
34
{[8, 5, 4, 3, 0]}
{[6, 3, 2, 1, 0]}
34
17 8 9
4 3 21
11 8 3
1 2 23
1 6 25
12 6 18
4 5 13
19 12 14
0 15 2
0 10 26
11 9 18
16 2 10
5 7 16
14 6 17
15 13 7
20 14 8
11 12 20
0 13 18
5 17 10
20 7 22
19 15 16
22 24 1
21 27 19
24 25 3
21 23 31
23 30 4
28 32 9
22 29 32
26 29 30
27 28 31
25 28 33
24 29 33
26 27 33
30 31 32
35
{[8, 5, 4, 3, 0]}
{[8, 7, 4, 2, 0]}
34
17 8 9
4 3 22
11 8 3
1 2 21
1 6 23
12 6 18
4 5 13
19 12 14
0 15 2
0 10 31
11 9 18
16 2 10
5 7 16
14 6 17
15 13 7
20 14 8
11 12 20
0 13 18
5 17 10
20 7 25
19 15 16
23 24 3
24 25 1
21 27 4
21 22 26
22 30 19
24 28 32
23 29 32
26 29 30
27 28 31
25 28 33
29 33 9
26 27 33
30 31 32
36
{[8, 5, 4, 3, 0]}
{[9, 7, 3, 2, 0]}
34
17 8 9
4 3 30
11 8 3
1 2 24
1 6 25
12 6 18
4 5 13
19 12 14
0 15 2
0 10 21
11 9 18
16 2 10
5 7 16
14 6 17
15 13 7
20 14 8
11 12 20
0 13 18
5 17 10
20 7 22
19 15 16
23 24 9
23 25 19
21 22 27
21 26 3
22 31 4
24 28 32
23 29 32
26 29 30
27 28 31
28 33 1
25 29 33
26 27 33
30 31 32
37
{[8, 5, 4, 3, 0]}
{[6, 3, 2, 1, 0]}
34
17 8 9
4 3 26
11 8 3
1 2 22
1 6 25
12 6 18
4 5 13
19 12 14
0 15 2
0 10 21
11 9 18
16 2 10
5 7 16
14 6 17
15 13 7
20 14 8
11 12 20
0 13 18
5 17 10
20 7 23
19 15 16
22 24 9
21 27 3
24 25 19
21 23 31
23 30 4
28 32 1
22 29 32
26 29 30
27 28 31
25 28 33
24 29 33
26 27 33
30 31 32
38
{[8, 5, 4, 3, 0]}
{[9, 7, 3, 2, 0]}
34
17 8 9
4 3 21
11 8 3
1 2 22
1 6 25
12 6 18
4 5 13
19 12 14
0 15 2
0 10 30
11 9 18
16 2 10
5 7 16
14 6 17
15 13 7
20 14 8
11 12 20
0 13 18
5 17 10
20 7 24
19 15 16
23 24 1
23 25 3
21 22 27
21 26 19
22 31 4
24 28 32
23 29 32
26 29 30
27 28 31
28 33 9
25 29 33
26 27 33
30 31 32
39
{[8, 5, 4, 3, 0]}
{[5, 4, 2, 1, 0]}
34
17 8 9
4 3 23
11 8 3
1 2 21
1 6 22
12 6 18
4 5 13
19 12 14
0 15 2
0 10 27
11 9 18
16 2 10
5 7 16
14 6 17
15 13 7
20 14 8
11 12 20
0 13 18
5 17 10
20 7 24
19 15 16
22 25 3
21 26 4
24 25 1
23 31 19
21 23 30
22 28 32
29 32 9
26 29 30
27 28 31
25 28 33
24 29 33
26 27 33
30 31 32
40
{[8, 5, 4, 3, 0]}
{[8, 7, 4, 2, 0]}
34
17 8 9
4 3 31
11 8 3
1 2 25
1 6 23
12 6 18
4 5 13
19 12 14
0 15 2
0 10 22
11 9 18
16 2 10
5 7 16
14 6 17
15 13 7
20 14 8
11 12 20
0 13 18
5 17 10
20 7 21
19 15 16
23 24 19
24 25 9
21 27 4
21 22 26
22 30 3
24 28 32
23 29 32
26 29 30
27 28 31
25 28 33
29 33 1
26 27 33
30 31 32
41
{[8, 5, 4, 3, 0]}
{[16, 13, 12, 11, 10]}
34
17 8 9
4 3 26
11 8 3
1 2 33
1 6 32
12 6 18
4 5 13
19 12 14
0 15 2
0 10 31
11 9 18
16 2 10
5 7 16
14 6 17
15 13 7
20 14 8
11 12 20
0 13 18
5 17 10
20 7 27
19 15 16
23 24 25
23 26 27
21 22 28
21 27 30
21 26 29
22 25 1
22 24 19
23 29 30
25 28 32
24 28 31
30 33 9
29 33 4
31 32 3
42
{[8, 5, 4, 3, 0]}
{[17, 16, 14, 12, 10]}
34
17 8 9
4 3 27
11 8 3
1 2 32
1 6 31
12 6 18
4 5 13
19 12 14
0 15 2
0 10 33
11 9 18
16 2 10
5 7 16
14 6 17
15 13 7
20 14 8
11 12 20
0 13 18
5 17 10
20 7 30
19 15 16
23 24 25
23 26 27
21 22 28
21 27 30
21 26 29
22 25 31
22 24 1
23 29 30
25 28 33
24 28 19
26 32 4
31 33 3
29 32 9
43
{[8, 5, 4, 3, 0]}
{[16, 13, 12, 11, 10]}
34
17 8 9
4 3 31
11 8 3
1 2 27
1 6 32
12 6 18
4 5 13
19 12 14
0 15 2
0 10 26
11 9 18
16 2 10
5 7 16
14 6 17
15 13 7
20 14 8
11 12 20
0 13 18
5 17 10
20 7 33
19 15 16
23 24 25
23 26 27
21 22 28
21 27 30
21 26 29
22 25 9
22 24 3
23 29 30
25 28 32
24 28 31
30 33 1
29 33 4
31 32 19
44
{[8, 5, 4, 3, 0]}
{[17, 16, 14, 12, 10]}
34
17 8 9
4 3 33
11 8 3
1 2 30
1 6 31
12 6 18
4 5 13
19 12 14
0 15 2
0 10 27
11 9 18
16 2 10
5 7 16
14 6 17
15 13 7
20 14 8
11 12 20
0 13 18
5 17 10
20 7 32
19 15 16
23 24 25
23 26 27
21 22 28
21 27 30
21 26 29
22 25 31
22 24 9
23 29 30
25 28 33
24 28 3
26 32 4
31 33 19
29 32 1
45
{[8, 5, 4, 3, 0]}
{[17, 16, 15, 13, 11]}
34
17 8 9
4 3 31
11 8 3
1 2 26
1 6 33
12 6 18
4 5 13
19 12 14
0 15 2
0 10 29
11 9 18
16 2 10
5 7 16
14 6 17
15 13 7
20 14 8
11 12 20
0 13 18
5 17 10
20 7 32
19 15 16
23 24 25
23 26 27
21 22 28
21 27 30
21 26 29
22 25 3
22 24 31
23 29 30
25 28 9
24 28 33
27 32 1
31 33 19
30 32 4
46
{[8, 5, 4, 3, 0]}
{[17, 16, 15, 13, 11]}
34
17 8 9
4 3 29
11 8 3
1 2 32
1 6 33
12 6 18
4 5 13
19 12 14
0 15 2
0 10 31
11 9 18
16 2 10
5 7 16
14 6 17
15 13 7
20 14 8
11 12 20
0 13 18
5 17 10
20 7 26
19 15 16
23 24 25
23 26 27
21 22 28
21 27 30
21 26 29
22 25 19
22 24 31
23 29 30
25 28 1
24 28 33
27 32 9
31 33 3
30 32 4
47
{[8, 5, 4, 3, 0]}
{[17, 15, 14, 13, 12]}
34
17 8 9
4 3 32
11 8 3
1 2 29
1 6 31
12 6 18
4 5 13
19 12 14
0 15 2
0 10 30
11 9 18
16 2 10
5 7 16
14 6 17
15 13 7
20 14 8
11 12 20
0 13 18
5 17 10
20 7 33
19 15 16
23 24 25
23 26 27
21 22 28
21 27 30
21 26 29
22 25 32
22 24 31
23 29 30
25 28 3
24 28 9
27 33 4
26 33 1
31 32 19
48
{[8, 5, 4, 3, 0]}
{[17, 15, 14, 13, 12]}
34
17 8 9
4 3 30
11 8 3
1 2 33
1 6 31
12 6 18
4 5 13
19 12 14
0 15 2
0 10 32
11 9 18
16 2 10
5 7 16
14 6 17
15 13 7
20 14 8
11 12 20
0 13 18
5 17 10
20 7 29
19 15 16
23 24 25
23 26 27
21 22 28
21 27 30
21 26 29
22 25 32
22 24 31
23 29 30
25 28 19
24 28 1
27 33 4
26 33 9
31 32 3
49
{[9, 8, 4, 2, 0]}
{[5, 4, 2, 1, 0]}
34
17 8 9
2 4 27
1 9 24
11 8 4
1 3 22
12 6 18
5 13 21
19 12 14
0 15 3
0 2 10
11 9 18
16 3 10
5 7 16
14 6 17
15 13 7
20 14 8
11 12 20
0 13 18
5 17 10
20 7 23
19 15 16
22 25 6
21 26 4
24 25 19
23 31 2
21 23 30
22 28 32
29 32 1
26 29 30
27 28 31
25 28 33
24 29 33
26 27 33
30 31 32
50
{[9, 8, 4, 2, 0]}
{[6, 3, 2, 1, 0]}
34
17 8 9
2 4 21
1 9 23
11 8 4
1 3 25
12 6 18
5 13 22
19 12 14
0 15 3
0 2 10
11 9 18
16 3 10
5 7 16
14 6 17
15 13 7
20 14 8
11 12 20
0 13 18
5 17 10
20 7 26
19 15 16
22 24 1
21 27 6
24 25 2
21 23 31
23 30 4
28 32 19
22 29 32
26 29 30
27 28 31
25 28 33
24 29 33
26 27 33
30 31 32
51
{[9, 8, 4, 2, 0]}
{[8, 7, 4, 2, 0]}
34
17 8 9
2 4 22
1 9 21
11 8 4
1 3 23
12 6 18
5 13 25
19 12 14
0 15 3
0 2 10
11 9 18
16 3 10
5 7 16
14 6 17
15 13 7
20 14 8
11 12 20
0 13 18
5 17 10
20 7 31
19 15 16
23 24 2
24 25 1
21 27 4
21 22 26
22 30 6
24 28 32
23 29 32
26 29 30
27 28 31
25 28 33
29 33 19
26 27 33
30 31 32
52
{[9, 8, 4, 2, 0]}
{[9, 7, 3, 2, 0]}
34
17 8 9
2 4 30
1 9 24
11 8 4
1 3 25
12 6 18
5 13 22
19 12 14
0 15 3
0 2 10
11 9 18
16 3 10
5 7 16
14 6 17
15 13 7
20 14 8
11 12 20
0 13 18
5 17 10
20 7 21
19 15 16
23 24 19
23 25 6
21 22 27
21 26 2
22 31 4
24 28 32
23 29 32
26 29 30
27 28 31
28 33 1
25 29 33
26 27 33
30 31 32
53
{[9, 8, 4, 2, 0]}
{[6, 3, 2, 1, 0]}
34
17 8 9
2 4 26
1 9 22
11 8 4
1 3 25
12 6 18
5 13 23
19 12 14
0 15 3
0 2 10
11 9 18
16 3 10
5 7 16
14 6 17
15 13 7
20 14 8
11 12 20
0 13 18
5 17 10
20 7 21
19 15 16
22 24 19
21 27 2
24 25 6
21 23 31
23 30 4
28 32 1
22 29 32
26 29 30
27 28 31
25 28 33
24 29 33
26 27 33
30 31 32
54
{[9, 8, 4, 2, 0]}
{[9, 7, 3, 2, 0]}
34
17 8 9
2 4 21
1 9 22
11 8 4
1 3 25
12 6 18
5 13 24
19 12 14
0 15 3
0 2 10
11 9 18
16 3 10
5 7 16
14 6 17
15 13 7
20 14 8
11 12 20
0 13 18
5 17 10
20 7 30
19 15 16
23 24 1
23 25 2
21 22 27
21 26 6
22 31 4
24 28 32
23 29 32
26 29 30
27 28 31
28 33 19
25 29 33
26 27 33
30 31 32
55
{[9, 8, 4, 2, 0]}
{[5, 4, 2, 1, 0]}
34
17 8 9
2 4 23
1 9 21
11 8 4
1 3 22
12 6 18
5 13 24
19 12 14
0 15 3
0 2 10
11 9 18
16 3 10
5 7 16
14 6 17
15 13 7
20 14 8
11 12 20
0 13 18
5 17 10
20 7 27
19 15 16
22 25 2
21 26 4
24 25 1
23 31 6
21 23 30
22 28 32
29 32 19
26 29 30
27 28 31
25 28 33
24 29 33
26 27 33
30 31 32
56
{[9, 8, 4, 2, 0]}
{[8, 7, 4, 2, 0]}
34
17 8 9
2 4 31
1 9 25
11 8 4
1 3 23
12 6 18
5 13 21
19 12 14
0 15 3
0 2 10
11 9 18
16 3 10
5 7 16
14 6 17
15 13 7
20 14 8
11 12 20
0 13 18
5 17 10
20 7 22
19 15 16
23 24 6
24 25 19
21 27 4
21 22 26
22 30 2
24 28 32
23 29 32
26 29 30
27 28 31
25 28 33
29 33 1
26 27 33
30 31 32
57
{[9, 8, 4, 2, 0]}
{[16, 13, 12, 11, 10]}
34
17 8 9
2 4 26
1 9 33
11 8 4
1 3 32
12 6 18
5 13 27
19 12 14
0 15 3
0 2 10
11 9 18
16 3 10
5 7 16
14 6 17
15 13 7
20 14 8
11 12 20
0 13 18
5 17 10
20 7 31
19 15 16
23 24 25
23 26 27
21 22 28
21 27 30
21 26 29
22 25 1
22 24 6
23 29 30
25 28 32
24 28 31
30 33 19
29 33 4
31 32 2
58
{[9, 8, 4, 2, 0]}
{[17, 16, 14, 12, 10]}
34
17 8 9
2 4 27
1 9 32
11 8 4
1 3 31
12 6 18
5 13 30
19 12 14
0 15 3
0 2 10
11 9 18
16 3 10
5 7 16
14 6 17
15 13 7
20 14 8
11 12 20
0 13 18
5 17 10
20 7 33
19 15 16
23 24 25
23 26 27
21 22 28
21 27 30
21 26 29
22 25 31
22 24 1
23 29 30
25 28 33
24 28 6
26 32 4
31 33 2
29 32 19
59
{[9, 8, 4, 2, 0]}
{[16, 13, 12, 11, 10]}
34
17 8 9
2 4 31
1 9 27
11 8 4
1 3 32
12 6 18
5 13 33
19 12 14
0 15 3
0 2 10
11 9 18
16 3 10
5 7 16
14 6 17
15 13 7
20 14 8
11 12 20
0 13 18
5 17 10
20 7 26
19 15 16
23 24 25
23 26 27
21 22 28
21 27 30
21 26 29
22 25 19
22 24 2
23 29 30
25 28 32
24 28 31
30 33 1
29 33 4
31 32 6
60
{[9, 8, 4, 2, 0]}
{[17, 16, 14, 12, 10]}
34
17 8 9
2 4 33
1 9 30
11 8 4
1 3 31
12 6 18
5 13 32
19 12 14
0 15 3
0 2 10
11 9 18
16 3 10
5 7 16
14 6 17
15 13 7
20 14 8
11 12 20
0 13 18
5 17 10
20 7 27
19 15 16
23 24 25
23 26 27
21 22 28
21 27 30
21 26 29
22 25 31
22 24 19
23 29 30
25 28 33
24 28 2
26 32 4
31 33 6
29 32 1
61
{[9, 8, 4, 2, 0]}
{[17, 16, 15, 13, 11]}
34
17 8 9
2 4 31
1 9 26
11 8 4
1 3 33
12 6 18
5 13 32
19 12 14
0 15 3
0 2 10
11 9 18
16 3 10
5 7 16
14 6 17
15 13 7
20 14 8
11 12 20
0 13 18
5 17 10
20 7 29
19 15 16
23 24 25
23 26 27
21 22 28
21 27 30
21 26 29
22 25 2
22 24 31
23 29 30
25 28 19
24 28 33
27 32 1
31 33 6
30 32 4
62
{[9, 8, 4, 2, 0]}
{[17, 16, 15, 13, 11]}
34
17 8 9
2 4 29
1 9 32
11 8 4
1 3 33
12 6 18
5 13 26
19 12 14
0 15 3
0 2 10
11 9 18
16 3 10
5 7 16
14 6 17
15 13 7
20 14 8
11 12 20
0 13 18
5 17 10
20 7 31
19 15 16
23 24 25
23 26 27
21 22 28
21 27 30
21 26 29
22 25 6
22 24 31
23 29 30
25 28 1
24 28 33
27 32 19
31 33 2
30 32 4
63
{[9, 8, 4, 2, 0]}
{[17, 15, 14, 13, 12]}
34
17 8 9
2 4 32
1 9 29
11 8 4
1 3 31
12 6 18
5 13 33
19 12 14
0 15 3
0 2 10
11 9 18
16 3 10
5 7 16
14 6 17
15 13 7
20 14 8
11 12 20
0 13 18
5 17 10
20 7 30
19 15 16
23 24 25
23 26 27
21 22 28
21 27 30
21 26 29
22 25 32
22 24 31
23 29 30
25 28 2
24 28 19
27 33 4
26 33 1
31 32 6
64
{[9, 8, 4, 2, 0]}
{[17, 15, 14, 13, 12]}
34
17 8 9
2 4 30
1 9 33
11 8 4
1 3 31
12 6 18
5 13 29
19 12 14
0 15 3
0 2 10
11 9 18
16 3 10
5 7 16
14 6 17
15 13 7
20 14 8
11 12 20
0 13 18
5 17 10
20 7 32
19 15 16
23 24 25
23 26 27
21 22 28
21 27 30
21 26 29
22 25 32
22 24 31
23 29 30
25 28 6
24 28 1
27 33 4
26 33 19
31 32 2
65
{[23, 22, 15, 14, 1]}
{[5, 4, 2, 1, 0]}
34
7 19 3
8 3 6
7 4 6
0 1 4
2 3 27
13 12 6
1 2 5
0 8 2
7 1 10
14 10 22
8 9 15
19 14 16
17 5 23
18 5 21
9 11 18
16 10 24
17 15 11
20 16 12
13 14 20
0 20 11
19 17 18
22 25 13
21 26 9
24 25 12
23 31 15
21 23 30
22 28 32
29 32 4
26 29 30
27 28 31
25 28 33
24 29 33
26 27 33
30 31 32
66
{[23, 22, 15, 14, 1]}
{[6, 3, 2, 1, 0]}
34
7 19 3
8 3 6
7 4 6
0 1 4
2 3 21
13 12 6
1 2 5
0 8 2
7 1 10
14 10 25
8 9 15
19 14 16
17 5 26
18 5 22
9 11 18
16 10 23
17 15 11
20 16 12
13 14 20
0 20 11
19 17 18
22 24 4
21 27 13
24 25 15
21 23 31
23 30 9
28 32 12
22 29 32
26 29 30
27 28 31
25 28 33
24 29 33
26 27 33
30 31 32
67
{[23, 22, 15, 14, 1]}
{[8, 7, 4, 2, 0]}
34
7 19 3
8 3 6
7 4 6
0 1 4
2 3 22
13 12 6
1 2 5
0 8 2
7 1 10
14 10 23
8 9 15
19 14 16
17 5 31
18 5 25
9 11 18
16 10 21
17 15 11
20 16 12
13 14 20
0 20 11
19 17 18
23 24 15
24 25 4
21 27 9
21 22 26
22 30 13
24 28 32
23 29 32
26 29 30
27 28 31
25 28 33
29 33 12
26 27 33
30 31 32
68
{[23, 22, 15, 14, 1]}
{[9, 7, 3, 2, 0]}
34
7 19 3
8 3 6
7 4 6
0 1 4
2 3 30
13 12 6
1 2 5
0 8 2
7 1 10
14 10 25
8 9 15
19 14 16
17 5 21
18 5 22
9 11 18
16 10 24
17 15 11
20 16 12
13 14 20
0 20 11
19 17 18
23 24 12
23 25 13
21 22 27
21 26 15
22 31 9
24 28 32
23 29 32
26 29 30
27 28 31
28 33 4
25 29 33
26 27 33
30 31 32
69
{[23, 22, 15, 14, 1]}
{[6, 3, 2, 1, 0]}
34
7 19 3
8 3 6
7 4 6
0 1 4
2 3 26
13 12 6
1 2 5
0 8 2
7 1 10
14 10 25
8 9 15
19 14 16
17 5 21
18 5 23
9 11 18
16 10 22
17 15 11
20 16 12
13 14 20
0 20 11
19 17 18
22 24 12
21 27 15
24 25 13
21 23 31
23 30 9
28 32 4
22 29 32
26 29 30
27 28 31
25 28 33
24 29 33
26 27 33
30 31 32
70
{[23, 22, 15, 14, 1]}
{[9, 7, 3, 2, 0]}
34
7 19 3
8 3 6
7 4 6
0 1 4
2 3 21
13 12 6
1 2 5
0 8 2
7 1 10
14 10 25
8 9 15
19 14 16
17 5 30
18 5 24
9 11 18
16 10 22
17 15 11
20 16 12
13 14 20
0 20 11
19 17 18
23 24 4
23 25 15
21 22 27
21 26 13
22 31 9
24 28 32
23 29 32
26 29 30
27 28 31
28 33 12
25 29 33
26 27 33
30 31 32
71
{[23, 22, 15, 14, 1]}
{[5, 4, 2, 1, 0]}
34
7 19 3
8 3 6
7 4 6
0 1 4
2 3 23
13 12 6
1 2 5
0 8 2
7 1 10
14 10 22
8 9 15
19 14 16
17 5 27
18 5 24
9 11 18
16 10 21
17 15 11
20 16 12
13 14 20
0 20 11
19 17 18
22 25 15
21 26 9
24 25 4
23 31 13
21 23 30
22 28 32
29 32 12
26 29 30
27 28 31
25 28 33
24 29 33
26 27 33
30 31 32
72
{[23, 22, 15, 14, 1]}
{[8, 7, 4, 2, 0]}
34
7 19 3
8 3 6
7 4 6
0 1 4
2 3 31
13 12 6
1 2 5
0 8 2
7 1 10
14 10 23
8 9 15
19 14 16
17 5 22
18 5 21
9 11 18
16 10 25
17 15 11
20 16 12
13 14 20
0 20 11
19 17 18
23 24 13
24 25 12
21 27 9
21 22 26
22 30 15
24 28 32
23 29 32
26 29 30
27 28 31
25 28 33
29 33 4
26 27 33
30 31 32
73
{[23, 22, 15, 14, 1]}
{[16, 13, 12, 11, 10]}
34
7 19 3
8 3 6
7 4 6
0 1 4
2 3 26
13 12 6
1 2 5
0 8 2
7 1 10
14 10 32
8 9 15
19 14 16
17 5 31
18 5 27
9 11 18
16 10 33
17 15 11
20 16 12
13 14 20
0 20 11
19 17 18
23 24 25
23 26 27
21 22 28
21 27 30
21 26 29
22 25 4
22 24 13
23 29 30
25 28 32
24 28 31
30 33 12
29 33 9
31 32 15
74
{[23, 22, 15, 14, 1]}
{[17, 16, 14, 12, 10]}
34
7 19 3
8 3 6
7 4 6
0 1 4
2 3 27
13 12 6
1 2 5
0 8 2
7 1 10
14 10 31
8 9 15
19 14 16
17 5 33
18 5 30
9 11 18
16 10 32
17 15 11
20 16 12
13 14 20
0 20 11
19 17 18
23 24 25
23 26 27
21 22 28
21 27 30
21 26 29
22 25 31
22 24 4
23 29 30
25 28 33
24 28 13
26 32 9
31 33 15
29 32 12
75
{[23, 22, 15, 14, 1]}
{[16, 13, 12, 11, 10]}
34
7 19 3
8 3 6
7 4 6
0 1 4
2 3 31
13 12 6
1 2 5
0 8 2
7 1 10
14 10 32
8 9 15
19 14 16
17 5 26
18 5 33
9 11 18
16 10 27
17 15 11
20 16 12
13 14 20
0 20 11
19 17 18
23 24 25
23 26 27
21 22 28
21 27 30
21 26 29
22 25 12
22 24 15
23 29 30
25 28 32
24 28 31
30 33 4
29 33 9
31 32 13
76
{[23, 22, 15, 14, 1]}
{[17, 16, 14, 12, 10]}
34
7 19 3
8 3 6
7 4 6
0 1 4
2 3 33
13 12 6
1 2 5
0 8 2
7 1 10
14 10 31
8 9 15
19 14 16
17 5 27
18 5 32
9 11 18
16 10 30
17 15 11
20 16 12
13 14 20
0 20 11
19 17 18
23 24 25
23 26 27
21 22 28
21 27 30
21 26 29
22 25 31
22 24 12
23 29 30
25 28 33
24 28 15
26 32 9
31 33 13
29 32 4
77
{[23, 22, 15, 14, 1]}
{[17, 16, 15, 13, 11]}
34
7 19 3
8 3 6
7 4 6
0 1 4
2 3 31
13 12 6
1 2 5
0 8 2
7 1 10
14 10 33
8 9 15
19 14 16
17 5 29
18 5 32
9 11 18
16 10 26
17 15 11
20 16 12
13 14 20
0 20 11
19 17 18
23 24 25
23 26 27
21 22 28
21 27 30
21 26 29
22 25 15
22 24 31
23 29 30
25 28 12
24 28 33
27 32 4
31 33 13
30 32 9
78
{[23, 22, 15, 14, 1]}
{[17, 16, 15, 13, 11]}
34
7 19 3
8 3 6
7 4 6
0 1 4
2 3 29
13 12 6
1 2 5
0 8 2
7 1 10
14 10 33
8 9 15
19 14 16
17 5 31
18 5 26
9 11 18
16 10 32
17 15 11
20 16 12
13 14 20
0 20 11
19 17 18
23 24 25
23 26 27
21 22 28
21 27 30
21 26 29
22 25 13
22 24 31
23 29 30
25 28 4
24 28 33
27 32 12
31 33 15
30 32 9
79
{[23, 22, 15, 14, 1]}
{[17, 15, 14, 13, 12]}
34
7 19 3
8 3 6
7 4 6
0 1 4
2 3 32
13 12 6
1 2 5
0 8 2
7 1 10
14 10 31
8 9 15
19 14 16
17 5 30
18 5 33
9 11 18
16 10 29
17 15 11
20 16 12
13 14 20
0 20 11
19 17 18
23 24 25
23 26 27
21 22 28
21 27 30
21 26 29
22 25 32
22 24 31
23 29 30
25 28 15
24 28 12
27 33 9
26 33 4
31 32 13
80
{[23, 22, 15, 14, 1]}
{[17, 15, 14, 13, 12]}
34
7 19 3
8 3 6
7 4 6
0 1 4
2 3 30
13 12 6
1 2 5
0 8 2
7 1 10
14 10 31
8 9 15
19 14 16
17 5 32
18 5 29
9 11 18
16 10 33
17 15 11
20 16 12
13 14 20
0 20 11
19 17 18
23 24 25
23 26 27
21 22 28
21 27 30
21 26 29
22 25 32
22 24 31
23 29 30
25 28 13
24 28 4
27 33 9
26 33 12
31 32 15
81
{[23, 22, 15, 14, 1]}
{[5, 4, 2, 1, 0]}
34
7 19 3
8 3 6
7 4 6
0 1 4
2 3 23
13 12 6
1 2 5
0 8 2
7 1 10
14 10 22
8 9 15
19 14 16
17 5 27
18 5 24
9 11 18
16 10 21
17 15 11
20 16 12
13 14 20
0 20 11
19 17 18
22 25 15
21 26 9
24 25 4
23 31 13
21 23 30
22 28 32
29 32 12
26 29 30
27 28 31
25 28 33
24 29 33
26 27 33
30 31 32
82
{[23, 22, 15, 14, 1]}
{[6, 3, 2, 1, 0]}
34
7 19 3
8 3 6
7 4 6
0 1 4
2 3 26
13 12 6
1 2 5
0 8 2
7 1 10
14 10 25
8 9 15
19 14 16
17 5 21
18 5 23
9 11 18
16 10 22
17 15 11
20 16 12
13 14 20
0 20 11
19 17 18
22 24 12
21 27 15
24 25 13
21 23 31
23 30 9
28 32 4
22 29 32
26 29 30
27 28 31
25 28 33
24 29 33
26 27 33
30 31 32
83
{[23, 22, 15, 14, 1]}
{[8, 7, 4, 2, 0]}
34
7 19 3
8 3 6
7 4 6
0 1 4
2 3 31
13 12 6
1 2 5
0 8 2
7 1 10
14 10 23
8 9 15
19 14 16
17 5 22
18 5 21
9 11 18
16 10 25
17 15 11
20 16 12
13 14 20
0 20 11
19 17 18
23 24 13
24 25 12
21 27 9
21 22 26
22 30 15
24 28 32
23 29 32
26 29 30
27 28 31
25 28 33
29 33 4
26 27 33
30 31 32
84
{[23, 22, 15, 14, 1]}
{[9, 7, 3, 2, 0]}
34
7 19 3
8 3 6
7 4 6
0 1 4
2 3 21
13 12 6
1 2 5
0 8 2
7 1 10
14 10 25
8 9 15
19 14 16
17 5 30
18 5 24
9 11 18
16 10 22
17 15 11
20 16 12
13 14 20
0 20 11
19 17 18
23 24 4
23 25 15
21 22 27
21 26 13
22 31 9
24 28 32
23 29 32
26 29 30
27 28 31
28 33 12
25 29 33
26 27 33
30 31 32
85
{[23, 22, 15, 14, 1]}
{[6, 3, 2, 1, 0]}
34
7 19 3
8 3 6
7 4 6
0 1 4
2 3 21
13 12 6
1 2 5
0 8 2
7 1 10
14 10 25
8 9 15
19 14 16
17 5 26
18 5 22
9 11 18
16 10 23
17 15 11
20 16 12
13 14 20
0 20 11
19 17 18
22 24 4
21 27 13
24 25 15
21 23 31
23 30 9
28 32 12
22 29 32
26 29 30
27 28 31
25 28 33
24 29 33
26 27 33
30 31 32
86
{[23, 22, 15, 14, 1]}
{[9, 7, 3, 2, 0]}
34
7 19 3
8 3 6
7 4 6
0 1 4
2 3 30
13 12 6
1 2 5
0 8 2
7 1 10
14 10 25
8 9 15
19 14 16
17 5 21
18 5 22
9 11 18
16 10 24
17 15 11
20 16 12
13 14 20
0 20 11
19 17 18
23 24 12
23 25 13
21 22 27
21 26 15
22 31 9
24 28 32
23 29 32
26 29 30
27 28 31
28 33 4
25 29 33
26 27 33
30 31 32
87
{[23, 22, 15, 14, 1]}
{[5, 4, 2, 1, 0]}
34
7 19 3
8 3 6
7 4 6
0 1 4
2 3 27
13 12 6
1 2 5
0 8 2
7 1 10
14 10 22
8 9 15
19 14 16
17 5 23
18 5 21
9 11 18
16 10 24
17 15 11
20 16 12
13 14 20
0 20 11
19 17 18
22 25 13
21 26 9
24 25 12
23 31 15
21 23 30
22 28 32
29 32 4
26 29 30
27 28 31
25 28 33
24 29 33
26 27 33
30 31 32
88
{[23, 22, 15, 14, 1]}
{[8, 7, 4, 2, 0]}
34
7 19 3
8 3 6
7 4 6
0 1 4
2 3 22
13 12 6
1 2 5
0 8 2
7 1 10
14 10 23
8 9 15
19 14 16
17 5 31
18 5 25
9 11 18
16 10 21
17 15 11
20 16 12
13 14 20
0 20 11
19 17 18
23 24 15
24 25 4
21 27 9
21 22 26
22 30 13
24 28 32
23 29 32
26 29 30
27 28 31
25 28 33
29 33 12
26 27 33
30 31 32
89
{[23, 22, 15, 14, 1]}
{[16, 13, 12, 11, 10]}
34
7 19 3
8 3 6
7 4 6
0 1 4
2 3 31
13 12 6
1 2 5
0 8 2
7 1 10
14 10 32
8 9 15
19 14 16
17 5 26
18 5 33
9 11 18
16 10 27
17 15 11
20 16 12
13 14 20
0 20 11
19 17 18
23 24 25
23 26 27
21 22 28
21 27 30
21 26 29
22 25 12
22 24 15
23 29 30
25 28 32
24 28 31
30 33 4
29 33 9
31 32 13
90
{[23, 22, 15, 14, 1]}
{[17, 16, 14, 12, 10]}
34
7 19 3
8 3 6
7 4 6
0 1 4
2 3 33
13 12 6
1 2 5
0 8 2
7 1 10
14 10 31
8 9 15
19 14 16
17 5 27
18 5 32
9 11 18
16 10 30
17 15 11
20 16 12
13 14 20
0 20 11
19 17 18
23 24 25
23 26 27
21 22 28
21 27 30
21 26 29
22 25 31
22 24 12
23 29 30
25 28 33
24 28 15
26 32 9
31 33 13
29 32 4
91
{[23, 22, 15, 14, 1]}
{[16, 13, 12, 11, 10]}
34
7 19 3
8 3 6
7 4 6
0 1 4
2 3 26
13 12 6
1 2 5
0 8 2
7 1 10
14 10 32
8 9 15
19 14 16
17 5 31
18 5 27
9 11 18
16 10 33
17 15 11
20 16 12
13 14 20
0 20 11
19 17 18
23 24 25
23 26 27
21 22 28
21 27 30
21 26 29
22 25 4
22 24 13
23 29 30
25 28 32
24 28 31
30 33 12
29 33 9
31 32 15
92
{[23, 22, 15, 14, 1]}
{[17, 16, 14, 12, 10]}
34
7 19 3
8 3 6
7 4 6
0 1 4
2 3 27
13 12 6
1 2 5
0 8 2
7 1 10
14 10 31
8 9 15
19 14 16
17 5 33
18 5 30
9 11 18
16 10 32
17 15 11
20 16 12
13 14 20
0 20 11
19 17 18
23 24 25
23 26 27
21 22 28
21 27 30
21 26 29
22 25 31
22 24 4
23 29 30
25 28 33
24 28 13
26 32 9
31 33 15
29 32 12
93
{[23, 22, 15, 14, 1]}
{[17, 16, 15, 13, 11]}
34
7 19 3
8 3 6
7 4 6
0 1 4
2 3 29
13 12 6
1 2 5
0 8 2
7 1 10
14 10 33
8 9 15
19 14 16
17 5 31
18 5 26
9 11 18
16 10 32
17 15 11
20 16 12
13 14 20
0 20 11
19 17 18
23 24 25
23 26 27
21 22 28
21 27 30
21 26 29
22 25 13
22 24 31
23 29 30
25 28 4
24 28 33
27 32 12
31 33 15
30 32 9
94
{[23, 22, 15, 14, 1]}
{[17, 16, 15, 13, 11]}
34
7 19 3
8 3 6
7 4 6
0 1 4
2 3 31
13 12 6
1 2 5
0 8 2
7 1 10
14 10 33
8 9 15
19 14 16
17 5 29
18 5 32
9 11 18
16 10 26
17 15 11
20 16 12
13 14 20
0 20 11
19 17 18
23 24 25
23 26 27
21 22 28
21 27 30
21 26 29
22 25 15
22 24 31
23 29 30
25 28 12
24 28 33
27 32 4
31 33 13
30 32 9
95
{[23, 22, 15, 14, 1]}
{[17, 15, 14, 13, 12]}
34
7 19 3
8 3 6
7 4 6
0 1 4
2 3 30
13 12 6
1 2 5
0 8 2
7 1 10
14 10 31
8 9 15
19 14 16
17 5 32
18 5 29
9 11 18
16 10 33
17 15 11
20 16 12
13 14 20
0 20 11
19 17 18
23 24 25
23 26 27
21 22 28
21 27 30
21 26 29
22 25 32
22 24 31
23 29 30
25 28 13
24 28 4
27 33 9
26 33 12
31 32 15
96
{[23, 22, 15, 14, 1]}
{[17, 15, 14, 13, 12]}
34
7 19 3
8 3 6
7 4 6
0 1 4
2 3 32
13 12 6
1 2 5
0 8 2
7 1 10
14 10 31
8 9 15
19 14 16
17 5 30
18 5 33
9 11 18
16 10 29
17 15 11
20 16 12
13 14 20
0 20 11
19 17 18
23 24 25
23 26 27
21 22 28
21 27 30
21 26 29
22 25 32
22 24 31
23 29 30
25 28 15
24 28 12
27 33 9
26 33 4
31 32 13
97
{[7, 5, 4, 3, 2]}
{[5, 4, 2, 1, 0]}
34
3 19 22
17 8 9
11 8 27
0 4 23
3 6 21
12 6 18
4 5 13
19 12 14
1 15 2
1 10 24
11 9 18
16 2 10
5 7 16
14 6 17
15 13 7
20 14 8
11 12 20
1 13 18
5 17 10
0 20 7
19 15 16
22 25 4
21 26 0
24 25 3
23 31 9
21 23 30
22 28 32
29 32 2
26 29 30
27 28 31
25 28 33
24 29 33
26 27 33
30 31 32
98
{[7, 5, 4, 3, 2]}
{[6, 3, 2, 1, 0]}
34
3 19 25
17 8 9
11 8 21
0 4 26
3 6 22
12 6 18
4 5 13
19 12 14
1 15 2
1 10 23
11 9 18
16 2 10
5 7 16
14 6 17
15 13 7
20 14 8
11 12 20
1 13 18
5 17 10
0 20 7
19 15 16
22 24 2
21 27 4
24 25 9
21 23 31
23 30 0
28 32 3
22 29 32
26 29 30
27 28 31
25 28 33
24 29 33
26 27 33
30 31 32
99
{[7, 5, 4, 3, 2]}
{[8, 7, 4, 2, 0]}
34
3 19 23
17 8 9
11 8 22
0 4 31
3 6 25
12 6 18
4 5 13
19 12 14
1 15 2
1 10 21
11 9 18
16 2 10
5 7 16
14 6 17
15 13 7
20 14 8
11 12 20
1 13 18
5 17 10
0 20 7
19 15 16
23 24 9
24 25 2
21 27 0
21 22 26
22 30 4
24 28 32
23 29 32
26 29 30
27 28 31
25 28 33
29 33 3
26 27 33
30 31 32
100
{[7, 5, 4, 3, 2]}
{[9, 7, 3, 2, 0]}
34
3 19 25
17 8 9
11 8 30
0 4 21
3 6 22
12 6 18
4 5 13
19 12 14
1 15 2
1 10 24
11 9 18
16 2 10
5 7 16
14 6 17
15 13 7
20 14 8
11 12 20
1 13 18
5 17 10
0 20 7
19 15 16
23 24 3
23 25 4
21 22 27
21 26 9
22 31 0
24 28 32
23 29 32
26 29 30
27 28 31
28 33 2
25 29 33
26 27 33
30 31 32
101
{[7, 5, 4, 3, 2]}
{[6, 3, 2, 1, 0]}
34
3 19 25
17 8 9
11 8 26
0 4 21
3 6 23
12 6 18
4 5 13
19 12 14
1 15 2
1 10 22
11 9 18
16 2 10
5 7 16
14 6 17
15 13 7
20 14 8
11 12 20
1 13 18
5 17 10
0 20 7
19 15 16
22 24 3
21 27 9
24 25 4
21 23 31
23 30 0
28 32 2
22 29 32
26 29 30
27 28 31
25 28 33
24 29 33
26 27 33
30 31 32
102
{[7, 5, 4, 3, 2]}
{[9, 7, 3, 2, 0]}
34
3 19 25
17 8 9
11 8 21
0 4 30
3 6 24
12 6 18
4 5 13
19 12 14
1 15 2
1 10 22
11 9 18
16 2 10
5 7 16
14 6 17
15 13 7
20 14 8
11 12 20
1 13 18
5 17 10
0 20 7
19 15 16
23 24 2
23 25 9
21 22 27
21 26 4
22 31 0
24 28 32
23 29 32
26 29 30
27 28 31
28 33 3
25 29 33
26 27 33
30 31 32
103
{[7, 5, 4, 3, 2]}
{[5, 4, 2, 1, 0]}
34
3 19 22
17 8 9
11 8 23
0 4 27
3 6 24
12 6 18
4 5 13
19 12 14
1 15 2
1 10 21
11 9 18
16 2 10
5 7 16
14 6 17
15 13 7
20 14 8
11 12 20
1 13 18
5 17 10
0 20 7
19 15 16
22 25 9
21 26 0
24 25 2
23 31 4
21 23 30
22 28 32
29 32 3
26 29 30
27 28 31
25 28 33
24 29 33
26 27 33
30 31 32
104
{[7, 5, 4, 3, 2]}
{[8, 7, 4, 2, 0]}
34
3 19 23
17 8 9
11 8 31
0 4 22
3 6 21
12 6 18
4 5 13
19 12 14
1 15 2
1 10 25
11 9 18
16 2 10
5 7 16
14 6 17
15 13 7
20 14 8
11 12 20
1 13 18
5 17 10
0 20 7
19 15 16
23 24 4
24 25 3
21 27 0
21 22 26
22 30 9
24 28 32
23 29 32
26 29 30
27 28 31
25 28 33
29 33 2
26 27 33
30 31 32
105
{[7, 5, 4, 3, 2]}
{[16, 13, 12, 11, 10]}
34
3 19 32
17 8 9
11 8 26
0 4 31
3 6 27
12 6 18
4 5 13
19 12 14
1 15 2
1 10 33
11 9 18
16 2 10
5 7 16
14 6 17
15 13 7
20 14 8
11 12 20
1 13 18
5 17 10
0 20 7
19 15 16
23 24 25
23 26 27
21 22 28
21 27 30
21 26 29
22 25 2
22 24 4
23 29 30
25 28 32
24 28 31
30 33 3
29 33 0
31 32 9
106
{[7, 5, 4, 3, 2]}
{[17, 16, 14, 12, 10]}
34
3 19 31
17 8 9
11 8 27
0 4 33
3 6 30
12 6 18
4 5 13
19 12 14
1 15 2
1 10 32
11 9 18
16 2 10
5 7 16
14 6 17
15 13 7
20 14 8
11 12 20
1 13 18
5 17 10
0 20 7
19 15 16
23 24 25
23 26 27
21 22 28
21 27 30
21 26 29
22 25 31
22 24 2
23 29 30
25 28 33
24 28 4
26 32 0
31 33 9
29 32 3
107
{[7, 5, 4, 3, 2]}
{[16, 13, 12, 11, 10]}
34
3 19 32
17 8 9
11 8 31
0 4 26
3 6 33
12 6 18
4 5 13
19 12 14
1 15 2
1 10 27
11 9 18
16 2 10
5 7 16
14 6 17
15 13 7
20 14 8
11 12 20
1 13 18
5 17 10
0 20 7
19 15 16
23 24 25
23 26 27
21 22 28
21 27 30
21 26 29
22 25 3
22 24 9
23 29 30
25 28 32
24 28 31
30 33 2
29 33 0
31 32 4
108
{[7, 5, 4, 3, 2]}
{[17, 16, 14, 12, 10]}
34
3 19 31
17 8 9
11 8 33
0 4 27
3 6 32
12 6 18
4 5 13
19 12 14
1 15 2
1 10 30
11 9 18
16 2 10
5 7 16
14 6 17
15 13 7
20 14 8
11 12 20
1 13 18
5 17 10
0 20 7
19 15 16
23 24 25
23 26 27
21 22 28
21 27 30
21 26 29
22 25 31
22 24 3
23 29 30
25 28 33
24 28 9
26 32 0
31 33 4
29 32 2
109
{[7, 5, 4, 3, 2]}
{[17, 16, 15, 13, 11]}
34
3 19 33
17 8 9
11 8 31
0 4 29
3 6 32
12 6 18
4 5 13
19 12 14
1 15 2
1 10 26
11 9 18
16 2 10
5 7 16
14 6 17
15 13 7
20 14 8
11 12 20
1 13 18
5 17 10
0 20 7
19 15 16
23 24 25
23 26 27
21 22 28
21 27 30
21 26 29
22 25 9
22 24 31
23 29 30
25 28 3
24 28 33
27 32 2
31 33 4
30 32 0
110
{[7, 5, 4, 3, 2]}
{[17, 16, 15, 13, 11]}
34
3 19 33
17 8 9
11 8 29
0 4 31
3 6 26
12 6 18
4 5 13
19 12 14
1 15 2
1 10 32
11 9 18
16 2 10
5 7 16
14 6 17
15 13 7
20 14 8
11 12 20
1 13 18
5 17 10
0 20 7
19 15 16
23 24 25
23 26 27
21 22 28
21 27 30
21 26 29
22 25 4
22 24 31
23 29 30
25 28 2
24 28 33
27 32 3
31 33 9
30 32 0
111
{[7, 5, 4, 3, 2]}
{[17, 15, 14, 13, 12]}
34
3 19 31
17 8 9
11 8 32
0 4 30
3 6 33
12 6 18
4 5 13
19 12 14
1 15 2
1 10 29
11 9 18
16 2 10
5 7 16
14 6 17
15 13 7
20 14 8
11 12 20
1 13 18
5 17 10
0 20 7
19 15 16
23 24 25
23 26 27
21 22 28
21 27 30
21 26 29
22 25 32
22 24 31
23 29 30
25 28 9
24 28 3
27 33 0
26 33 2
31 32 4
112
{[7, 5, 4, 3, 2]}
{[17, 15, 14, 13, 12]}
34
3 19 31
17 8 9
11 8 30
0 4 32
3 6 29
12 6 18
4 5 13
19 12 14
1 15 2
1 10 33
11 9 18
16 2 10
5 7 16
14 6 17
15 13 7
20 14 8
11 12 20
1 13 18
5 17 10
0 20 7
19 15 16
23 24 25
23 26 27
21 22 28
21 27 30
21 26 29
22 25 32
22 24 31
23 29 30
25 28 4
24 28 2
27 33 0
26 33 3
31 32 9
113
{[7, 5, 4, 3, 2]}
{[5, 4, 2, 1, 0]}
34
3 19 22
17 8 9
11 8 23
0 4 27
3 6 24
12 6 18
4 5 13
19 12 14
1 15 2
1 10 21
11 9 18
16 2 10
5 7 16
14 6 17
15 13 7
20 14 8
11 12 20
1 13 18
5 17 10
0 20 7
19 15 16
22 25 9
21 26 0
24 25 2
23 31 4
21 23 30
22 28 32
29 32 3
26 29 30
27 28 31
25 28 33
24 29 33
26 27 33
30 31 32
114
{[7, 5, 4, 3, 2]}
{[6, 3, 2, 1, 0]}
34
3 19 25
17 8 9
11 8 26
0 4 21
3 6 23
12 6 18
4 5 13
19 12 14
1 15 2
1 10 22
11 9 18
16 2 10
5 7 16
14 6 17
15 13 7
20 14 8
11 12 20
1 13 18
5 17 10
0 20 7
19 15 16
22 24 3
21 27 9
24 25 4
21 23 31
23 30 0
28 32 2
22 29 32
26 29 30
27 28 31
25 28 33
24 29 33
26 27 33
30 31 32
115
{[7, 5, 4, 3, 2]}
{[8, 7, 4, 2, 0]}
34
3 19 23
17 8 9
11 8 31
0 4 22
3 6 21
12 6 18
4 5 13
19 12 14
1 15 2
1 10 25
11 9 18
16 2 10
5 7 16
14 6 17
15 13 7
20 14 8
11 12 20
1 13 18
5 17 10
0 20 7
19 15 16
23 24 4
24 25 3
21 27 0
21 22 26
22 30 9
24 28 32
23 29 32
26 29 30
27 28 31
25 28 33
29 33 2
26 27 33
30 31 32
116
{[7, 5, 4, 3, 2]}
{[9, 7, 3, 2, 0]}
34
3 19 25
17 8 9
11 8 21
0 4 30
3 6 24
12 6 18
4 5 13
19 12 14
1 15 2
1 10 22
11 9 18
16 2 10
5 7 16
14 6 17
15 13 7
20 14 8
11 12 20
1 13 18
5 17 10
0 20 7
19 15 16
23 24 2
23 25 9
21 22 27
21 26 4
22 31 0
24 28 32
23 29 32
26 29 30
27 28 31
28 33 3
25 29 33
26 27 33
30 31 32
117
{[7, 5, 4, 3, 2]}
{[6, 3, 2, 1, 0]}
34
3 19 25
17 8 9
11 8 21
0 4 26
3 6 22
12 6 18
4 5 13
19 12 14
1 15 2
1 10 23
11 9 18
16 2 10
5 7 16
14 6 17
15 13 7
20 14 8
11 12 20
1 13 18
5 17 10
0 20 7
19 15 16
22 24 2
21 27 4
24 25 9
21 23 31
23 30 0
28 32 3
22 29 32
26 29 30
27 28 31
25 28 33
24 29 33
26 27 33
30 31 32
118
{[7, 5, 4, 3, 2]}
{[9, 7, 3, 2, 0]}
34
3 19 25
17 8 9
11 8 30
0 4 21
3 6 22
12 6 18
4 5 13
19 12 14
1 15 2
1 10 24
11 9 18
16 2 10
5 7 16
14 6 17
15 13 7
20 14 8
11 12 20
1 13 18
5 17 10
0 20 7
19 15 16
23 24 3
23 25 4
21 22 27
21 26 9
22 31 0
24 28 32
23 29 32
26 29 30
27 28 31
28 33 2
25 29 33
26 27 33
30 31 32
119
{[7, 5, 4, 3, 2]}
{[5, 4, 2, 1, 0]}
34
3 19 22
17 8 9
11 8 27
0 4 23
3 6 21
12 6 18
4 5 13
19 12 14
1 15 2
1 10 24
11 9 18
16 2 10
5 7 16
14 6 17
15 13 7
20 14 8
11 12 20
1 13 18
5 17 10
0 20 7
19 15 16
22 25 4
21 26 0
24 25 3
23 31 9
21 23 30
22 28 32
29 32 2
26 29 30
27 28 31
25 28 33
24 29 33
26 27 33
30 31 32
120
{[7, 5, 4, 3, 2]}
{[8, 7, 4, 2, 0]}
34
3 19 23
17 8 9
11 8 22
0 4 31
3 6 25
12 6 18
4 5 13
19 12 14
1 15 2
1 10 21
11 9 18
16 2 10
5 7 16
14 6 17
15 13 7
20 14 8
11 12 20
1 13 18
5 17 10
0 20 7
19 15 16
23 24 9
24 25 2
21 27 0
21 22 26
22 30 4
24 28 32
23 29 32
26 29 30
27 28 31
25 28 33
29 33 3
26 27 33
30 31 32
121
{[7, 5, 4, 3, 2]}
{[16, 13, 12, 11, 10]}
34
3 19 32
17 8 9
11 8 31
0 4 26
3 6 33
12 6 18
4 5 13
19 12 14
1 15 2
1 10 27
11 9 18
16 2 10
5 7 16
14 6 17
15 13 7
20 14 8
11 12 20
1 13 18
5 17 10
0 20 7
19 15 16
23 24 25
23 26 27
21 22 28
21 27 30
21 26 29
22 25 3
22 24 9
23 29 30
25 28 32
24 28 31
30 33 2
29 33 0
31 32 4
122
{[7, 5, 4, 3, 2]}
{[17, 16, 14, 12, 10]}
34
3 19 31
17 8 9
11 8 33
0 4 27
3 6 32
12 6 18
4 5 13
19 12 14
1 15 2
1 10 30
11 9 18
16 2 10
5 7 16
14 6 17
15 13 7
20 14 8
11 12 20
1 13 18
5 17 10
0 20 7
19 15 16
23 24 25
23 26 27
21 22 28
21 27 30
21 26 29
22 25 31
22 24 3
23 29 30
25 28 33
24 28 9
26 32 0
31 33 4
29 32 2
123
{[7, 5, 4, 3, 2]}
{[16, 13, 12, 11, 10]}
34
3 19 32
17 8 9
11 8 26
0 4 31
3 6 27
12 6 18
4 5 13
19 12 14
1 15 2
1 10 33
11 9 18
16 2 10
5 7 16
14 6 17
15 13 7
20 14 8
11 12 20
1 13 18
5 17 10
0 20 7
19 15 16
23 24 25
23 26 27
21 22 28
21 27 30
21 26 29
22 25 2
22 24 4
23 29 30
25 28 32
24 28 31
30 33 3
29 33 0
31 32 9
124
{[7, 5, 4, 3, 2]}
{[17, 16, 14, 12, 10]}
34
3 19 31
17 8 9
11 8 27
0 4 33
3 6 30
12 6 18
4 5 13
19 12 14
1 15 2
1 10 32
11 9 18
16 2 10
5 7 16
14 6 17
15 13 7
20 14 8
11 12 20
1 13 18
5 17 10
0 20 7
19 15 16
23 24 25
23 26 27
21 22 28
21 27 30
21 26 29
22 25 31
22 24 2
23 29 30
25 28 33
24 28 4
26 32 0
31 33 9
29 32 3
125
{[7, 5, 4, 3, 2]}
{[17, 16, 15, 13, 11]}
34
3 19 33
17 8 9
11 8 29
0 4 31
3 6 26
12 6 18
4 5 13
19 12 14
1 15 2
1 10 32
11 9 18
16 2 10
5 7 16
14 6 17
15 13 7
20 14 8
11 12 20
1 13 18
5 17 10
0 20 7
19 15 16
23 24 25
23 26 27
21 22 28
21 27 30
21 26 29
22 25 4
22 24 31
23 29 30
25 28 2
24 28 33
27 32 3
31 33 9
30 32 0
126
{[7, 5, 4, 3, 2]}
{[17, 16, 15, 13, 11]}
34
3 19 33
17 8 9
11 8 31
0 4 29
3 6 32
12 6 18
4 5 13
19 12 14
1 15 2
1 10 26
11 9 18
16 2 10
5 7 16
14 6 17
15 13 7
20 14 8
11 12 20
1 13 18
5 17 10
0 20 7
19 15 16
23 24 25
23 26 27
21 22 28
21 27 30
21 26 29
22 25 9
22 24 31
23 29 30
25 28 3
24 28 33
27 32 2
31 33 4
30 32 0
127
{[7, 5, 4, 3, 2]}
{[17, 15, 14, 13, 12]}
34
3 19 31
17 8 9
11 8 30
0 4 32
3 6 29
12 6 18
4 5 13
19 12 14
1 15 2
1 10 33
11 9 18
16 2 10
5 7 16
14 6 17
15 13 7
20 14 8
11 12 20
1 13 18
5 17 10
0 20 7
19 15 16
23 24 25
23 26 27
21 22 28
21 27 30
21 26 29
22 25 32
22 24 31
23 29 30
25 28 4
24 28 2
27 33 0
26 33 3
31 32 9
128
{[7, 5, 4, 3, 2]}
{[17, 15, 14, 13, 12]}
34
3 19 31
17 8 9
11 8 32
0 4 30
3 6 33
12 6 18
4 5 13
19 12 14
1 15 2
1 10 29
11 9 18
16 2 10
5 7 16
14 6 17
15 13 7
20 14 8
11 12 20
1 13 18
5 17 10
0 20 7
19 15 16
23 24 25
23 26 27
21 22 28
21 27 30
21 26 29
22 25 32
22 24 31
23 29 30
25 28 9
24 28 3
27 33 0
26 33 2
31 32 4
129
{[9, 8, 7, 3, 2]}
{[5, 4, 2, 1, 0]}
34
19 2 24
17 8 9
0 3 27
2 9 22
11 8 21
12 6 18
5 13 23
19 12 14
1 15 4
1 3 10
11 9 18
16 4 10
5 7 16
14 6 17
15 13 7
20 14 8
11 12 20
1 13 18
5 17 10
0 20 7
19 15 16
22 25 4
21 26 3
24 25 6
23 31 0
21 23 30
22 28 32
29 32 2
26 29 30
27 28 31
25 28 33
24 29 33
26 27 33
30 31 32
130
{[9, 8, 7, 3, 2]}
{[6, 3, 2, 1, 0]}
34
19 2 23
17 8 9
0 3 21
2 9 25
11 8 22
12 6 18
5 13 26
19 12 14
1 15 4
1 3 10
11 9 18
16 4 10
5 7 16
14 6 17
15 13 7
20 14 8
11 12 20
1 13 18
5 17 10
0 20 7
19 15 16
22 24 2
21 27 4
24 25 0
21 23 31
23 30 3
28 32 6
22 29 32
26 29 30
27 28 31
25 28 33
24 29 33
26 27 33
30 31 32
131
{[9, 8, 7, 3, 2]}
{[8, 7, 4, 2, 0]}
34
19 2 21
17 8 9
0 3 22
2 9 23
11 8 25
12 6 18
5 13 31
19 12 14
1 15 4
1 3 10
11 9 18
16 4 10
5 7 16
14 6 17
15 13 7
20 14 8
11 12 20
1 13 18
5 17 10
0 20 7
19 15 16
23 24 0
24 25 2
21 27 3
21 22 26
22 30 4
24 28 32
23 29 32
26 29 30
27 28 31
25 28 33
29 33 6
26 27 33
30 31 32
132
{[9, 8, 7, 3, 2]}
{[9, 7, 3, 2, 0]}
34
19 2 24
17 8 9
0 3 30
2 9 25
11 8 22
12 6 18
5 13 21
19 12 14
1 15 4
1 3 10
11 9 18
16 4 10
5 7 16
14 6 17
15 13 7
20 14 8
11 12 20
1 13 18
5 17 10
0 20 7
19 15 16
23 24 6
23 25 4
21 22 27
21 26 0
22 31 3
24 28 32
23 29 32
26 29 30
27 28 31
28 33 2
25 29 33
26 27 33
30 31 32
133
{[9, 8, 7, 3, 2]}
{[6, 3, 2, 1, 0]}
34
19 2 22
17 8 9
0 3 26
2 9 25
11 8 23
12 6 18
5 13 21
19 12 14
1 15 4
1 3 10
11 9 18
16 4 10
5 7 16
14 6 17
15 13 7
20 14 8
11 12 20
1 13 18
5 17 10
0 20 7
19 15 16
22 24 6
21 27 0
24 25 4
21 23 31
23 30 3
28 32 2
22 29 32
26 29 30
27 28 31
25 28 33
24 29 33
26 27 33
30 31 32
134
{[9, 8, 7, 3, 2]}
{[9, 7, 3, 2, 0]}
34
19 2 22
17 8 9
0 3 21
2 9 25
11 8 24
12 6 18
5 13 30
19 12 14
1 15 4
1 3 10
11 9 18
16 4 10
5 7 16
14 6 17
15 13 7
20 14 8
11 12 20
1 13 18
5 17 10
0 20 7
19 15 16
23 24 2
23 25 0
21 22 27
21 26 4
22 31 3
24 28 32
23 29 32
26 29 30
27 28 31
28 33 6
25 29 33
26 27 33
30 31 32
135
{[9, 8, 7, 3, 2]}
{[5, 4, 2, 1, 0]}
34
19 2 21
17 8 9
0 3 23
2 9 22
11 8 24
12 6 18
5 13 27
19 12 14
1 15 4
1 3 10
11 9 18
16 4 10
5 7 16
14 6 17
15 13 7
20 14 8
11 12 20
1 13 18
5 17 10
0 20 7
19 15 16
22 25 0
21 26 3
24 25 2
23 31 4
21 23 30
22 28 32
29 32 6
26 29 30
27 28 31
25 28 33
24 29 33
26 27 33
30 31 32
136
{[9, 8, 7, 3, 2]}
{[8, 7, 4, 2, 0]}
34
19 2 25
17 8 9
0 3 31
2 9 23
11 8 21
12 6 18
5 13 22
19 12 14
1 15 4
1 3 10
11 9 18
16 4 10
5 7 16
14 6 17
15 13 7
20 14 8
11 12 20
1 13 18
5 17 10
0 20 7
19 15 16
23 24 4
24 25 6
21 27 3
21 22 26
22 30 0
24 28 32
23 29 32
26 29 30
27 28 31
25 28 33
29 33 2
26 27 33
30 31 32
137
{[9, 8, 7, 3, 2]}
{[16, 13, 12, 11, 10]}
34
19 2 33
17 8 9
0 3 26
2 9 32
11 8 27
12 6 18
5 13 31
19 12 14
1 15 4
1 3 10
11 9 18
16 4 10
5 7 16
14 6 17
15 13 7
20 14 8
11 12 20
1 13 18
5 17 10
0 20 7
19 15 16
23 24 25
23 26 27
21 22 28
21 27 30
21 26 29
22 25 2
22 24 4
23 29 30
25 28 32
24 28 31
30 33 6
29 33 3
31 32 0
138
{[9, 8, 7, 3, 2]}
{[17, 16, 14, 12, 10]}
34
19 2 32
17 8 9
0 3 27
2 9 31
11 8 30
12 6 18
5 13 33
19 12 14
1 15 4
1 3 10
11 9 18
16 4 10
5 7 16
14 6 17
15 13 7
20 14 8
11 12 20
1 13 18
5 17 10
0 20 7
19 15 16
23 24 25
23 26 27
21 22 28
21 27 30
21 26 29
22 25 31
22 24 2
23 29 30
25 28 33
24 28 4
26 32 3
31 33 0
29 32 6
139
{[9, 8, 7, 3, 2]}
{[16, 13, 12, 11, 10]}
34
19 2 27
17 8 9
0 3 31
2 9 32
11 8 33
12 6 18
5 13 26
19 12 14
1 15 4
1 3 10
11 9 18
16 4 10
5 7 16
14 6 17
15 13 7
20 14 8
11 12 20
1 13 18
5 17 10
0 20 7
19 15 16
23 24 25
23 26 27
21 22 28
21 27 30
21 26 29
22 25 6
22 24 0
23 29 30
25 28 32
24 28 31
30 33 2
29 33 3
31 32 4
140
{[9, 8, 7, 3, 2]}
{[17, 16, 14, 12, 10]}
34
19 2 30
17 8 9
0 3 33
2 9 31
11 8 32
12 6 18
5 13 27
19 12 14
1 15 4
1 3 10
11 9 18
16 4 10
5 7 16
14 6 17
15 13 7
20 14 8
11 12 20
1 13 18
5 17 10
0 20 7
19 15 16
23 24 25
23 26 27
21 22 28
21 27 30
21 26 29
22 25 31
22 24 6
23 29 30
25 28 33
24 28 0
26 32 3
31 33 4
29 32 2
141
{[9, 8, 7, 3, 2]}
{[17, 16, 15, 13, 11]}
34
19 2 26
17 8 9
0 3 31
2 9 33
11 8 32
12 6 18
5 13 29
19 12 14
1 15 4
1 3 10
11 9 18
16 4 10
5 7 16
14 6 17
15 13 7
20 14 8
11 12 20
1 13 18
5 17 10
0 20 7
19 15 16
23 24 25
23 26 27
21 22 28
21 27 30
21 26 29
22 25 0
22 24 31
23 29 30
25 28 6
24 28 33
27 32 2
31 33 4
30 32 3
142
{[9, 8, 7, 3, 2]}
{[17, 16, 15, 13, 11]}
34
19 2 32
17 8 9
0 3 29
2 9 33
11 8 26
12 6 18
5 13 31
19 12 14
1 15 4
1 3 10
11 9 18
16 4 10
5 7 16
14 6 17
15 13 7
20 14 8
11 12 20
1 13 18
5 17 10
0 20 7
19 15 16
23 24 25
23 26 27
21 22 28
21 27 30
21 26 29
22 25 4
22 24 31
23 29 30
25 28 2
24 28 33
27 32 6
31 33 0
30 32 3
143
{[9, 8, 7, 3, 2]}
{[17, 15, 14, 13, 12]}
34
19 2 29
17 8 9
0 3 32
2 9 31
11 8 33
12 6 18
5 13 30
19 12 14
1 15 4
1 3 10
11 9 18
16 4 10
5 7 16
14 6 17
15 13 7
20 14 8
11 12 20
1 13 18
5 17 10
0 20 7
19 15 16
23 24 25
23 26 27
21 22 28
21 27 30
21 26 29
22 25 32
22 24 31
23 29 30
25 28 0
24 28 6
27 33 3
26 33 2
31 32 4
144
{[9, 8, 7, 3, 2]}
{[17, 15, 14, 13, 12]}
34
19 2 33
17 8 9
0 3 30
2 9 31
11 8 29
12 6 18
5 13 32
19 12 14
1 15 4
1 3 10
11 9 18
16 4 10
5 7 16
14 6 17
15 13 7
20 14 8
11 12 20
1 13 18
5 17 10
0 20 7
19 15 16
23 24 25
23 26 27
21 22 28
21 27 30
21 26 29
22 25 32
22 24 31
23 29 30
25 28 4
24 28 2
27 33 3
26 33 6
31 32 0
145
{[9, 8, 7, 3, 2]}
{[5, 4, 2, 1, 0]}
34
19 2 21
17 8 9
0 3 23
2 9 22
11 8 24
12 6 18
5 13 27
19 12 14
1 15 4
1 3 10
11 9 18
16 4 10
5 7 16
14 6 17
15 13 7
20 14 8
11 12 20
1 13 18
5 17 10
0 20 7
19 15 16
22 25 0
21 26 3
24 25 2
23 31 4
21 23 30
22 28 32
29 32 6
26 29 30
27 28 31
25 28 33
24 29 33
26 27 33
30 31 32
146
{[9, 8, 7, 3, 2]}
{[6, 3, 2, 1, 0]}
34
19 2 22
17 8 9
0 3 26
2 9 25
11 8 23
12 6 18
5 13 21
19 12 14
1 15 4
1 3 10
11 9 18
16 4 10
5 7 16
14 6 17
15 13 7
20 14 8
11 12 20
1 13 18
5 17 10
0 20 7
19 15 16
22 24 6
21 27 0
24 25 4
21 23 31
23 30 3
28 32 2
22 29 32
26 29 30
27 28 31
25 28 33
24 29 33
26 27 33
30 31 32
147
{[9, 8, 7, 3, 2]}
{[8, 7, 4, 2, 0]}
34
19 2 25
17 8 9
0 3 31
2 9 23
11 8 21
12 6 18
5 13 22
19 12 14
1 15 4
1 3 10
11 9 18
16 4 10
5 7 16
14 6 17
15 13 7
20 14 8
11 12 20
1 13 18
5 17 10
0 20 7
19 15 16
23 24 4
24 25 6
21 27 3
21 22 26
22 30 0
24 28 32
23 29 32
26 29 30
27 28 31
25 28 33
29 33 2
26 27 33
30 31 32
148
{[9, 8, 7, 3, 2]}
{[9, 7, 3, 2, 0]}
34
19 2 22
17 8 9
0 3 21
2 9 25
11 8 24
12 6 18
5 13 30
19 12 14
1 15 4
1 3 10
11 9 18
16 4 10
5 7 16
14 6 17
15 13 7
20 14 8
11 12 20
1 13 18
5 17 10
0 20 7
19 15 16
23 24 2
23 25 0
21 22 27
21 26 4
22 31 3
24 28 32
23 29 32
26 29 30
27 28 31
28 33 6
25 29 33
26 27 33
30 31 32
149
{[9, 8, 7, 3, 2]}
{[6, 3, 2, 1, 0]}
34
19 2 23
17 8 9
0 3 21
2 9 25
11 8 22
12 6 18
5 13 26
19 12 14
1 15 4
1 3 10
11 9 18
16 4 10
5 7 16
14 6 17
15 13 7
20 14 8
11 12 20
1 13 18
5 17 10
0 20 7
19 15 16
22 24 2
21 27 4
24 25 0
21 23 31
23 30 3
28 32 6
22 29 32
26 29 30
27 28 31
25 28 33
24 29 33
26 27 33
30 31 32
150
{[9, 8, 7, 3, 2]}
{[9, 7, 3, 2, 0]}
34
19 2 24
17 8 9
0 3 30
2 9 25
11 8 22
12 6 18
5 13 21
19 12 14
1 15 4
1 3 10
11 9 18
16 4 10
5 7 16
14 6 17
15 13 7
20 14 8
11 12 20
1 13 18
5 17 10
0 20 7
19 15 16
23 24 6
23 25 4
21 22 27
21 26 0
22 31 3
24 28 32
23 29 32
26 29 30
27 28 31
28 33 2
25 29 33
26 27 33
30 31 32
151
{[9, 8, 7, 3, 2]}
{[5, 4, 2, 1, 0]}
34
19 2 24
17 8 9
0 3 27
2 9 22
11 8 21
12 6 18
5 13 23
19 12 14
1 15 4
1 3 10
11 9 18
16 4 10
5 7 16
14 6 17
15 13 7
20 14 8
11 12 20
1 13 18
5 17 10
0 20 7
19 15 16
22 25 4
21 26 3
24 25 6
23 31 0
21 23 30
22 28 32
29 32 2
26 29 30
27 28 31
25 28 33
24 29 33
26 27 33
30 31 32
152
{[9, 8, 7, 3, 2]}
{[8, 7, 4, 2, 0]}
34
19 2 21
17 8 9
0 3 22
2 9 23
11 8 25
12 6 18
5 13 31
19 12 14
1 15 4
1 3 10
11 9 18
16 4 10
5 7 16
14 6 17
15 13 7
20 14 8
11 12 20
1 13 18
5 17 10
0 20 7
19 15 16
23 24 0
24 25 2
21 27 3
21 22 26
22 30 4
24 28 32
23 29 32
26 29 30
27 28 31
25 28 33
29 33 6
26 27 33
30 31 32
153
{[9, 8, 7, 3, 2]}
{[16, 13, 12, 11, 10]}
34
19 2 27
17 8 9
0 3 31
2 9 32
11 8 33
12 6 18
5 13 26
19 12 14
1 15 4
1 3 10
11 9 18
16 4 10
5 7 16
14 6 17
15 13 7
20 14 8
11 12 20
1 13 18
5 17 10
0 20 7
19 15 16
23 24 25
23 26 27
21 22 28
21 27 30
21 26 29
22 25 6
22 24 0
23 29 30
25 28 32
24 28 31
30 33 2
29 33 3
31 32 4
154
{[9, 8, 7, 3, 2]}
{[17, 16, 14, 12, 10]}
34
19 2 30
17 8 9
0 3 33
2 9 31
11 8 32
12 6 18
5 13 27
19 12 14
1 15 4
1 3 10
11 9 18
16 4 10
5 7 16
14 6 17
15 13 7
20 14 8
11 12 20
1 13 18
5 17 10
0 20 7
19 15 16
23 24 25
23 26 27
21 22 28
21 27 30
21 26 29
22 25 31
22 24 6
23 29 30
25 28 33
24 28 0
26 32 3
31 33 4
29 32 2
155
{[9, 8, 7, 3, 2]}
{[16, 13, 12, 11, 10]}
34
19 2 33
17 8 9
0 3 26
2 9 32
11 8 27
12 6 18
5 13 31
19 12 14
1 15 4
1 3 10
11 9 18
16 4 10
5 7 16
14 6 17
15 13 7
20 14 8
11 12 20
1 13 18
5 17 10
0 20 7
19 15 16
23 24 25
23 26 27
21 22 28
21 27 30
21 26 29
22 25 2
22 24 4
23 29 30
25 28 32
24 28 31
30 33 6
29 33 3
31 32 0
156
{[9, 8, 7, 3, 2]}
{[17, 16, 14, 12, 10]}
34
19 2 32
17 8 9
0 3 27
2 9 31
11 8 30
12 6 18
5 13 33
19 12 14
1 15 4
1 3 10
11 9 18
16 4 10
5 7 16
14 6 17
15 13 7
20 14 8
11 12 20
1 13 18
5 17 10
0 20 7
19 15 16
23 24 25
23 26 27
21 22 28
21 27 30
21 26 29
22 25 31
22 24 2
23 29 30
25 28 33
24 28 4
26 32 3
31 33 0
29 32 6
157
{[9, 8, 7, 3, 2]}
{[17, 16, 15, 13, 11]}
34
19 2 32
17 8 9
0 3 29
2 9 33
11 8 26
12 6 18
5 13 31
19 12 14
1 15 4
1 3 10
11 9 18
16 4 10
5 7 16
14 6 17
15 13 7
20 14 8
11 12 20
1 13 18
5 17 10
0 20 7
19 15 16
23 24 25
23 26 27
21 22 28
21 27 30
21 26 29
22 25 4
22 24 31
23 29 30
25 28 2
24 28 33
27 32 6
31 33 0
30 32 3
158
{[9, 8, 7, 3, 2]}
{[17, 16, 15, 13, 11]}
34
19 2 26
17 8 9
0 3 31
2 9 33
11 8 32
12 6 18
5 13 29
19 12 14
1 15 4
1 3 10
11 9 18
16 4 10
5 7 16
14 6 17
15 13 7
20 14 8
11 12 20
1 13 18
5 17 10
0 20 7
19 15 16
23 24 25
23 26 27
21 22 28
21 27 30
21 26 29
22 25 0
22 24 31
23 29 30
25 28 6
24 28 33
27 32 2
31 33 4
30 32 3
159
{[9, 8, 7, 3, 2]}
{[17, 15, 14, 13, 12]}
34
19 2 33
17 8 9
0 3 30
2 9 31
11 8 29
12 6 18
5 13 32
19 12 14
1 15 4
1 3 10
11 9 18
16 4 10
5 7 16
14 6 17
15 13 7
20 14 8
11 12 20
1 13 18
5 17 10
0 20 7
19 15 16
23 24 25
23 26 27
21 22 28
21 27 30
21 26 29
22 25 32
22 24 31
23 29 30
25 28 4
24 28 2
27 33 3
26 33 6
31 32 0
160
{[9, 8, 7, 3, 2]}
{[17, 15, 14, 13, 12]}
34
19 2 29
17 8 9
0 3 32
2 9 31
11 8 33
12 6 18
5 13 30
19 12 14
1 15 4
1 3 10
11 9 18
16 4 10
5 7 16
14 6 17
15 13 7
20 14 8
11 12 20
1 13 18
5 17 10
0 20 7
19 15 16
23 24 25
23 26 27
21 22 28
21 27 30
21 26 29
22 25 32
22 24 31
23 29 30
25 28 0
24 28 6
27 33 3
26 33 2
31 32 4
161
{[23, 22, 18, 11, 10]}
{[5, 4, 2, 1, 0]}
34
8 19 4
11 12 22
9 4 7
8 5 7
0 2 5
3 4 12
14 11 7
2 3 6
0 9 3
8 2 27
19 15 16
1 17 6
1 5 13
14 12 24
18 6 13
10 18 23
17 10 21
20 16 11
14 15 20
0 20 10
19 17 18
22 25 16
21 26 1
24 25 15
23 31 13
21 23 30
22 28 32
29 32 9
26 29 30
27 28 31
25 28 33
24 29 33
26 27 33
30 31 32
162
{[23, 22, 18, 11, 10]}
{[6, 3, 2, 1, 0]}
34
8 19 4
11 12 25
9 4 7
8 5 7
0 2 5
3 4 12
14 11 7
2 3 6
0 9 3
8 2 21
19 15 16
1 17 6
1 5 13
14 12 23
18 6 13
10 18 26
17 10 22
20 16 11
14 15 20
0 20 10
19 17 18
22 24 9
21 27 16
24 25 13
21 23 31
23 30 1
28 32 15
22 29 32
26 29 30
27 28 31
25 28 33
24 29 33
26 27 33
30 31 32
163
{[23, 22, 18, 11, 10]}
{[8, 7, 4, 2, 0]}
34
8 19 4
11 12 23
9 4 7
8 5 7
0 2 5
3 4 12
14 11 7
2 3 6
0 9 3
8 2 22
19 15 16
1 17 6
1 5 13
14 12 21
18 6 13
10 18 31
17 10 25
20 16 11
14 15 20
0 20 10
19 17 18
23 24 13
24 25 9
21 27 1
21 22 26
22 30 16
24 28 32
23 29 32
26 29 30
27 28 31
25 28 33
29 33 15
26 27 33
30 31 32
164
{[23, 22, 18, 11, 10]}
{[9, 7, 3, 2, 0]}
34
8 19 4
11 12 25
9 4 7
8 5 7
0 2 5
3 4 12
14 11 7
2 3 6
0 9 3
8 2 30
19 15 16
1 17 6
1 5 13
14 12 24
18 6 13
10 18 21
17 10 22
20 16 11
14 15 20
0 20 10
19 17 18
23 24 15
23 25 16
21 22 27
21 26 13
22 31 1
24 28 32
23 29 32
26 29 30
27 28 31
28 33 9
25 29 33
26 27 33
30 31 32
165
{[23, 22, 18, 11, 10]}
{[6, 3, 2, 1, 0]}
34
8 19 4
11 12 25
9 4 7
8 5 7
0 2 5
3 4 12
14 11 7
2 3 6
0 9 3
8 2 26
19 15 16
1 17 6
1 5 13
14 12 22
18 6 13
10 18 21
17 10 23
20 16 11
14 15 20
0 20 10
19 17 18
22 24 15
21 27 13
24 25 16
21 23 31
23 30 1
28 32 9
22 29 32
26 29 30
27 28 31
25 28 33
24 29 33
26 27 33
30 31 32
166
{[23, 22, 18, 11, 10]}
{[9, 7, 3, 2, 0]}
34
8 19 4
11 12 25
9 4 7
8 5 7
0 2 5
3 4 12
14 11 7
2 3 6
0 9 3
8 2 21
19 15 16
1 17 6
1 5 13
14 12 22
18 6 13
10 18 30
17 10 24
20 16 11
14 15 20
0 20 10
19 17 18
23 24 9
23 25 13
21 22 27
21 26 16
22 31 1
24 28 32
23 29 32
26 29 30
27 28 31
28 33 15
25 29 33
26 27 33
30 31 32
167
{[23, 22, 18, 11, 10]}
{[5, 4, 2, 1, 0]}
34
8 19 4
11 12 22
9 4 7
8 5 7
0 2 5
3 4 12
14 11 7
2 3 6
0 9 3
8 2 23
19 15 16
1 17 6
1 5 13
14 12 21
18 6 13
10 18 27
17 10 24
20 16 11
14 15 20
0 20 10
19 17 18
22 25 13
21 26 1
24 25 9
23 31 16
21 23 30
22 28 32
29 32 15
26 29 30
27 28 31
25 28 33
24 29 33
26 27 33
30 31 32
168
{[23, 22, 18, 11, 10]}
{[8, 7, 4, 2, 0]}
34
8 19 4
11 12 23
9 4 7
8 5 7
0 2 5
3 4 12
14 11 7
2 3 6
0 9 3
8 2 31
19 15 16
1 17 6
1 5 13
14 12 25
18 6 13
10 18 22
17 10 21
20 16 11
14 15 20
0 20 10
19 17 18
23 24 16
24 25 15
21 27 1
21 22 26
22 30 13
24 28 32
23 29 32
26 29 30
27 28 31
25 28 33
29 33 9
26 27 33
30 31 32
169
{[23, 22, 18, 11, 10]}
{[16, 13, 12, 11, 10]}
34
8 19 4
11 12 32
9 4 7
8 5 7
0 2 5
3 4 12
14 11 7
2 3 6
0 9 3
8 2 26
19 15 16
1 17 6
1 5 13
14 12 33
18 6 13
10 18 31
17 10 27
20 16 11
14 15 20
0 20 10
19 17 18
23 24 25
23 26 27
21 22 28
21 27 30
21 26 29
22 25 9
22 24 16
23 29 30
25 28 32
24 28 31
30 33 15
29 33 1
31 32 13
170
{[23, 22, 18, 11, 10]}
{[17, 16, 14, 12, 10]}
34
8 19 4
11 12 31
9 4 7
8 5 7
0 2 5
3 4 12
14 11 7
2 3 6
0 9 3
8 2 27
19 15 16
1 17 6
1 5 13
14 12 32
18 6 13
10 18 33
17 10 30
20 16 11
14 15 20
0 20 10
19 17 18
23 24 25
23 26 27
21 22 28
21 27 30
21 26 29
22 25 31
22 24 9
23 29 30
25 28 33
24 28 16
26 32 1
31 33 13
29 32 15
171
{[23, 22, 18, 11, 10]}
{[16, 13, 12, 11, 10]}
34
8 19 4
11 12 32
9 4 7
8 5 7
0 2 5
3 4 12
14 11 7
2 3 6
0 9 3
8 2 31
19 15 16
1 17 6
1 5 13
14 12 27
18 6 13
10 18 26
17 10 33
20 16 11
14 15 20
0 20 10
19 17 18
23 24 25
23 26 27
21 22 28
21 27 30
21 26 29
22 25 15
22 24 13
23 29 30
25 28 32
24 28 31
30 33 9
29 33 1
31 32 16
172
{[23, 22, 18, 11, 10]}
{[17, 16, 14, 12, 10]}
34
8 19 4
11 12 31
9 4 7
8 5 7
0 2 5
3 4 12
14 11 7
2 3 6
0 9 3
8 2 33
19 15 16
1 17 6
1 5 13
14 12 30
18 6 13
10 18 27
17 10 32
20 16 11
14 15 20
0 20 10
19 17 18
23 24 25
23 26 27
21 22 28
21 27 30
21 26 29
22 25 31
22 24 15
23 29 30
25 28 33
24 28 13
26 32 1
31 33 16
29 32 9
173
{[23, 22, 18, 11, 10]}
{[17, 16, 15, 13, 11]}
34
8 19 4
11 12 33
9 4 7
8 5 7
0 2 5
3 4 12
14 11 7
2 3 6
0 9 3
8 2 31
19 15 16
1 17 6
1 5 13
14 12 26
18 6 13
10 18 29
17 10 32
20 16 11
14 15 20
0 20 10
19 17 18
23 24 25
23 26 27
21 22 28
21 27 30
21 26 29
22 25 13
22 24 31
23 29 30
25 28 15
24 28 33
27 32 9
31 33 16
30 32 1
174
{[23, 22, 18, 11, 10]}
{[17, 16, 15, 13, 11]}
34
8 19 4
11 12 33
9 4 7
8 5 7
0 2 5
3 4 12
14 11 7
2 3 6
0 9 3
8 2 29
19 15 16
1 17 6
1 5 13
14 12 32
18 6 13
10 18 31
17 10 26
20 16 11
14 15 20
0 20 10
19 17 18
23 24 25
23 26 27
21 22 28
21 27 30
21 26 29
22 25 16
22 24 31
23 29 30
25 28 9
24 28 33
27 32 15
31 33 13
30 32 1
175
{[23, 22, 18, 11, 10]}
{[17, 15, 14, 13, 12]}
34
8 19 4
11 12 31
9 4 7
8 5 7
0 2 5
3 4 12
14 11 7
2 3 6
0 9 3
8 2 32
19 15 16
1 17 6
1 5 13
14 12 29
18 6 13
10 18 30
17 10 33
20 16 11
14 15 20
0 20 10
19 17 18
23 24 25
23 26 27
21 22 28
21 27 30
21 26 29
22 25 32
22 24 31
23 29 30
25 28 13
24 28 15
27 33 1
26 33 9
31 32 16
176
{[23, 22, 18, 11, 10]}
{[17, 15, 14, 13, 12]}
34
8 19 4
11 12 31
9 4 7
8 5 7
0 2 5
3 4 12
14 11 7
2 3 6
0 9 3
8 2 30
19 15 16
1 17 6
1 5 13
14 12 33
18 6 13
10 18 32
17 10 29
20 16 11
14 15 20
0 20 10
19 17 18
23 24 25
23 26 27
21 22 28
21 27 30
21 26 29
22 25 32
22 24 31
23 29 30
25 28 16
24 28 9
27 33 1
26 33 15
31 32 13
177
{[23, 22, 18, 11, 10]}
{[5, 4, 2, 1, 0]}
34
8 19 4
11 12 22
9 4 7
8 5 7
0 2 5
3 4 12
14 11 7
2 3 6
0 9 3
8 2 23
19 15 16
1 17 6
1 5 13
14 12 21
18 6 13
10 18 27
17 10 24
20 16 11
14 15 20
0 20 10
19 17 18
22 25 13
21 26 1
24 25 9
23 31 16
21 23 30
22 28 32
29 32 15
26 29 30
27 28 31
25 28 33
24 29 33
26 27 33
30 31 32
178
{[23, 22, 18, 11, 10]}
{[6, 3, 2, 1, 0]}
34
8 19 4
11 12 25
9 4 7
8 5 7
0 2 5
3 4 12
14 11 7
2 3 6
0 9 3
8 2 26
19 15 16
1 17 6
1 5 13
14 12 22
18 6 13
10 18 21
17 10 23
20 16 11
14 15 20
0 20 10
19 17 18
22 24 15
21 27 13
24 25 16
21 23 31
23 30 1
28 32 9
22 29 32
26 29 30
27 28 31
25 28 33
24 29 33
26 27 33
30 31 32
179
{[23, 22, 18, 11, 10]}
{[8, 7, 4, 2, 0]}
34
8 19 4
11 12 23
9 4 7
8 5 7
0 2 5
3 4 12
14 11 7
2 3 6
0 9 3
8 2 31
19 15 16
1 17 6
1 5 13
14 12 25
18 6 13
10 18 22
17 10 21
20 16 11
14 15 20
0 20 10
19 17 18
23 24 16
24 25 15
21 27 1
21 22 26
22 30 13
24 28 32
23 29 32
26 29 30
27 28 31
25 28 33
29 33 9
26 27 33
30 31 32
180
{[23, 22, 18, 11, 10]}
{[9, 7, 3, 2, 0]}
34
8 19 4
11 12 25
9 4 7
8 5 7
0 2 5
3 4 12
14 11 7
2 3 6
0 9 3
8 2 21
19 15 16
1 17 6
1 5 13
14 12 22
18 6 13
10 18 30
17 10 24
20 16 11
14 15 20
0 20 10
19 17 18
23 24 9
23 25 13
21 22 27
21 26 16
22 31 1
24 28 32
23 29 32
26 29 30
27 28 31
28 33 15
25 29 33
26 27 33
30 31 32
181
{[23, 22, 18, 11, 10]}
{[6, 3, 2, 1, 0]}
34
8 19 4
11 12 25
9 4 7
8 5 7
0 2 5
3 4 12
14 11 7
2 3 6
0 9 3
8 2 21
19 15 16
1 17 6
1 5 13
14 12 23
18 6 13
10 18 26
17 10 22
20 16 11
14 15 20
0 20 10
19 17 18
22 24 9
21 27 16
24 25 13
21 23 31
23 30 1
28 32 15
22 29 32
26 29 30
27 28 31
25 28 33
24 29 33
26 27 33
30 31 32
182
{[23, 22, 18, 11, 10]}
{[9, 7, 3, 2, 0]}
34
8 19 4
11 12 25
9 4 7
8 5 7
0 2 5
3 4 12
14 11 7
2 3 6
0 9 3
8 2 30
19 15 16
1 17 6
1 5 13
14 12 24
18 6 13
10 18 21
17 10 22
20 16 11
14 15 20
0 20 10
19 17 18
23 24 15
23 25 16
21 22 27
21 26 13
22 31 1
24 28 32
23 29 32
26 29 30
27 28 31
28 33 9
25 29 33
26 27 33
30 31 32
183
{[23, 22, 18, 11, 10]}
{[5, 4, 2, 1, 0]}
34
8 19 4
11 12 22
9 4 7
8 5 7
0 2 5
3 4 12
14 11 7
2 3 6
0 9 3
8 2 27
19 15 16
1 17 6
1 5 13
14 12 24
18 6 13
10 18 23
17 10 21
20 16 11
14 15 20
0 20 10
19 17 18
22 25 16
21 26 1
24 25 15
23 31 13
21 23 30
22 28 32
29 32 9
26 29 30
27 28 31
25 28 33
24 29 33
26 27 33
30 31 32
184
{[23, 22, 18, 11, 10]}
{[8, 7, 4, 2, 0]}
34
8 19 4
11 12 23
9 4 7
8 5 7
0 2 5
3 4 12
14 11 7
2 3 6
0 9 3
8 2 22
19 15 16
1 17 6
1 5 13
14 12 21
18 6 13
10 18 31
17 10 25
20 16 11
14 15 20
0 20 10
19 17 18
23 24 13
24 25 9
21 27 1
21 22 26
22 30 16
24 28 32
23 29 32
26 29 30
27 28 31
25 28 33
29 33 15
26 27 33
30 31 32
185
{[23, 22, 18, 11, 10]}
{[16, 13, 12, 11, 10]}
34
8 19 4
11 12 32
9 4 7
8 5 7
0 2 5
3 4 12
14 11 7
2 3 6
0 9 3
8 2 31
19 15 16
1 17 6
1 5 13
14 12 27
18 6 13
10 18 26
17 10 33
20 16 11
14 15 20
0 20 10
19 17 18
23 24 25
23 26 27
21 22 28
21 27 30
21 26 29
22 25 15
22 24 13
23 29 30
25 28 32
24 28 31
30 33 9
29 33 1
31 32 16
186
{[23, 22, 18, 11, 10]}
{[17, 16, 14, 12, 10]}
34
8 19 4
11 12 31
9 4 7
8 5 7
0 2 5
3 4 12
14 11 7
2 3 6
0 9 3
8 2 33
19 15 16
1 17 6
1 5 13
14 12 30
18 6 13
10 18 27
17 10 32
20 16 11
14 15 20
0 20 10
19 17 18
23 24 25
23 26 27
21 22 28
21 27 30
21 26 29
22 25 31
22 24 15
23 29 30
25 28 33
24 28 13
26 32 1
31 33 16
29 32 9
187
{[23, 22, 18, 11, 10]}
{[16, 13, 12, 11, 10]}
34
8 19 4
11 12 32
9 4 7
8 5 7
0 2 5
3 4 12
14 11 7
2 3 6
0 9 3
8 2 26
19 15 16
1 17 6
1 5 13
14 12 33
18 6 13
10 18 31
17 10 27
20 16 11
14 15 20
0 20 10
19 17 18
23 24 25
23 26 27
21 22 28
21 27 30
21 26 29
22 25 9
22 24 16
23 29 30
25 28 32
24 28 31
30 33 15
29 33 1
31 32 13
188
{[23, 22, 18, 11, 10]}
{[17, 16, 14, 12, 10]}
34
8 19 4
11 12 31
9 4 7
8 5 7
0 2 5
3 4 12
14 11 7
2 3 6
0 9 3
8 2 27
19 15 16
1 17 6
1 5 13
14 12 32
18 6 13
10 18 33
17 10 30
20 16 11
14 15 20
0 20 10
19 17 18
23 24 25
23 26 27
21 22 28
21 27 30
21 26 29
22 25 31
22 24 9
23 29 30
25 28 33
24 28 16
26 32 1
31 33 13
29 32 15
189
{[23, 22, 18, 11, 10]}
{[17, 16, 15, 13, 11]}
34
8 19 4
11 12 33
9 4 7
8 5 7
0 2 5
3 4 12
14 11 7
2 3 6
0 9 3
8 2 29
19 15 16
1 17 6
1 5 13
14 12 32
18 6 13
10 18 31
17 10 26
20 16 11
14 15 20
0 20 10
19 17 18
23 24 25
23 26 27
21 22 28
21 27 30
21 26 29
22 25 16
22 24 31
23 29 30
25 28 9
24 28 33
27 32 15
31 33 13
30 32 1
190
{[23, 22, 18, 11, 10]}
{[17, 16, 15, 13, 11]}
34
8 19 4
11 12 33
9 4 7
8 5 7
0 2 5
3 4 12
14 11 7
2 3 6
0 9 3
8 2 31
19 15 16
1 17 6
1 5 13
14 12 26
18 6 13
10 18 29
17 10 32
20 16 11
14 15 20
0 20 10
19 17 18
23 24 25
23 26 27
21 22 28
21 27 30
21 26 29
22 25 13
22 24 31
23 29 30
25 28 15
24 28 33
27 32 9
31 33 16
30 32 1
191
{[23, 22, 18, 11, 10]}
{[17, 15, 14, 13, 12]}
34
8 19 4
11 12 31
9 4 7
8 5 7
0 2 5
3 4 12
14 11 7
2 3 6
0 9 3
8 2 30
19 15 16
1 17 6
1 5 13
14 12 33
18 6 13
10 18 32
17 10 29
20 16 11
14 15 20
0 20 10
19 17 18
23 24 25
23 26 27
21 22 28
21 27 30
21 26 29
22 25 32
22 24 31
23 29 30
25 28 16
24 28 9
27 33 1
26 33 15
31 32 13
192
{[23, 22, 18, 11, 10]}
{[17, 15, 14, 13, 12]}
34
8 19 4
11 12 31
9 4 7
8 5 7
0 2 5
3 4 12
14 11 7
2 3 6
0 9 3
8 2 32
19 15 16
1 17 6
1 5 13
14 12 29
18 6 13
10 18 30
17 10 33
20 16 11
14 15 20
0 20 10
19 17 18
23 24 25
23 26 27
21 22 28
21 27 30
21 26 29
22 25 32
22 24 31
23 29 30
25 28 13
24 28 15
27 33 1
26 33 9
31 32 16
193
{[25, 24, 21, 17, 12]}
{[5, 4, 2, 1, 0]}
34
8 4 23
19 12 13
9 4 7
8 5 7
0 2 5
3 4 13
15 12 7
2 3 6
0 9 3
8 2 11
11 20 21
9 10 16
1 18 6
1 5 14
15 13 20
6 14 22
17 11 19
18 16 27
17 12 24
1 16 20
10 19 14
22 25 10
21 26 15
24 25 0
23 31 18
21 23 30
22 28 32
29 32 17
26 29 30
27 28 31
25 28 33
24 29 33
26 27 33
30 31 32
194
{[25, 24, 21, 17, 12]}
{[6, 3, 2, 1, 0]}
34
8 4 26
19 12 13
9 4 7
8 5 7
0 2 5
3 4 13
15 12 7
2 3 6
0 9 3
8 2 11
11 20 22
9 10 16
1 18 6
1 5 14
15 13 20
6 14 25
17 11 19
18 16 21
17 12 23
1 16 20
10 19 14
22 24 17
21 27 10
24 25 18
21 23 31
23 30 15
28 32 0
22 29 32
26 29 30
27 28 31
25 28 33
24 29 33
26 27 33
30 31 32
195
{[25, 24, 21, 17, 12]}
{[8, 7, 4, 2, 0]}
34
8 4 31
19 12 13
9 4 7
8 5 7
0 2 5
3 4 13
15 12 7
2 3 6
0 9 3
8 2 11
11 20 25
9 10 16
1 18 6
1 5 14
15 13 20
6 14 23
17 11 19
18 16 22
17 12 21
1 16 20
10 19 14
23 24 18
24 25 17
21 27 15
21 22 26
22 30 10
24 28 32
23 29 32
26 29 30
27 28 31
25 28 33
29 33 0
26 27 33
30 31 32
196
{[25, 24, 21, 17, 12]}
{[9, 7, 3, 2, 0]}
34
8 4 21
19 12 13
9 4 7
8 5 7
0 2 5
3 4 13
15 12 7
2 3 6
0 9 3
8 2 11
11 20 22
9 10 16
1 18 6
1 5 14
15 13 20
6 14 25
17 11 19
18 16 30
17 12 24
1 16 20
10 19 14
23 24 0
23 25 10
21 22 27
21 26 18
22 31 15
24 28 32
23 29 32
26 29 30
27 28 31
28 33 17
25 29 33
26 27 33
30 31 32
197
{[25, 24, 21, 17, 12]}
{[6, 3, 2, 1, 0]}
34
8 4 21
19 12 13
9 4 7
8 5 7
0 2 5
3 4 13
15 12 7
2 3 6
0 9 3
8 2 11
11 20 23
9 10 16
1 18 6
1 5 14
15 13 20
6 14 25
17 11 19
18 16 26
17 12 22
1 16 20
10 19 14
22 24 0
21 27 18
24 25 10
21 23 31
23 30 15
28 32 17
22 29 32
26 29 30
27 28 31
25 28 33
24 29 33
26 27 33
30 31 32
198
{[25, 24, 21, 17, 12]}
{[9, 7, 3, 2, 0]}
34
8 4 30
19 12 13
9 4 7
8 5 7
0 2 5
3 4 13
15 12 7
2 3 6
0 9 3
8 2 11
11 20 24
9 10 16
1 18 6
1 5 14
15 13 20
6 14 25
17 11 19
18 16 21
17 12 22
1 16 20
10 19 14
23 24 17
23 25 18
21 22 27
21 26 10
22 31 15
24 28 32
23 29 32
26 29 30
27 28 31
28 33 0
25 29 33
26 27 33
30 31 32
199
{[25, 24, 21, 17, 12]}
{[5, 4, 2, 1, 0]}
34
8 4 27
19 12 13
9 4 7
8 5 7
0 2 5
3 4 13
15 12 7
2 3 6
0 9 3
8 2 11
11 20 24
9 10 16
1 18 6
1 5 14
15 13 20
6 14 22
17 11 19
18 16 23
17 12 21
1 16 20
10 19 14
22 25 18
21 26 15
24 25 17
23 31 10
21 23 30
22 28 32
29 32 0
26 29 30
27 28 31
25 28 33
24 29 33
26 27 33
30 31 32
200
{[25, 24, 21, 17, 12]}
{[8, 7, 4, 2, 0]}
34
8 4 22
19 12 13
9 4 7
8 5 7
0 2 5
3 4 13
15 12 7
2 3 6
0 9 3
8 2 11
11 20 21
9 10 16
1 18 6
1 5 14
15 13 20
6 14 23
17 11 19
18 16 31
17 12 25
1 16 20
10 19 14
23 24 10
24 25 0
21 27 15
21 22 26
22 30 18
24 28 32
23 29 32
26 29 30
27 28 31
25 28 33
29 33 17
26 27 33
30 31 32
201
{[25, 24, 21, 17, 12]}
{[16, 13, 12, 11, 10]}
34
8 4 31
19 12 13
9 4 7
8 5 7
0 2 5
3 4 13
15 12 7
2 3 6
0 9 3
8 2 11
11 20 27
9 10 16
1 18 6
1 5 14
15 13 20
6 14 32
17 11 19
18 16 26
17 12 33
1 16 20
10 19 14
23 24 25
23 26 27
21 22 28
21 27 30
21 26 29
22 25 17
22 24 10
23 29 30
25 28 32
24 28 31
30 33 0
29 33 15
31 32 18
202
{[25, 24, 21, 17, 12]}
{[17, 16, 14, 12, 10]}
34
8 4 33
19 12 13
9 4 7
8 5 7
0 2 5
3 4 13
15 12 7
2 3 6
0 9 3
8 2 11
11 20 30
9 10 16
1 18 6
1 5 14
15 13 20
6 14 31
17 11 19
18 16 27
17 12 32
1 16 20
10 19 14
23 24 25
23 26 27
21 22 28
21 27 30
21 26 29
22 25 31
22 24 17
23 29 30
25 28 33
24 28 10
26 32 15
31 33 18
29 32 0
203
{[25, 24, 21, 17, 12]}
{[16, 13, 12, 11, 10]}
34
8 4 26
19 12 13
9 4 7
8 5 7
0 2 5
3 4 13
15 12 7
2 3 6
0 9 3
8 2 11
11 20 33
9 10 16
1 18 6
1 5 14
15 13 20
6 14 32
17 11 19
18 16 31
17 12 27
1 16 20
10 19 14
23 24 25
23 26 27
21 22 28
21 27 30
21 26 29
22 25 0
22 24 18
23 29 30
25 28 32
24 28 31
30 33 17
29 33 15
31 32 10
204
{[25, 24, 21, 17, 12]}
{[17, 16, 14, 12, 10]}
34
8 4 27
19 12 13
9 4 7
8 5 7
0 2 5
3 4 13
15 12 7
2 3 6
0 9 3
8 2 11
11 20 32
9 10 16
1 18 6
1 5 14
15 13 20
6 14 31
17 11 19
18 16 33
17 12 30
1 16 20
10 19 14
23 24 25
23 26 27
21 22 28
21 27 30
21 26 29
22 25 31
22 24 0
23 29 30
25 28 33
24 28 18
26 32 15
31 33 10
29 32 17
205
{[25, 24, 21, 17, 12]}
{[17, 16, 15, 13, 11]}
34
8 4 29
19 12 13
9 4 7
8 5 7
0 2 5
3 4 13
15 12 7
2 3 6
0 9 3
8 2 11
11 20 32
9 10 16
1 18 6
1 5 14
15 13 20
6 14 33
17 11 19
18 16 31
17 12 26
1 16 20
10 19 14
23 24 25
23 26 27
21 22 28
21 27 30
21 26 29
22 25 18
22 24 31
23 29 30
25 28 0
24 28 33
27 32 17
31 33 10
30 32 15
206
{[25, 24, 21, 17, 12]}
{[17, 16, 15, 13, 11]}
34
8 4 31
19 12 13
9 4 7
8 5 7
0 2 5
3 4 13
15 12 7
2 3 6
0 9 3
8 2 11
11 20 26
9 10 16
1 18 6
1 5 14
15 13 20
6 14 33
17 11 19
18 16 29
17 12 32
1 16 20
10 19 14
23 24 25
23 26 27
21 22 28
21 27 30
21 26 29
22 25 10
22 24 31
23 29 30
25 28 17
24 28 33
27 32 0
31 33 18
30 32 15
207
{[25, 24, 21, 17, 12]}
{[17, 15, 14, 13, 12]}
34
8 4 30
19 12 13
9 4 7
8 5 7
0 2 5
3 4 13
15 12 7
2 3 6
0 9 3
8 2 11
11 20 33
9 10 16
1 18 6
1 5 14
15 13 20
6 14 31
17 11 19
18 16 32
17 12 29
1 16 20
10 19 14
23 24 25
23 26 27
21 22 28
21 27 30
21 26 29
22 25 32
22 24 31
23 29 30
25 28 18
24 28 0
27 33 15
26 33 17
31 32 10
208
{[25, 24, 21, 17, 12]}
{[17, 15, 14, 13, 12]}
34
8 4 32
19 12 13
9 4 7
8 5 7
0 2 5
3 4 13
15 12 7
2 3 6
0 9 3
8 2 11
11 20 29
9 10 16
1 18 6
1 5 14
15 13 20
6 14 31
17 11 19
18 16 30
17 12 33
1 16 20
10 19 14
23 24 25
23 26 27
21 22 28
21 27 30
21 26 29
22 25 32
22 24 31
23 29 30
25 28 10
24 28 17
27 33 15
26 33 0
31 32 18
209
{[25, 24, 20, 19, 12]}
{[5, 4, 2, 1, 0]}
34
8 4 21
19 12 13
9 4 7
8 5 7
0 2 5
3 4 13
15 12 7
2 3 6
0 9 3
8 2 11
16 11 20
9 10 17
1 6 23
1 5 14
15 13 20
18 6 14
10 18 22
11 19 24
15 16 27
1 17 20
10 19 14
22 25 0
21 26 16
24 25 12
23 31 17
21 23 30
22 28 32
29 32 18
26 29 30
27 28 31
25 28 33
24 29 33
26 27 33
30 31 32
210
{[25, 24, 20, 19, 12]}
{[6, 3, 2, 1, 0]}
34
8 4 22
19 12 13
9 4 7
8 5 7
0 2 5
3 4 13
15 12 7
2 3 6
0 9 3
8 2 11
16 11 20
9 10 17
1 6 26
1 5 14
15 13 20
18 6 14
10 18 25
11 19 23
15 16 21
1 17 20
10 19 14
22 24 18
21 27 0
24 25 17
21 23 31
23 30 16
28 32 12
22 29 32
26 29 30
27 28 31
25 28 33
24 29 33
26 27 33
30 31 32
211
{[25, 24, 20, 19, 12]}
{[8, 7, 4, 2, 0]}
34
8 4 25
19 12 13
9 4 7
8 5 7
0 2 5
3 4 13
15 12 7
2 3 6
0 9 3
8 2 11
16 11 20
9 10 17
1 6 31
1 5 14
15 13 20
18 6 14
10 18 23
11 19 21
15 16 22
1 17 20
10 19 14
23 24 17
24 25 18
21 27 16
21 22 26
22 30 0
24 28 32
23 29 32
26 29 30
27 28 31
25 28 33
29 33 12
26 27 33
30 31 32
212
{[25, 24, 20, 19, 12]}
{[9, 7, 3, 2, 0]}
34
8 4 22
19 12 13
9 4 7
8 5 7
0 2 5
3 4 13
15 12 7
2 3 6
0 9 3
8 2 11
16 11 20
9 10 17
1 6 21
1 5 14
15 13 20
18 6 14
10 18 25
11 19 24
15 16 30
1 17 20
10 19 14
23 24 12
23 25 0
21 22 27
21 26 17
22 31 16
24 28 32
23 29 32
26 29 30
27 28 31
28 33 18
25 29 33
26 27 33
30 31 32
213
{[25, 24, 20, 19, 12]}
{[6, 3, 2, 1, 0]}
34
8 4 23
19 12 13
9 4 7
8 5 7
0 2 5
3 4 13
15 12 7
2 3 6
0 9 3
8 2 11
16 11 20
9 10 17
1 6 21
1 5 14
15 13 20
18 6 14
10 18 25
11 19 22
15 16 26
1 17 20
10 19 14
22 24 12
21 27 17
24 25 0
21 23 31
23 30 16
28 32 18
22 29 32
26 29 30
27 28 31
25 28 33
24 29 33
26 27 33
30 31 32
214
{[25, 24, 20, 19, 12]}
{[9, 7, 3, 2, 0]}
34
8 4 24
19 12 13
9 4 7
8 5 7
0 2 5
3 4 13
15 12 7
2 3 6
0 9 3
8 2 11
16 11 20
9 10 17
1 6 30
1 5 14
15 13 20
18 6 14
10 18 25
11 19 22
15 16 21
1 17 20
10 19 14
23 24 18
23 25 17
21 22 27
21 26 0
22 31 16
24 28 32
23 29 32
26 29 30
27 28 31
28 33 12
25 29 33
26 27 33
30 31 32
215
{[25, 24, 20, 19, 12]}
{[5, 4, 2, 1, 0]}
34
8 4 24
19 12 13
9 4 7
8 5 7
0 2 5
3 4 13
15 12 7
2 3 6
0 9 3
8 2 11
16 11 20
9 10 17
1 6 27
1 5 14
15 13 20
18 6 14
10 18 22
11 19 21
15 16 23
1 17 20
10 19 14
22 25 17
21 26 16
24 25 18
23 31 0
21 23 30
22 28 32
29 32 12
26 29 30
27 28 31
25 28 33
24 29 33
26 27 33
30 31 32
216
{[25, 24, 20, 19, 12]}
{[8, 7, 4, 2, 0]}
34
8 4 21
19 12 13
9 4 7
8 5 7
0 2 5
3 4 13
15 12 7
2 3 6
0 9 3
8 2 11
16 11 20
9 10 17
1 6 22
1 5 14
15 13 20
18 6 14
10 18 23
11 19 25
15 16 31
1 17 20
10 19 14
23 24 0
24 25 12
21 27 16
21 22 26
22 30 17
24 28 32
23 29 32
26 29 30
27 28 31
25 28 33
29 33 18
26 27 33
30 31 32
217
{[25, 24, 20, 19, 12]}
{[16, 13, 12, 11, 10]}
34
8 4 27
19 12 13
9 4 7
8 5 7
0 2 5
3 4 13
15 12 7
2 3 6
0 9 3
8 2 11
16 11 20
9 10 17
1 6 31
1 5 14
15 13 20
18 6 14
10 18 32
11 19 33
15 16 26
1 17 20
10 19 14
23 24 25
23 26 27
21 22 28
21 27 30
21 26 29
22 25 18
22 24 0
23 29 30
25 28 32
24 28 31
30 33 12
29 33 16
31 32 17
218
{[25, 24, 20, 19, 12]}
{[17, 16, 14, 12, 10]}
34
8 4 30
19 12 13
9 4 7
8 5 7
0 2 5
3 4 13
15 12 7
2 3 6
0 9 3
8 2 11
16 11 20
9 10 17
1 6 33
1 5 14
15 13 20
18 6 14
10 18 31
11 19 32
15 16 27
1 17 20
10 19 14
23 24 25
23 26 27
21 22 28
21 27 30
21 26 29
22 25 31
22 24 18
23 29 30
25 28 33
24 28 0
26 32 16
31 33 17
29 32 12
219
{[25, 24, 20, 19, 12]}
{[16, 13, 12, 11, 10]}
34
8 4 33
19 12 13
9 4 7
8 5 7
0 2 5
3 4 13
15 12 7
2 3 6
0 9 3
8 2 11
16 11 20
9 10 17
1 6 26
1 5 14
15 13 20
18 6 14
10 18 32
11 19 27
15 16 31
1 17 20
10 19 14
23 24 25
23 26 27
21 22 28
21 27 30
21 26 29
22 25 12
22 24 17
23 29 30
25 28 32
24 28 31
30 33 18
29 33 16
31 32 0
220
{[25, 24, 20, 19, 12]}
{[17, 16, 14, 12, 10]}
34
8 4 32
19 12 13
9 4 7
8 5 7
0 2 5
3 4 13
15 12 7
2 3 6
0 9 3
8 2 11
16 11 20
9 10 17
1 6 27
1 5 14
15 13 20
18 6 14
10 18 31
11 19 30
15 16 33
1 17 20
10 19 14
23 24 25
23 26 27
21 22 28
21 27 30
21 26 29
22 25 31
22 24 12
23 29 30
25 28 33
24 28 17
26 32 16
31 33 0
29 32 18
221
{[25, 24, 20, 19, 12]}
{[17, 16, 15, 13, 11]}
34
8 4 32
19 12 13
9 4 7
8 5 7
0 2 5
3 4 13
15 12 7
2 3 6
0 9 3
8 2 11
16 11 20
9 10 17
1 6 29
1 5 14
15 13 20
18 6 14
10 18 33
11 19 26
15 16 31
1 17 20
10 19 14
23 24 25
23 26 27
21 22 28
21 27 30
21 26 29
22 25 17
22 24 31
23 29 30
25 28 12
24 28 33
27 32 18
31 33 0
30 32 16
222
{[25, 24, 20, 19, 12]}
{[17, 16, 15, 13, 11]}
34
8 4 26
19 12 13
9 4 7
8 5 7
0 2 5
3 4 13
15 12 7
2 3 6
0 9 3
8 2 11
16 11 20
9 10 17
1 6 31
1 5 14
15 13 20
18 6 14
10 18 33
11 19 32
15 16 29
1 17 20
10 19 14
23 24 25
23 26 27
21 22 28
21 27 30
21 26 29
22 25 0
22 24 31
23 29 30
25 28 18
24 28 33
27 32 12
31 33 17
30 32 16
223
{[25, 24, 20, 19, 12]}
{[17, 15, 14, 13, 12]}
34
8 4 33
19 12 13
9 4 7
8 5 7
0 2 5
3 4 13
15 12 7
2 3 6
0 9 3
8 2 11
16 11 20
9 10 17
1 6 30
1 5 14
15 13 20
18 6 14
10 18 31
11 19 29
15 16 32
1 17 20
10 19 14
23 24 25
23 26 27
21 22 28
21 27 30
21 26 29
22 25 32
22 24 31
23 29 30
25 28 17
24 28 12
27 33 16
26 33 18
31 32 0
224
{[25, 24, 20, 19, 12]}
{[17, 15, 14, 13, 12]}
34
8 4 29
19 12 13
9 4 7
8 5 7
0 2 5
3 4 13
15 12 7
2 3 6
0 9 3
8 2 11
16 11 20
9 10 17
1 6 32
1 5 14
15 13 20
18 6 14
10 18 31
11 19 33
15 16 30
1 17 20
10 19 14
23 24 25
23 26 27
21 22 28
21 27 30
21 26 29
22 25 32
22 24 31
23 29 30
25 28 0
24 28 18
27 33 16
26 33 12
31 32 17
225
{[25, 24, 20, 19, 12]}
{[5, 4, 2, 1, 0]}
34
8 4 24
19 12 13
9 4 7
8 5 7
0 2 5
3 4 13
15 12 7
2 3 6
0 9 3
8 2 11
16 11 20
9 10 17
1 6 27
1 5 14
15 13 20
18 6 14
10 18 22
11 19 21
15 16 23
1 17 20
10 19 14
22 25 17
21 26 16
24 25 18
23 31 0
21 23 30
22 28 32
29 32 12
26 29 30
27 28 31
25 28 33
24 29 33
26 27 33
30 31 32
226
{[25, 24, 20, 19, 12]}
{[6, 3, 2, 1, 0]}
34
8 4 23
19 12 13
9 4 7
8 5 7
0 2 5
3 4 13
15 12 7
2 3 6
0 9 3
8 2 11
16 11 20
9 10 17
1 6 21
1 5 14
15 13 20
18 6 14
10 18 25
11 19 22
15 16 26
1 17 20
10 19 14
22 24 12
21 27 17
24 25 0
21 23 31
23 30 16
28 32 18
22 29 32
26 29 30
27 28 31
25 28 33
24 29 33
26 27 33
30 31 32
227
{[25, 24, 20, 19, 12]}
{[8, 7, 4, 2, 0]}
34
8 4 21
19 12 13
9 4 7
8 5 7
0 2 5
3 4 13
15 12 7
2 3 6
0 9 3
8 2 11
16 11 20
9 10 17
1 6 22
1 5 14
15 13 20
18 6 14
10 18 23
11 19 25
15 16 31
1 17 20
10 19 14
23 24 0
24 25 12
21 27 16
21 22 26
22 30 17
24 28 32
23 29 32
26 29 30
27 28 31
25 28 33
29 33 18
26 27 33
30 31 32
228
{[25, 24, 20, 19, 12]}
{[9, 7, 3, 2, 0]}
34
8 4 24
19 12 13
9 4 7
8 5 7
0 2 5
3 4 13
15 12 7
2 3 6
0 9 3
8 2 11
16 11 20
9 10 17
1 6 30
1 5 14
15 13 20
18 6 14
10 18 25
11 19 22
15 16 21
1 17 20
10 19 14
23 24 18
23 25 17
21 22 27
21 26 0
22 31 16
24 28 32
23 29 32
26 29 30
27 28 31
28 33 12
25 29 33
26 27 33
30 31 32
229
{[25, 24, 20, 19, 12]}
{[6, 3, 2, 1, 0]}
34
8 4 22
19 12 13
9 4 7
8 5 7
0 2 5
3 4 13
15 12 7
2 3 6
0 9 3
8 2 11
16 11 20
9 10 17
1 6 26
1 5 14
15 13 20
18 6 14
10 18 25
11 19 23
15 16 21
1 17 20
10 19 14
22 24 18
21 27 0
24 25 17
21 23 31
23 30 16
28 32 12
22 29 32
26 29 30
27 28 31
25 28 33
24 29 33
26 27 33
30 31 32
230
{[25, 24, 20, 19, 12]}
{[9, 7, 3, 2, 0]}
34
8 4 22
19 12 13
9 4 7
8 5 7
0 2 5
3 4 13
15 12 7
2 3 6
0 9 3
8 2 11
16 11 20
9 10 17
1 6 21
1 5 14
15 13 20
18 6 14
10 18 25
11 19 24
15 16 30
1 17 20
10 19 14
23 24 12
23 25 0
21 22 27
21 26 17
22 31 16
24 28 32
23 29 32
26 29 30
27 28 31
28 33 18
25 29 33
26 27 33
30 31 32
231
{[25, 24, 20, 19, 12]}
{[5, 4, 2, 1, 0]}
34
8 4 21
19 12 13
9 4 7
8 5 7
0 2 5
3 4 13
15 12 7
2 3 6
0 9 3
8 2 11
16 11 20
9 10 17
1 6 23
1 5 14
15 13 20
18 6 14
10 18 22
11 19 24
15 16 27
1 17 20
10 19 14
22 25 0
21 26 16
24 25 12
23 31 17
21 23 30
22 28 32
29 32 18
26 29 30
27 28 31
25 28 33
24 29 33
26 27 33
30 31 32
232
{[25, 24, 20, 19, 12]}
{[8, 7, 4, 2, 0]}
34
8 4 25
19 12 13
9 4 7
8 5 7
0 2 5
3 4 13
15 12 7
2 3 6
0 9 3
8 2 11
16 11 20
9 10 17
1 6 31
1 5 14
15 13 20
18 6 14
10 18 23
11 19 21
15 16 22
1 17 20
10 19 14
23 24 17
24 25 18
21 27 16
21 22 26
22 30 0
24 28 32
23 29 32
26 29 30
27 28 31
25 28 33
29 33 12
26 27 33
30 31 32
233
{[25, 24, 20, 19, 12]}
{[16, 13, 12, 11, 10]}
34
8 4 33
19 12 13
9 4 7
8 5 7
0 2 5
3 4 13
15 12 7
2 3 6
0 9 3
8 2 11
16 11 20
9 10 17
1 6 26
1 5 14
15 13 20
18 6 14
10 18 32
11 19 27
15 16 31
1 17 20
10 19 14
23 24 25
23 26 27
21 22 28
21 27 30
21 26 29
22 25 12
22 24 17
23 29 30
25 28 32
24 28 31
30 33 18
29 33 16
31 32 0
234
{[25, 24, 20, 19, 12]}
{[17, 16, 14, 12, 10]}
34
8 4 32
19 12 13
9 4 7
8 5 7
0 2 5
3 4 13
15 12 7
2 3 6
0 9 3
8 2 11
16 11 20
9 10 17
1 6 27
1 5 14
15 13 20
18 6 14
10 18 31
11 19 30
15 16 33
1 17 20
10 19 14
23 24 25
23 26 27
21 22 28
21 27 30
21 26 29
22 25 31
22 24 12
23 29 30
25 28 33
24 28 17
26 32 16
31 33 0
29 32 18
235
{[25, 24, 20, 19, 12]}
{[16, 13, 12, 11, 10]}
34
8 4 27
19 12 13
9 4 7
8 5 7
0 2 5
3 4 13
15 12 7
2 3 6
0 9 3
8 2 11
16 11 20
9 10 17
1 6 31
1 5 14
15 13 20
18 6 14
10 18 32
11 19 33
15 16 26
1 17 20
10 19 14
23 24 25
23 26 27
21 22 28
21 27 30
21 26 29
22 25 18
22 24 0
23 29 30
25 28 32
24 28 31
30 33 12
29 33 16
31 32 17
236
{[25, 24, 20, 19, 12]}
{[17, 16, 14, 12, 10]}
34
8 4 30
19 12 13
9 4 7
8 5 7
0 2 5
3 4 13
15 12 7
2 3 6
0 9 3
8 2 11
16 11 20
9 10 17
1 6 33
1 5 14
15 13 20
18 6 14
10 18 31
11 19 32
15 16 27
1 17 20
10 19 14
23 24 25
23 26 27
21 22 28
21 27 30
21 26 29
22 25 31
22 24 18
23 29 30
25 28 33
24 28 0
26 32 16
31 33 17
29 32 12
237
{[25, 24, 20, 19, 12]}
{[17, 16, 15, 13, 11]}
34
8 4 26
19 12 13
9 4 7
8 5 7
0 2 5
3 4 13
15 12 7
2 3 6
0 9 3
8 2 11
16 11 20
9 10 17
1 6 31
1 5 14
15 13 20
18 6 14
10 18 33
11 19 32
15 16 29
1 17 20
10 19 14
23 24 25
23 26 27
21 22 28
21 27 30
21 26 29
22 25 0
22 24 31
23 29 30
25 28 18
24 28 33
27 32 12
31 33 17
30 32 16
238
{[25, 24, 20, 19, 12]}
{[17, 16, 15, 13, 11]}
34
8 4 32
19 12 13
9 4 7
8 5 7
0 2 5
3 4 13
15 12 7
2 3 6
0 9 3
8 2 11
16 11 20
9 10 17
1 6 29
1 5 14
15 13 20
18 6 14
10 18 33
11 19 26
15 16 31
1 17 20
10 19 14
23 24 25
23 26 27
21 22 28
21 27 30
21 26 29
22 25 17
22 24 31
23 29 30
25 28 12
24 28 33
27 32 18
31 33 0
30 32 16
239
{[25, 24, 20, 19, 12]}
{[17, 15, 14, 13, 12]}
34
8 4 29
19 12 13
9 4 7
8 5 7
0 2 5
3 4 13
15 12 7
2 3 6
0 9 3
8 2 11
16 11 20
9 10 17
1 6 32
1 5 14
15 13 20
18 6 14
10 18 31
11 19 33
15 16 30
1 17 20
10 19 14
23 24 25
23 26 27
21 22 28
21 27 30
21 26 29
22 25 32
22 24 31
23 29 30
25 28 0
24 28 18
27 33 16
26 33 12
31 32 17
240
{[25, 24, 20, 19, 12]}
{[17, 15, 14, 13, 12]}
34
8 4 33
19 12 13
9 4 7
8 5 7
0 2 5
3 4 13
15 12 7
2 3 6
0 9 3
8 2 11
16 11 20
9 10 17
1 6 30
1 5 14
15 13 20
18 6 14
10 18 31
11 19 29
15 16 32
1 17 20
10 19 14
23 24 25
23 26 27
21 22 28
21 27 30
21 26 29
22 25 32
22 24 31
23 29 30
25 28 17
24 28 12
27 33 16
26 33 18
31 32 0
241
{[25, 24, 21, 17, 12]}
{[5, 4, 2, 1, 0]}
34
8 4 27
19 12 13
9 4 7
8 5 7
0 2 5
3 4 13
15 12 7
2 3 6
0 9 3
8 2 11
11 20 24
9 10 16
1 18 6
1 5 14
15 13 20
6 14 22
17 11 19
18 16 23
17 12 21
1 16 20
10 19 14
22 25 18
21 26 15
24 25 17
23 31 10
21 23 30
22 28 32
29 32 0
26 29 30
27 28 31
25 28 33
24 29 33
26 27 33
30 31 32
242
{[25, 24, 21, 17, 12]}
{[6, 3, 2, 1, 0]}
34
8 4 21
19 12 13
9 4 7
8 5 7
0 2 5
3 4 13
15 12 7
2 3 6
0 9 3
8 2 11
11 20 23
9 10 16
1 18 6
1 5 14
15 13 20
6 14 25
17 11 19
18 16 26
17 12 22
1 16 20
10 19 14
22 24 0
21 27 18
24 25 10
21 23 31
23 30 15
28 32 17
22 29 32
26 29 30
27 28 31
25 28 33
24 29 33
26 27 33
30 31 32
243
{[25, 24, 21, 17, 12]}
{[8, 7, 4, 2, 0]}
34
8 4 22
19 12 13
9 4 7
8 5 7
0 2 5
3 4 13
15 12 7
2 3 6
0 9 3
8 2 11
11 20 21
9 10 16
1 18 6
1 5 14
15 13 20
6 14 23
17 11 19
18 16 31
17 12 25
1 16 20
10 19 14
23 24 10
24 25 0
21 27 15
21 22 26
22 30 18
24 28 32
23 29 32
26 29 30
27 28 31
25 28 33
29 33 17
26 27 33
30 31 32
244
{[25, 24, 21, 17, 12]}
{[9, 7, 3, 2, 0]}
34
8 4 30
19 12 13
9 4 7
8 5 7
0 2 5
3 4 13
15 12 7
2 3 6
0 9 3
8 2 11
11 20 24
9 10 16
1 18 6
1 5 14
15 13 20
6 14 25
17 11 19
18 16 21
17 12 22
1 16 20
10 19 14
23 24 17
23 25 18
21 22 27
21 26 10
22 31 15
24 28 32
23 29 32
26 29 30
27 28 31
28 33 0
25 29 33
26 27 33
30 31 32
245
{[25, 24, 21, 17, 12]}
{[6, 3, 2, 1, 0]}
34
8 4 26
19 12 13
9 4 7
8 5 7
0 2 5
3 4 13
15 12 7
2 3 6
0 9 3
8 2 11
11 20 22
9 10 16
1 18 6
1 5 14
15 13 20
6 14 25
17 11 19
18 16 21
17 12 23
1 16 20
10 19 14
22 24 17
21 27 10
24 25 18
21 23 31
23 30 15
28 32 0
22 29 32
26 29 30
27 28 31
25 28 33
24 29 33
26 27 33
30 31 32
246
{[25, 24, 21, 17, 12]}
{[9, 7, 3, 2, 0]}
34
8 4 21
19 12 13
9 4 7
8 5 7
0 2 5
3 4 13
15 12 7
2 3 6
0 9 3
8 2 11
11 20 22
9 10 16
1 18 6
1 5 14
15 13 20
6 14 25
17 11 19
18 16 30
17 12 24
1 16 20
10 19 14
23 24 0
23 25 10
21 22 27
21 26 18
22 31 15
24 28 32
23 29 32
26 29 30
27 28 31
28 33 17
25 29 33
26 27 33
30 31 32
247
{[25, 24, 21, 17, 12]}
{[5, 4, 2, 1, 0]}
34
8 4 23
19 12 13
9 4 7
8 5 7
0 2 5
3 4 13
15 12 7
2 3 6
0 9 3
8 2 11
11 20 21
9 10 16
1 18 6
1 5 14
15 13 20
6 14 22
17 11 19
18 16 27
17 12 24
1 16 20
10 19 14
22 25 10
21 26 15
24 25 0
23 31 18
21 23 30
22 28 32
29 32 17
26 29 30
27 28 31
25 28 33
24 29 33
26 27 33
30 31 32
248
{[25, 24, 21, 17, 12]}
{[8, 7, 4, 2, 0]}
34
8 4 31
19 12 13
9 4 7
8 5 7
0 2 5
3 4 13
15 12 7
2 3 6
0 9 3
8 2 11
11 20 25
9 10 16
1 18 6
1 5 14
15 13 20
6 14 23
17 11 19
18 16 22
17 12 21
1 16 20
10 19 14
23 24 18
24 25 17
21 27 15
21 22 26
22 30 10
24 28 32
23 29 32
26 29 30
27 28 31
25 28 33
29 33 0
26 27 33
30 31 32
249
{[25, 24, 21, 17, 12]}
{[16, 13, 12, 11, 10]}
34
8 4 26
19 12 13
9 4 7
8 5 7
0 2 5
3 4 13
15 12 7
2 3 6
0 9 3
8 2 11
11 20 33
9 10 16
1 18 6
1 5 14
15 13 20
6 14 32
17 11 19
18 16 31
17 12 27
1 16 20
10 19 14
23 24 25
23 26 27
21 22 28
21 27 30
21 26 29
22 25 0
22 24 18
23 29 30
25 28 32
24 28 31
30 33 17
29 33 15
31 32 10
250
{[25, 24, 21, 17, 12]}
{[17, 16, 14, 12, 10]}
34
8 4 27
19 12 13
9 4 7
8 5 7
0 2 5
3 4 13
15 12 7
2 3 6
0 9 3
8 2 11
11 20 32
9 10 16
1 18 6
1 5 14
15 13 20
6 14 31
17 11 19
18 16 33
17 12 30
1 16 20
10 19 14
23 24 25
23 26 27
21 22 28
21 27 30
21 26 29
22 25 31
22 24 0
23 29 30
25 28 33
24 28 18
26 32 15
31 33 10
29 32 17
251
{[25, 24, 21, 17, 12]}
{[16, 13, 12, 11, 10]}
34
8 4 31
19 12 13
9 4 7
8 5 7
0 2 5
3 4 13
15 12 7
2 3 6
0 9 3
8 2 11
11 20 27
9 10 16
1 18 6
1 5 14
15 13 20
6 14 32
17 11 19
18 16 26
17 12 33
1 16 20
10 19 14
23 24 25
23 26 27
21 22 28
21 27 30
21 26 29
22 25 17
22 24 10
23 29 30
25 28 32
24 28 31
30 33 0
29 33 15
31 32 18
252
{[25, 24, 21, 17, 12]}
{[17, 16, 14, 12, 10]}
34
8 4 33
19 12 13
9 4 7
8 5 7
0 2 5
3 4 13
15 12 7
2 3 6
0 9 3
8 2 11
11 20 30
9 10 16
1 18 6
1 5 14
15 13 20
6 14 31
17 11 19
18 16 27
17 12 32
1 16 20
10 19 14
23 24 25
23 26 27
21 22 28
21 27 30
21 26 29
22 25 31
22 24 17
23 29 30
25 28 33
24 28 10
26 32 15
31 33 18
29 32 0
253
{[25, 24, 21, 17, 12]}
{[17, 16, 15, 13, 11]}
34
8 4 31
19 12 13
9 4 7
8 5 7
0 2 5
3 4 13
15 12 7
2 3 6
0 9 3
8 2 11
11 20 26
9 10 16
1 18 6
1 5 14
15 13 20
6 14 33
17 11 19
18 16 29
17 12 32
1 16 20
10 19 14
23 24 25
23 26 27
21 22 28
21 27 30
21 26 29
22 25 10
22 24 31
23 29 30
25 28 17
24 28 33
27 32 0
31 33 18
30 32 15
254
{[25, 24, 21, 17, 12]}
{[17, 16, 15, 13, 11]}
34
8 4 29
19 12 13
9 4 7
8 5 7
0 2 5
3 4 13
15 12 7
2 3 6
0 9 3
8 2 11
11 20 32
9 10 16
1 18 6
1 5 14
15 13 20
6 14 33
17 11 19
18 16 31
17 12 26
1 16 20
10 19 14
23 24 25
23 26 27
21 22 28
21 27 30
21 26 29
22 25 18
22 24 31
23 29 30
25 28 0
24 28 33
27 32 17
31 33 10
30 32 15
255
{[25, 24, 21, 17, 12]}
{[17, 15, 14, 13, 12]}
34
8 4 32
19 12 13
9 4 7
8 5 7
0 2 5
3 4 13
15 12 7
2 3 6
0 9 3
8 2 11
11 20 29
9 10 16
1 18 6
1 5 14
15 13 20
6 14 31
17 11 19
18 16 30
17 12 33
1 16 20
10 19 14
23 24 25
23 26 27
21 22 28
21 27 30
21 26 29
22 25 32
22 24 31
23 29 30
25 28 10
24 28 17
27 33 15
26 33 0
31 32 18
256
{[25, 24, 21, 17, 12]}
{[17, 15, 14, 13, 12]}
34
8 4 30
19 12 13
9 4 7
8 5 7
0 2 5
3 4 13
15 12 7
2 3 6
0 9 3
8 2 11
11 20 33
9 10 16
1 18 6
1 5 14
15 13 20
6 14 31
17 11 19
18 16 32
17 12 29
1 16 20
10 19 14
23 24 25
23 26 27
21 22 28
21 27 30
21 26 29
22 25 32
22 24 31
23 29 30
25 28 18
24 28 0
27 33 15
26 33 17
31 32 10
