288
1
{[21, 20, 5, 4, 0]}
{[5, 4, 2, 1, 0]}
34
19 3 23
13 8 24
5 4 27
0 17 4
2 11 3
6 2 22
5 14 18
20 15 9
1 15 12
7 10 21
19 9 18
16 12 4
14 8 11
14 1 16
13 6 12
16 7 8
13 15 11
20 3 18
6 10 17
0 10 20
19 7 17
22 25 9
21 26 5
24 25 0
23 31 1
21 23 30
22 28 32
29 32 2
26 29 30
27 28 31
25 28 33
24 29 33
26 27 33
30 31 32
2
{[21, 20, 5, 4, 0]}
{[6, 3, 2, 1, 0]}
34
19 3 26
13 8 23
5 4 21
0 17 4
2 11 3
6 2 25
5 14 18
20 15 9
1 15 12
7 10 22
19 9 18
16 12 4
14 8 11
14 1 16
13 6 12
16 7 8
13 15 11
20 3 18
6 10 17
0 10 20
19 7 17
22 24 2
21 27 9
24 25 1
21 23 31
23 30 5
28 32 0
22 29 32
26 29 30
27 28 31
25 28 33
24 29 33
26 27 33
30 31 32
3
{[21, 20, 5, 4, 0]}
{[8, 7, 4, 2, 0]}
34
19 3 31
13 8 21
5 4 22
0 17 4
2 11 3
6 2 23
5 14 18
20 15 9
1 15 12
7 10 25
19 9 18
16 12 4
14 8 11
14 1 16
13 6 12
16 7 8
13 15 11
20 3 18
6 10 17
0 10 20
19 7 17
23 24 1
24 25 2
21 27 5
21 22 26
22 30 9
24 28 32
23 29 32
26 29 30
27 28 31
25 28 33
29 33 0
26 27 33
30 31 32
4
{[21, 20, 5, 4, 0]}
{[9, 7, 3, 2, 0]}
34
19 3 21
13 8 24
5 4 30
0 17 4
2 11 3
6 2 25
5 14 18
20 15 9
1 15 12
7 10 22
19 9 18
16 12 4
14 8 11
14 1 16
13 6 12
16 7 8
13 15 11
20 3 18
6 10 17
0 10 20
19 7 17
23 24 0
23 25 9
21 22 27
21 26 1
22 31 5
24 28 32
23 29 32
26 29 30
27 28 31
28 33 2
25 29 33
26 27 33
30 31 32
5
{[21, 20, 5, 4, 0]}
{[6, 3, 2, 1, 0]}
34
19 3 21
13 8 22
5 4 26
0 17 4
2 11 3
6 2 25
5 14 18
20 15 9
1 15 12
7 10 23
19 9 18
16 12 4
14 8 11
14 1 16
13 6 12
16 7 8
13 15 11
20 3 18
6 10 17
0 10 20
19 7 17
22 24 0
21 27 1
24 25 9
21 23 31
23 30 5
28 32 2
22 29 32
26 29 30
27 28 31
25 28 33
24 29 33
26 27 33
30 31 32
6
{[21, 20, 5, 4, 0]}
{[9, 7, 3, 2, 0]}
34
19 3 30
13 8 22
5 4 21
0 17 4
2 11 3
6 2 25
5 14 18
20 15 9
1 15 12
7 10 24
19 9 18
16 12 4
14 8 11
14 1 16
13 6 12
16 7 8
13 15 11
20 3 18
6 10 17
0 10 20
19 7 17
23 24 2
23 25 1
21 22 27
21 26 9
22 31 5
24 28 32
23 29 32
26 29 30
27 28 31
28 33 0
25 29 33
26 27 33
30 31 32
7
{[21, 20, 5, 4, 0]}
{[5, 4, 2, 1, 0]}
34
19 3 27
13 8 21
5 4 23
0 17 4
2 11 3
6 2 22
5 14 18
20 15 9
1 15 12
7 10 24
19 9 18
16 12 4
14 8 11
14 1 16
13 6 12
16 7 8
13 15 11
20 3 18
6 10 17
0 10 20
19 7 17
22 25 1
21 26 5
24 25 2
23 31 9
21 23 30
22 28 32
29 32 0
26 29 30
27 28 31
25 28 33
24 29 33
26 27 33
30 31 32
8
{[21, 20, 5, 4, 0]}
{[8, 7, 4, 2, 0]}
34
19 3 22
13 8 25
5 4 31
0 17 4
2 11 3
6 2 23
5 14 18
20 15 9
1 15 12
7 10 21
19 9 18
16 12 4
14 8 11
14 1 16
13 6 12
16 7 8
13 15 11
20 3 18
6 10 17
0 10 20
19 7 17
23 24 9
24 25 0
21 27 5
21 22 26
22 30 1
24 28 32
23 29 32
26 29 30
27 28 31
25 28 33
29 33 2
26 27 33
30 31 32
9
{[21, 20, 5, 4, 0]}
{[16, 13, 12, 11, 10]}
34
19 3 31
13 8 33
5 4 26
0 17 4
2 11 3
6 2 32
5 14 18
20 15 9
1 15 12
7 10 27
19 9 18
16 12 4
14 8 11
14 1 16
13 6 12
16 7 8
13 15 11
20 3 18
6 10 17
0 10 20
19 7 17
23 24 25
23 26 27
21 22 28
21 27 30
21 26 29
22 25 2
22 24 9
23 29 30
25 28 32
24 28 31
30 33 0
29 33 5
31 32 1
10
{[21, 20, 5, 4, 0]}
{[17, 16, 14, 12, 10]}
34
19 3 33
13 8 32
5 4 27
0 17 4
2 11 3
6 2 31
5 14 18
20 15 9
1 15 12
7 10 30
19 9 18
16 12 4
14 8 11
14 1 16
13 6 12
16 7 8
13 15 11
20 3 18
6 10 17
0 10 20
19 7 17
23 24 25
23 26 27
21 22 28
21 27 30
21 26 29
22 25 31
22 24 2
23 29 30
25 28 33
24 28 9
26 32 5
31 33 1
29 32 0
11
{[21, 20, 5, 4, 0]}
{[16, 13, 12, 11, 10]}
34
19 3 26
13 8 27
5 4 31
0 17 4
2 11 3
6 2 32
5 14 18
20 15 9
1 15 12
7 10 33
19 9 18
16 12 4
14 8 11
14 1 16
13 6 12
16 7 8
13 15 11
20 3 18
6 10 17
0 10 20
19 7 17
23 24 25
23 26 27
21 22 28
21 27 30
21 26 29
22 25 0
22 24 1
23 29 30
25 28 32
24 28 31
30 33 2
29 33 5
31 32 9
12
{[21, 20, 5, 4, 0]}
{[17, 16, 14, 12, 10]}
34
19 3 27
13 8 30
5 4 33
0 17 4
2 11 3
6 2 31
5 14 18
20 15 9
1 15 12
7 10 32
19 9 18
16 12 4
14 8 11
14 1 16
13 6 12
16 7 8
13 15 11
20 3 18
6 10 17
0 10 20
19 7 17
23 24 25
23 26 27
21 22 28
21 27 30
21 26 29
22 25 31
22 24 0
23 29 30
25 28 33
24 28 1
26 32 5
31 33 9
29 32 2
13
{[21, 20, 5, 4, 0]}
{[17, 16, 15, 13, 11]}
34
19 3 29
13 8 26
5 4 31
0 17 4
2 11 3
6 2 33
5 14 18
20 15 9
1 15 12
7 10 32
19 9 18
16 12 4
14 8 11
14 1 16
13 6 12
16 7 8
13 15 11
20 3 18
6 10 17
0 10 20
19 7 17
23 24 25
23 26 27
21 22 28
21 27 30
21 26 29
22 25 1
22 24 31
23 29 30
25 28 0
24 28 33
27 32 2
31 33 9
30 32 5
14
{[21, 20, 5, 4, 0]}
{[17, 16, 15, 13, 11]}
34
19 3 31
13 8 32
5 4 29
0 17 4
2 11 3
6 2 33
5 14 18
20 15 9
1 15 12
7 10 26
19 9 18
16 12 4
14 8 11
14 1 16
13 6 12
16 7 8
13 15 11
20 3 18
6 10 17
0 10 20
19 7 17
23 24 25
23 26 27
21 22 28
21 27 30
21 26 29
22 25 9
22 24 31
23 29 30
25 28 2
24 28 33
27 32 0
31 33 1
30 32 5
15
{[21, 20, 5, 4, 0]}
{[17, 15, 14, 13, 12]}
34
19 3 30
13 8 29
5 4 32
0 17 4
2 11 3
6 2 31
5 14 18
20 15 9
1 15 12
7 10 33
19 9 18
16 12 4
14 8 11
14 1 16
13 6 12
16 7 8
13 15 11
20 3 18
6 10 17
0 10 20
19 7 17
23 24 25
23 26 27
21 22 28
21 27 30
21 26 29
22 25 32
22 24 31
23 29 30
25 28 1
24 28 0
27 33 5
26 33 2
31 32 9
16
{[21, 20, 5, 4, 0]}
{[17, 15, 14, 13, 12]}
34
19 3 32
13 8 33
5 4 30
0 17 4
2 11 3
6 2 31
5 14 18
20 15 9
1 15 12
7 10 29
19 9 18
16 12 4
14 8 11
14 1 16
13 6 12
16 7 8
13 15 11
20 3 18
6 10 17
0 10 20
19 7 17
23 24 25
23 26 27
21 22 28
21 27 30
21 26 29
22 25 32
22 24 31
23 29 30
25 28 9
24 28 2
27 33 5
26 33 0
31 32 1
17
{[21, 20, 8, 3, 0]}
{[5, 4, 2, 1, 0]}
34
19 3 4
13 8 2
1 3 27
0 2 24
0 17 5
11 4 22
14 18 21
20 15 9
1 15 12
7 10 23
19 9 18
16 12 5
14 8 11
14 1 16
13 6 12
16 7 8
13 15 11
20 4 18
6 10 17
0 10 20
19 7 17
22 25 6
21 26 5
24 25 9
23 31 3
21 23 30
22 28 32
29 32 2
26 29 30
27 28 31
25 28 33
24 29 33
26 27 33
30 31 32
18
{[21, 20, 8, 3, 0]}
{[6, 3, 2, 1, 0]}
34
19 3 4
13 8 2
1 3 21
0 2 23
0 17 5
11 4 25
14 18 22
20 15 9
1 15 12
7 10 26
19 9 18
16 12 5
14 8 11
14 1 16
13 6 12
16 7 8
13 15 11
20 4 18
6 10 17
0 10 20
19 7 17
22 24 2
21 27 6
24 25 3
21 23 31
23 30 5
28 32 9
22 29 32
26 29 30
27 28 31
25 28 33
24 29 33
26 27 33
30 31 32
19
{[21, 20, 8, 3, 0]}
{[8, 7, 4, 2, 0]}
34
19 3 4
13 8 2
1 3 22
0 2 21
0 17 5
11 4 23
14 18 25
20 15 9
1 15 12
7 10 31
19 9 18
16 12 5
14 8 11
14 1 16
13 6 12
16 7 8
13 15 11
20 4 18
6 10 17
0 10 20
19 7 17
23 24 3
24 25 2
21 27 5
21 22 26
22 30 6
24 28 32
23 29 32
26 29 30
27 28 31
25 28 33
29 33 9
26 27 33
30 31 32
20
{[21, 20, 8, 3, 0]}
{[9, 7, 3, 2, 0]}
34
19 3 4
13 8 2
1 3 30
0 2 24
0 17 5
11 4 25
14 18 22
20 15 9
1 15 12
7 10 21
19 9 18
16 12 5
14 8 11
14 1 16
13 6 12
16 7 8
13 15 11
20 4 18
6 10 17
0 10 20
19 7 17
23 24 9
23 25 6
21 22 27
21 26 3
22 31 5
24 28 32
23 29 32
26 29 30
27 28 31
28 33 2
25 29 33
26 27 33
30 31 32
21
{[21, 20, 8, 3, 0]}
{[6, 3, 2, 1, 0]}
34
19 3 4
13 8 2
1 3 26
0 2 22
0 17 5
11 4 25
14 18 23
20 15 9
1 15 12
7 10 21
19 9 18
16 12 5
14 8 11
14 1 16
13 6 12
16 7 8
13 15 11
20 4 18
6 10 17
0 10 20
19 7 17
22 24 9
21 27 3
24 25 6
21 23 31
23 30 5
28 32 2
22 29 32
26 29 30
27 28 31
25 28 33
24 29 33
26 27 33
30 31 32
22
{[21, 20, 8, 3, 0]}
{[9, 7, 3, 2, 0]}
34
19 3 4
13 8 2
1 3 21
0 2 22
0 17 5
11 4 25
14 18 24
20 15 9
1 15 12
7 10 30
19 9 18
16 12 5
14 8 11
14 1 16
13 6 12
16 7 8
13 15 11
20 4 18
6 10 17
0 10 20
19 7 17
23 24 2
23 25 3
21 22 27
21 26 6
22 31 5
24 28 32
23 29 32
26 29 30
27 28 31
28 33 9
25 29 33
26 27 33
30 31 32
23
{[21, 20, 8, 3, 0]}
{[5, 4, 2, 1, 0]}
34
19 3 4
13 8 2
1 3 23
0 2 21
0 17 5
11 4 22
14 18 24
20 15 9
1 15 12
7 10 27
19 9 18
16 12 5
14 8 11
14 1 16
13 6 12
16 7 8
13 15 11
20 4 18
6 10 17
0 10 20
19 7 17
22 25 3
21 26 5
24 25 2
23 31 6
21 23 30
22 28 32
29 32 9
26 29 30
27 28 31
25 28 33
24 29 33
26 27 33
30 31 32
24
{[21, 20, 8, 3, 0]}
{[8, 7, 4, 2, 0]}
34
19 3 4
13 8 2
1 3 31
0 2 25
0 17 5
11 4 23
14 18 21
20 15 9
1 15 12
7 10 22
19 9 18
16 12 5
14 8 11
14 1 16
13 6 12
16 7 8
13 15 11
20 4 18
6 10 17
0 10 20
19 7 17
23 24 6
24 25 9
21 27 5
21 22 26
22 30 3
24 28 32
23 29 32
26 29 30
27 28 31
25 28 33
29 33 2
26 27 33
30 31 32
25
{[21, 20, 8, 3, 0]}
{[16, 13, 12, 11, 10]}
34
19 3 4
13 8 2
1 3 26
0 2 33
0 17 5
11 4 32
14 18 27
20 15 9
1 15 12
7 10 31
19 9 18
16 12 5
14 8 11
14 1 16
13 6 12
16 7 8
13 15 11
20 4 18
6 10 17
0 10 20
19 7 17
23 24 25
23 26 27
21 22 28
21 27 30
21 26 29
22 25 2
22 24 6
23 29 30
25 28 32
24 28 31
30 33 9
29 33 5
31 32 3
26
{[21, 20, 8, 3, 0]}
{[17, 16, 14, 12, 10]}
34
19 3 4
13 8 2
1 3 27
0 2 32
0 17 5
11 4 31
14 18 30
20 15 9
1 15 12
7 10 33
19 9 18
16 12 5
14 8 11
14 1 16
13 6 12
16 7 8
13 15 11
20 4 18
6 10 17
0 10 20
19 7 17
23 24 25
23 26 27
21 22 28
21 27 30
21 26 29
22 25 31
22 24 2
23 29 30
25 28 33
24 28 6
26 32 5
31 33 3
29 32 9
27
{[21, 20, 8, 3, 0]}
{[16, 13, 12, 11, 10]}
34
19 3 4
13 8 2
1 3 31
0 2 27
0 17 5
11 4 32
14 18 33
20 15 9
1 15 12
7 10 26
19 9 18
16 12 5
14 8 11
14 1 16
13 6 12
16 7 8
13 15 11
20 4 18
6 10 17
0 10 20
19 7 17
23 24 25
23 26 27
21 22 28
21 27 30
21 26 29
22 25 9
22 24 3
23 29 30
25 28 32
24 28 31
30 33 2
29 33 5
31 32 6
28
{[21, 20, 8, 3, 0]}
{[17, 16, 14, 12, 10]}
34
19 3 4
13 8 2
1 3 33
0 2 30
0 17 5
11 4 31
14 18 32
20 15 9
1 15 12
7 10 27
19 9 18
16 12 5
14 8 11
14 1 16
13 6 12
16 7 8
13 15 11
20 4 18
6 10 17
0 10 20
19 7 17
23 24 25
23 26 27
21 22 28
21 27 30
21 26 29
22 25 31
22 24 9
23 29 30
25 28 33
24 28 3
26 32 5
31 33 6
29 32 2
29
{[21, 20, 8, 3, 0]}
{[17, 16, 15, 13, 11]}
34
19 3 4
13 8 2
1 3 31
0 2 26
0 17 5
11 4 33
14 18 32
20 15 9
1 15 12
7 10 29
19 9 18
16 12 5
14 8 11
14 1 16
13 6 12
16 7 8
13 15 11
20 4 18
6 10 17
0 10 20
19 7 17
23 24 25
23 26 27
21 22 28
21 27 30
21 26 29
22 25 3
22 24 31
23 29 30
25 28 9
24 28 33
27 32 2
31 33 6
30 32 5
30
{[21, 20, 8, 3, 0]}
{[17, 16, 15, 13, 11]}
34
19 3 4
13 8 2
1 3 29
0 2 32
0 17 5
11 4 33
14 18 26
20 15 9
1 15 12
7 10 31
19 9 18
16 12 5
14 8 11
14 1 16
13 6 12
16 7 8
13 15 11
20 4 18
6 10 17
0 10 20
19 7 17
23 24 25
23 26 27
21 22 28
21 27 30
21 26 29
22 25 6
22 24 31
23 29 30
25 28 2
24 28 33
27 32 9
31 33 3
30 32 5
31
{[21, 20, 8, 3, 0]}
{[17, 15, 14, 13, 12]}
34
19 3 4
13 8 2
1 3 32
0 2 29
0 17 5
11 4 31
14 18 33
20 15 9
1 15 12
7 10 30
19 9 18
16 12 5
14 8 11
14 1 16
13 6 12
16 7 8
13 15 11
20 4 18
6 10 17
0 10 20
19 7 17
23 24 25
23 26 27
21 22 28
21 27 30
21 26 29
22 25 32
22 24 31
23 29 30
25 28 3
24 28 9
27 33 5
26 33 2
31 32 6
32
{[21, 20, 8, 3, 0]}
{[17, 15, 14, 13, 12]}
34
19 3 4
13 8 2
1 3 30
0 2 33
0 17 5
11 4 31
14 18 29
20 15 9
1 15 12
7 10 32
19 9 18
16 12 5
14 8 11
14 1 16
13 6 12
16 7 8
13 15 11
20 4 18
6 10 17
0 10 20
19 7 17
23 24 25
23 26 27
21 22 28
21 27 30
21 26 29
22 25 32
22 24 31
23 29 30
25 28 6
24 28 2
27 33 5
26 33 9
31 32 3
33
{[21, 20, 8, 3, 0]}
{[5, 4, 2, 1, 0]}
34
19 3 4
13 8 2
1 3 23
0 2 21
0 17 5
11 4 22
14 18 24
20 15 9
1 15 12
7 10 27
19 9 18
16 12 5
14 8 11
14 1 16
13 6 12
16 7 8
13 15 11
20 4 18
6 10 17
0 10 20
19 7 17
22 25 3
21 26 5
24 25 2
23 31 6
21 23 30
22 28 32
29 32 9
26 29 30
27 28 31
25 28 33
24 29 33
26 27 33
30 31 32
34
{[21, 20, 8, 3, 0]}
{[6, 3, 2, 1, 0]}
34
19 3 4
13 8 2
1 3 26
0 2 22
0 17 5
11 4 25
14 18 23
20 15 9
1 15 12
7 10 21
19 9 18
16 12 5
14 8 11
14 1 16
13 6 12
16 7 8
13 15 11
20 4 18
6 10 17
0 10 20
19 7 17
22 24 9
21 27 3
24 25 6
21 23 31
23 30 5
28 32 2
22 29 32
26 29 30
27 28 31
25 28 33
24 29 33
26 27 33
30 31 32
35
{[21, 20, 8, 3, 0]}
{[8, 7, 4, 2, 0]}
34
19 3 4
13 8 2
1 3 31
0 2 25
0 17 5
11 4 23
14 18 21
20 15 9
1 15 12
7 10 22
19 9 18
16 12 5
14 8 11
14 1 16
13 6 12
16 7 8
13 15 11
20 4 18
6 10 17
0 10 20
19 7 17
23 24 6
24 25 9
21 27 5
21 22 26
22 30 3
24 28 32
23 29 32
26 29 30
27 28 31
25 28 33
29 33 2
26 27 33
30 31 32
36
{[21, 20, 8, 3, 0]}
{[9, 7, 3, 2, 0]}
34
19 3 4
13 8 2
1 3 21
0 2 22
0 17 5
11 4 25
14 18 24
20 15 9
1 15 12
7 10 30
19 9 18
16 12 5
14 8 11
14 1 16
13 6 12
16 7 8
13 15 11
20 4 18
6 10 17
0 10 20
19 7 17
23 24 2
23 25 3
21 22 27
21 26 6
22 31 5
24 28 32
23 29 32
26 29 30
27 28 31
28 33 9
25 29 33
26 27 33
30 31 32
37
{[21, 20, 8, 3, 0]}
{[6, 3, 2, 1, 0]}
34
19 3 4
13 8 2
1 3 21
0 2 23
0 17 5
11 4 25
14 18 22
20 15 9
1 15 12
7 10 26
19 9 18
16 12 5
14 8 11
14 1 16
13 6 12
16 7 8
13 15 11
20 4 18
6 10 17
0 10 20
19 7 17
22 24 2
21 27 6
24 25 3
21 23 31
23 30 5
28 32 9
22 29 32
26 29 30
27 28 31
25 28 33
24 29 33
26 27 33
30 31 32
38
{[21, 20, 8, 3, 0]}
{[9, 7, 3, 2, 0]}
34
19 3 4
13 8 2
1 3 30
0 2 24
0 17 5
11 4 25
14 18 22
20 15 9
1 15 12
7 10 21
19 9 18
16 12 5
14 8 11
14 1 16
13 6 12
16 7 8
13 15 11
20 4 18
6 10 17
0 10 20
19 7 17
23 24 9
23 25 6
21 22 27
21 26 3
22 31 5
24 28 32
23 29 32
26 29 30
27 28 31
28 33 2
25 29 33
26 27 33
30 31 32
39
{[21, 20, 8, 3, 0]}
{[5, 4, 2, 1, 0]}
34
19 3 4
13 8 2
1 3 27
0 2 24
0 17 5
11 4 22
14 18 21
20 15 9
1 15 12
7 10 23
19 9 18
16 12 5
14 8 11
14 1 16
13 6 12
16 7 8
13 15 11
20 4 18
6 10 17
0 10 20
19 7 17
22 25 6
21 26 5
24 25 9
23 31 3
21 23 30
22 28 32
29 32 2
26 29 30
27 28 31
25 28 33
24 29 33
26 27 33
30 31 32
40
{[21, 20, 8, 3, 0]}
{[8, 7, 4, 2, 0]}
34
19 3 4
13 8 2
1 3 22
0 2 21
0 17 5
11 4 23
14 18 25
20 15 9
1 15 12
7 10 31
19 9 18
16 12 5
14 8 11
14 1 16
13 6 12
16 7 8
13 15 11
20 4 18
6 10 17
0 10 20
19 7 17
23 24 3
24 25 2
21 27 5
21 22 26
22 30 6
24 28 32
23 29 32
26 29 30
27 28 31
25 28 33
29 33 9
26 27 33
30 31 32
41
{[21, 20, 8, 3, 0]}
{[16, 13, 12, 11, 10]}
34
19 3 4
13 8 2
1 3 31
0 2 27
0 17 5
11 4 32
14 18 33
20 15 9
1 15 12
7 10 26
19 9 18
16 12 5
14 8 11
14 1 16
13 6 12
16 7 8
13 15 11
20 4 18
6 10 17
0 10 20
19 7 17
23 24 25
23 26 27
21 22 28
21 27 30
21 26 29
22 25 9
22 24 3
23 29 30
25 28 32
24 28 31
30 33 2
29 33 5
31 32 6
42
{[21, 20, 8, 3, 0]}
{[17, 16, 14, 12, 10]}
34
19 3 4
13 8 2
1 3 33
0 2 30
0 17 5
11 4 31
14 18 32
20 15 9
1 15 12
7 10 27
19 9 18
16 12 5
14 8 11
14 1 16
13 6 12
16 7 8
13 15 11
20 4 18
6 10 17
0 10 20
19 7 17
23 24 25
23 26 27
21 22 28
21 27 30
21 26 29
22 25 31
22 24 9
23 29 30
25 28 33
24 28 3
26 32 5
31 33 6
29 32 2
43
{[21, 20, 8, 3, 0]}
{[16, 13, 12, 11, 10]}
34
19 3 4
13 8 2
1 3 26
0 2 33
0 17 5
11 4 32
14 18 27
20 15 9
1 15 12
7 10 31
19 9 18
16 12 5
14 8 11
14 1 16
13 6 12
16 7 8
13 15 11
20 4 18
6 10 17
0 10 20
19 7 17
23 24 25
23 26 27
21 22 28
21 27 30
21 26 29
22 25 2
22 24 6
23 29 30
25 28 32
24 28 31
30 33 9
29 33 5
31 32 3
44
{[21, 20, 8, 3, 0]}
{[17, 16, 14, 12, 10]}
34
19 3 4
13 8 2
1 3 27
0 2 32
0 17 5
11 4 31
14 18 30
20 15 9
1 15 12
7 10 33
19 9 18
16 12 5
14 8 11
14 1 16
13 6 12
16 7 8
13 15 11
20 4 18
6 10 17
0 10 20
19 7 17
23 24 25
23 26 27
21 22 28
21 27 30
21 26 29
22 25 31
22 24 2
23 29 30
25 28 33
24 28 6
26 32 5
31 33 3
29 32 9
45
{[21, 20, 8, 3, 0]}
{[17, 16, 15, 13, 11]}
34
19 3 4
13 8 2
1 3 29
0 2 32
0 17 5
11 4 33
14 18 26
20 15 9
1 15 12
7 10 31
19 9 18
16 12 5
14 8 11
14 1 16
13 6 12
16 7 8
13 15 11
20 4 18
6 10 17
0 10 20
19 7 17
23 24 25
23 26 27
21 22 28
21 27 30
21 26 29
22 25 6
22 24 31
23 29 30
25 28 2
24 28 33
27 32 9
31 33 3
30 32 5
46
{[21, 20, 8, 3, 0]}
{[17, 16, 15, 13, 11]}
34
19 3 4
13 8 2
1 3 31
0 2 26
0 17 5
11 4 33
14 18 32
20 15 9
1 15 12
7 10 29
19 9 18
16 12 5
14 8 11
14 1 16
13 6 12
16 7 8
13 15 11
20 4 18
6 10 17
0 10 20
19 7 17
23 24 25
23 26 27
21 22 28
21 27 30
21 26 29
22 25 3
22 24 31
23 29 30
25 28 9
24 28 33
27 32 2
31 33 6
30 32 5
47
{[21, 20, 8, 3, 0]}
{[17, 15, 14, 13, 12]}
34
19 3 4
13 8 2
1 3 30
0 2 33
0 17 5
11 4 31
14 18 29
20 15 9
1 15 12
7 10 32
19 9 18
16 12 5
14 8 11
14 1 16
13 6 12
16 7 8
13 15 11
20 4 18
6 10 17
0 10 20
19 7 17
23 24 25
23 26 27
21 22 28
21 27 30
21 26 29
22 25 32
22 24 31
23 29 30
25 28 6
24 28 2
27 33 5
26 33 9
31 32 3
48
{[21, 20, 8, 3, 0]}
{[17, 15, 14, 13, 12]}
34
19 3 4
13 8 2
1 3 32
0 2 29
0 17 5
11 4 31
14 18 33
20 15 9
1 15 12
7 10 30
19 9 18
16 12 5
14 8 11
14 1 16
13 6 12
16 7 8
13 15 11
20 4 18
6 10 17
0 10 20
19 7 17
23 24 25
23 26 27
21 22 28
21 27 30
21 26 29
22 25 32
22 24 31
23 29 30
25 28 3
24 28 9
27 33 5
26 33 2
31 32 6
49
{[21, 20, 5, 4, 0]}
{[5, 4, 2, 1, 0]}
34
19 3 27
13 8 21
5 4 23
0 17 4
2 11 3
6 2 22
5 14 18
20 15 9
1 15 12
7 10 24
19 9 18
16 12 4
14 8 11
14 1 16
13 6 12
16 7 8
13 15 11
20 3 18
6 10 17
0 10 20
19 7 17
22 25 1
21 26 5
24 25 2
23 31 9
21 23 30
22 28 32
29 32 0
26 29 30
27 28 31
25 28 33
24 29 33
26 27 33
30 31 32
50
{[21, 20, 5, 4, 0]}
{[6, 3, 2, 1, 0]}
34
19 3 21
13 8 22
5 4 26
0 17 4
2 11 3
6 2 25
5 14 18
20 15 9
1 15 12
7 10 23
19 9 18
16 12 4
14 8 11
14 1 16
13 6 12
16 7 8
13 15 11
20 3 18
6 10 17
0 10 20
19 7 17
22 24 0
21 27 1
24 25 9
21 23 31
23 30 5
28 32 2
22 29 32
26 29 30
27 28 31
25 28 33
24 29 33
26 27 33
30 31 32
51
{[21, 20, 5, 4, 0]}
{[8, 7, 4, 2, 0]}
34
19 3 22
13 8 25
5 4 31
0 17 4
2 11 3
6 2 23
5 14 18
20 15 9
1 15 12
7 10 21
19 9 18
16 12 4
14 8 11
14 1 16
13 6 12
16 7 8
13 15 11
20 3 18
6 10 17
0 10 20
19 7 17
23 24 9
24 25 0
21 27 5
21 22 26
22 30 1
24 28 32
23 29 32
26 29 30
27 28 31
25 28 33
29 33 2
26 27 33
30 31 32
52
{[21, 20, 5, 4, 0]}
{[9, 7, 3, 2, 0]}
34
19 3 30
13 8 22
5 4 21
0 17 4
2 11 3
6 2 25
5 14 18
20 15 9
1 15 12
7 10 24
19 9 18
16 12 4
14 8 11
14 1 16
13 6 12
16 7 8
13 15 11
20 3 18
6 10 17
0 10 20
19 7 17
23 24 2
23 25 1
21 22 27
21 26 9
22 31 5
24 28 32
23 29 32
26 29 30
27 28 31
28 33 0
25 29 33
26 27 33
30 31 32
53
{[21, 20, 5, 4, 0]}
{[6, 3, 2, 1, 0]}
34
19 3 26
13 8 23
5 4 21
0 17 4
2 11 3
6 2 25
5 14 18
20 15 9
1 15 12
7 10 22
19 9 18
16 12 4
14 8 11
14 1 16
13 6 12
16 7 8
13 15 11
20 3 18
6 10 17
0 10 20
19 7 17
22 24 2
21 27 9
24 25 1
21 23 31
23 30 5
28 32 0
22 29 32
26 29 30
27 28 31
25 28 33
24 29 33
26 27 33
30 31 32
54
{[21, 20, 5, 4, 0]}
{[9, 7, 3, 2, 0]}
34
19 3 21
13 8 24
5 4 30
0 17 4
2 11 3
6 2 25
5 14 18
20 15 9
1 15 12
7 10 22
19 9 18
16 12 4
14 8 11
14 1 16
13 6 12
16 7 8
13 15 11
20 3 18
6 10 17
0 10 20
19 7 17
23 24 0
23 25 9
21 22 27
21 26 1
22 31 5
24 28 32
23 29 32
26 29 30
27 28 31
28 33 2
25 29 33
26 27 33
30 31 32
55
{[21, 20, 5, 4, 0]}
{[5, 4, 2, 1, 0]}
34
19 3 23
13 8 24
5 4 27
0 17 4
2 11 3
6 2 22
5 14 18
20 15 9
1 15 12
7 10 21
19 9 18
16 12 4
14 8 11
14 1 16
13 6 12
16 7 8
13 15 11
20 3 18
6 10 17
0 10 20
19 7 17
22 25 9
21 26 5
24 25 0
23 31 1
21 23 30
22 28 32
29 32 2
26 29 30
27 28 31
25 28 33
24 29 33
26 27 33
30 31 32
56
{[21, 20, 5, 4, 0]}
{[8, 7, 4, 2, 0]}
34
19 3 31
13 8 21
5 4 22
0 17 4
2 11 3
6 2 23
5 14 18
20 15 9
1 15 12
7 10 25
19 9 18
16 12 4
14 8 11
14 1 16
13 6 12
16 7 8
13 15 11
20 3 18
6 10 17
0 10 20
19 7 17
23 24 1
24 25 2
21 27 5
21 22 26
22 30 9
24 28 32
23 29 32
26 29 30
27 28 31
25 28 33
29 33 0
26 27 33
30 31 32
57
{[21, 20, 5, 4, 0]}
{[16, 13, 12, 11, 10]}
34
19 3 26
13 8 27
5 4 31
0 17 4
2 11 3
6 2 32
5 14 18
20 15 9
1 15 12
7 10 33
19 9 18
16 12 4
14 8 11
14 1 16
13 6 12
16 7 8
13 15 11
20 3 18
6 10 17
0 10 20
19 7 17
23 24 25
23 26 27
21 22 28
21 27 30
21 26 29
22 25 0
22 24 1
23 29 30
25 28 32
24 28 31
30 33 2
29 33 5
31 32 9
58
{[21, 20, 5, 4, 0]}
{[17, 16, 14, 12, 10]}
34
19 3 27
13 8 30
5 4 33
0 17 4
2 11 3
6 2 31
5 14 18
20 15 9
1 15 12
7 10 32
19 9 18
16 12 4
14 8 11
14 1 16
13 6 12
16 7 8
13 15 11
20 3 18
6 10 17
0 10 20
19 7 17
23 24 25
23 26 27
21 22 28
21 27 30
21 26 29
22 25 31
22 24 0
23 29 30
25 28 33
24 28 1
26 32 5
31 33 9
29 32 2
59
{[21, 20, 5, 4, 0]}
{[16, 13, 12, 11, 10]}
34
19 3 31
13 8 33
5 4 26
0 17 4
2 11 3
6 2 32
5 14 18
20 15 9
1 15 12
7 10 27
19 9 18
16 12 4
14 8 11
14 1 16
13 6 12
16 7 8
13 15 11
20 3 18
6 10 17
0 10 20
19 7 17
23 24 25
23 26 27
21 22 28
21 27 30
21 26 29
22 25 2
22 24 9
23 29 30
25 28 32
24 28 31
30 33 0
29 33 5
31 32 1
60
{[21, 20, 5, 4, 0]}
{[17, 16, 14, 12, 10]}
34
19 3 33
13 8 32
5 4 27
0 17 4
2 11 3
6 2 31
5 14 18
20 15 9
1 15 12
7 10 30
19 9 18
16 12 4
14 8 11
14 1 16
13 6 12
16 7 8
13 15 11
20 3 18
6 10 17
0 10 20
19 7 17
23 24 25
23 26 27
21 22 28
21 27 30
21 26 29
22 25 31
22 24 2
23 29 30
25 28 33
24 28 9
26 32 5
31 33 1
29 32 0
61
{[21, 20, 5, 4, 0]}
{[17, 16, 15, 13, 11]}
34
19 3 31
13 8 32
5 4 29
0 17 4
2 11 3
6 2 33
5 14 18
20 15 9
1 15 12
7 10 26
19 9 18
16 12 4
14 8 11
14 1 16
13 6 12
16 7 8
13 15 11
20 3 18
6 10 17
0 10 20
19 7 17
23 24 25
23 26 27
21 22 28
21 27 30
21 26 29
22 25 9
22 24 31
23 29 30
25 28 2
24 28 33
27 32 0
31 33 1
30 32 5
62
{[21, 20, 5, 4, 0]}
{[17, 16, 15, 13, 11]}
34
19 3 29
13 8 26
5 4 31
0 17 4
2 11 3
6 2 33
5 14 18
20 15 9
1 15 12
7 10 32
19 9 18
16 12 4
14 8 11
14 1 16
13 6 12
16 7 8
13 15 11
20 3 18
6 10 17
0 10 20
19 7 17
23 24 25
23 26 27
21 22 28
21 27 30
21 26 29
22 25 1
22 24 31
23 29 30
25 28 0
24 28 33
27 32 2
31 33 9
30 32 5
63
{[21, 20, 5, 4, 0]}
{[17, 15, 14, 13, 12]}
34
19 3 32
13 8 33
5 4 30
0 17 4
2 11 3
6 2 31
5 14 18
20 15 9
1 15 12
7 10 29
19 9 18
16 12 4
14 8 11
14 1 16
13 6 12
16 7 8
13 15 11
20 3 18
6 10 17
0 10 20
19 7 17
23 24 25
23 26 27
21 22 28
21 27 30
21 26 29
22 25 32
22 24 31
23 29 30
25 28 9
24 28 2
27 33 5
26 33 0
31 32 1
64
{[21, 20, 5, 4, 0]}
{[17, 15, 14, 13, 12]}
34
19 3 30
13 8 29
5 4 32
0 17 4
2 11 3
6 2 31
5 14 18
20 15 9
1 15 12
7 10 33
19 9 18
16 12 4
14 8 11
14 1 16
13 6 12
16 7 8
13 15 11
20 3 18
6 10 17
0 10 20
19 7 17
23 24 25
23 26 27
21 22 28
21 27 30
21 26 29
22 25 32
22 24 31
23 29 30
25 28 1
24 28 0
27 33 5
26 33 2
31 32 9
65
{[25, 24, 22, 6, 1]}
{[5, 4, 2, 1, 0]}
34
6 18 3
14 9 3
6 19 5
0 1 4
3 19 24
2 12 23
0 7 2
6 15 20
16 10 21
1 16 13
8 18 11
10 20 22
17 13 5
15 9 12
15 1 17
14 7 13
17 8 9
14 16 12
0 10 19
2 18 4
7 11 27
22 25 8
21 26 11
24 25 5
23 31 4
21 23 30
22 28 32
29 32 20
26 29 30
27 28 31
25 28 33
24 29 33
26 27 33
30 31 32
66
{[25, 24, 22, 6, 1]}
{[6, 3, 2, 1, 0]}
34
6 18 3
14 9 3
6 19 5
0 1 4
3 19 23
2 12 26
0 7 2
6 15 20
16 10 22
1 16 13
8 18 11
10 20 25
17 13 5
15 9 12
15 1 17
14 7 13
17 8 9
14 16 12
0 10 19
2 18 4
7 11 21
22 24 20
21 27 8
24 25 4
21 23 31
23 30 11
28 32 5
22 29 32
26 29 30
27 28 31
25 28 33
24 29 33
26 27 33
30 31 32
67
{[25, 24, 22, 6, 1]}
{[8, 7, 4, 2, 0]}
34
6 18 3
14 9 3
6 19 5
0 1 4
3 19 21
2 12 31
0 7 2
6 15 20
16 10 25
1 16 13
8 18 11
10 20 23
17 13 5
15 9 12
15 1 17
14 7 13
17 8 9
14 16 12
0 10 19
2 18 4
7 11 22
23 24 4
24 25 20
21 27 11
21 22 26
22 30 8
24 28 32
23 29 32
26 29 30
27 28 31
25 28 33
29 33 5
26 27 33
30 31 32
68
{[25, 24, 22, 6, 1]}
{[9, 7, 3, 2, 0]}
34
6 18 3
14 9 3
6 19 5
0 1 4
3 19 24
2 12 21
0 7 2
6 15 20
16 10 22
1 16 13
8 18 11
10 20 25
17 13 5
15 9 12
15 1 17
14 7 13
17 8 9
14 16 12
0 10 19
2 18 4
7 11 30
23 24 5
23 25 8
21 22 27
21 26 4
22 31 11
24 28 32
23 29 32
26 29 30
27 28 31
28 33 20
25 29 33
26 27 33
30 31 32
69
{[25, 24, 22, 6, 1]}
{[6, 3, 2, 1, 0]}
34
6 18 3
14 9 3
6 19 5
0 1 4
3 19 22
2 12 21
0 7 2
6 15 20
16 10 23
1 16 13
8 18 11
10 20 25
17 13 5
15 9 12
15 1 17
14 7 13
17 8 9
14 16 12
0 10 19
2 18 4
7 11 26
22 24 5
21 27 4
24 25 8
21 23 31
23 30 11
28 32 20
22 29 32
26 29 30
27 28 31
25 28 33
24 29 33
26 27 33
30 31 32
70
{[25, 24, 22, 6, 1]}
{[9, 7, 3, 2, 0]}
34
6 18 3
14 9 3
6 19 5
0 1 4
3 19 22
2 12 30
0 7 2
6 15 20
16 10 24
1 16 13
8 18 11
10 20 25
17 13 5
15 9 12
15 1 17
14 7 13
17 8 9
14 16 12
0 10 19
2 18 4
7 11 21
23 24 20
23 25 4
21 22 27
21 26 8
22 31 11
24 28 32
23 29 32
26 29 30
27 28 31
28 33 5
25 29 33
26 27 33
30 31 32
71
{[25, 24, 22, 6, 1]}
{[5, 4, 2, 1, 0]}
34
6 18 3
14 9 3
6 19 5
0 1 4
3 19 21
2 12 27
0 7 2
6 15 20
16 10 24
1 16 13
8 18 11
10 20 22
17 13 5
15 9 12
15 1 17
14 7 13
17 8 9
14 16 12
0 10 19
2 18 4
7 11 23
22 25 4
21 26 11
24 25 20
23 31 8
21 23 30
22 28 32
29 32 5
26 29 30
27 28 31
25 28 33
24 29 33
26 27 33
30 31 32
72
{[25, 24, 22, 6, 1]}
{[8, 7, 4, 2, 0]}
34
6 18 3
14 9 3
6 19 5
0 1 4
3 19 25
2 12 22
0 7 2
6 15 20
16 10 21
1 16 13
8 18 11
10 20 23
17 13 5
15 9 12
15 1 17
14 7 13
17 8 9
14 16 12
0 10 19
2 18 4
7 11 31
23 24 8
24 25 5
21 27 11
21 22 26
22 30 4
24 28 32
23 29 32
26 29 30
27 28 31
25 28 33
29 33 20
26 27 33
30 31 32
73
{[25, 24, 22, 6, 1]}
{[16, 13, 12, 11, 10]}
34
6 18 3
14 9 3
6 19 5
0 1 4
3 19 33
2 12 31
0 7 2
6 15 20
16 10 27
1 16 13
8 18 11
10 20 32
17 13 5
15 9 12
15 1 17
14 7 13
17 8 9
14 16 12
0 10 19
2 18 4
7 11 26
23 24 25
23 26 27
21 22 28
21 27 30
21 26 29
22 25 20
22 24 8
23 29 30
25 28 32
24 28 31
30 33 5
29 33 11
31 32 4
74
{[25, 24, 22, 6, 1]}
{[17, 16, 14, 12, 10]}
34
6 18 3
14 9 3
6 19 5
0 1 4
3 19 32
2 12 33
0 7 2
6 15 20
16 10 30
1 16 13
8 18 11
10 20 31
17 13 5
15 9 12
15 1 17
14 7 13
17 8 9
14 16 12
0 10 19
2 18 4
7 11 27
23 24 25
23 26 27
21 22 28
21 27 30
21 26 29
22 25 31
22 24 20
23 29 30
25 28 33
24 28 8
26 32 11
31 33 4
29 32 5
75
{[25, 24, 22, 6, 1]}
{[16, 13, 12, 11, 10]}
34
6 18 3
14 9 3
6 19 5
0 1 4
3 19 27
2 12 26
0 7 2
6 15 20
16 10 33
1 16 13
8 18 11
10 20 32
17 13 5
15 9 12
15 1 17
14 7 13
17 8 9
14 16 12
0 10 19
2 18 4
7 11 31
23 24 25
23 26 27
21 22 28
21 27 30
21 26 29
22 25 5
22 24 4
23 29 30
25 28 32
24 28 31
30 33 20
29 33 11
31 32 8
76
{[25, 24, 22, 6, 1]}
{[17, 16, 14, 12, 10]}
34
6 18 3
14 9 3
6 19 5
0 1 4
3 19 30
2 12 27
0 7 2
6 15 20
16 10 32
1 16 13
8 18 11
10 20 31
17 13 5
15 9 12
15 1 17
14 7 13
17 8 9
14 16 12
0 10 19
2 18 4
7 11 33
23 24 25
23 26 27
21 22 28
21 27 30
21 26 29
22 25 31
22 24 5
23 29 30
25 28 33
24 28 4
26 32 11
31 33 8
29 32 20
77
{[25, 24, 22, 6, 1]}
{[17, 16, 15, 13, 11]}
34
6 18 3
14 9 3
6 19 5
0 1 4
3 19 26
2 12 29
0 7 2
6 15 20
16 10 32
1 16 13
8 18 11
10 20 33
17 13 5
15 9 12
15 1 17
14 7 13
17 8 9
14 16 12
0 10 19
2 18 4
7 11 31
23 24 25
23 26 27
21 22 28
21 27 30
21 26 29
22 25 4
22 24 31
23 29 30
25 28 5
24 28 33
27 32 20
31 33 8
30 32 11
78
{[25, 24, 22, 6, 1]}
{[17, 16, 15, 13, 11]}
34
6 18 3
14 9 3
6 19 5
0 1 4
3 19 32
2 12 31
0 7 2
6 15 20
16 10 26
1 16 13
8 18 11
10 20 33
17 13 5
15 9 12
15 1 17
14 7 13
17 8 9
14 16 12
0 10 19
2 18 4
7 11 29
23 24 25
23 26 27
21 22 28
21 27 30
21 26 29
22 25 8
22 24 31
23 29 30
25 28 20
24 28 33
27 32 5
31 33 4
30 32 11
79
{[25, 24, 22, 6, 1]}
{[17, 15, 14, 13, 12]}
34
6 18 3
14 9 3
6 19 5
0 1 4
3 19 29
2 12 30
0 7 2
6 15 20
16 10 33
1 16 13
8 18 11
10 20 31
17 13 5
15 9 12
15 1 17
14 7 13
17 8 9
14 16 12
0 10 19
2 18 4
7 11 32
23 24 25
23 26 27
21 22 28
21 27 30
21 26 29
22 25 32
22 24 31
23 29 30
25 28 4
24 28 5
27 33 11
26 33 20
31 32 8
80
{[25, 24, 22, 6, 1]}
{[17, 15, 14, 13, 12]}
34
6 18 3
14 9 3
6 19 5
0 1 4
3 19 33
2 12 32
0 7 2
6 15 20
16 10 29
1 16 13
8 18 11
10 20 31
17 13 5
15 9 12
15 1 17
14 7 13
17 8 9
14 16 12
0 10 19
2 18 4
7 11 30
23 24 25
23 26 27
21 22 28
21 27 30
21 26 29
22 25 32
22 24 31
23 29 30
25 28 8
24 28 20
27 33 11
26 33 5
31 32 4
81
{[25, 24, 22, 6, 1]}
{[5, 4, 2, 1, 0]}
34
6 18 3
14 9 3
6 19 5
0 1 4
3 19 21
2 12 27
0 7 2
6 15 20
16 10 24
1 16 13
8 18 11
10 20 22
17 13 5
15 9 12
15 1 17
14 7 13
17 8 9
14 16 12
0 10 19
2 18 4
7 11 23
22 25 4
21 26 11
24 25 20
23 31 8
21 23 30
22 28 32
29 32 5
26 29 30
27 28 31
25 28 33
24 29 33
26 27 33
30 31 32
82
{[25, 24, 22, 6, 1]}
{[6, 3, 2, 1, 0]}
34
6 18 3
14 9 3
6 19 5
0 1 4
3 19 22
2 12 21
0 7 2
6 15 20
16 10 23
1 16 13
8 18 11
10 20 25
17 13 5
15 9 12
15 1 17
14 7 13
17 8 9
14 16 12
0 10 19
2 18 4
7 11 26
22 24 5
21 27 4
24 25 8
21 23 31
23 30 11
28 32 20
22 29 32
26 29 30
27 28 31
25 28 33
24 29 33
26 27 33
30 31 32
83
{[25, 24, 22, 6, 1]}
{[8, 7, 4, 2, 0]}
34
6 18 3
14 9 3
6 19 5
0 1 4
3 19 25
2 12 22
0 7 2
6 15 20
16 10 21
1 16 13
8 18 11
10 20 23
17 13 5
15 9 12
15 1 17
14 7 13
17 8 9
14 16 12
0 10 19
2 18 4
7 11 31
23 24 8
24 25 5
21 27 11
21 22 26
22 30 4
24 28 32
23 29 32
26 29 30
27 28 31
25 28 33
29 33 20
26 27 33
30 31 32
84
{[25, 24, 22, 6, 1]}
{[9, 7, 3, 2, 0]}
34
6 18 3
14 9 3
6 19 5
0 1 4
3 19 22
2 12 30
0 7 2
6 15 20
16 10 24
1 16 13
8 18 11
10 20 25
17 13 5
15 9 12
15 1 17
14 7 13
17 8 9
14 16 12
0 10 19
2 18 4
7 11 21
23 24 20
23 25 4
21 22 27
21 26 8
22 31 11
24 28 32
23 29 32
26 29 30
27 28 31
28 33 5
25 29 33
26 27 33
30 31 32
85
{[25, 24, 22, 6, 1]}
{[6, 3, 2, 1, 0]}
34
6 18 3
14 9 3
6 19 5
0 1 4
3 19 23
2 12 26
0 7 2
6 15 20
16 10 22
1 16 13
8 18 11
10 20 25
17 13 5
15 9 12
15 1 17
14 7 13
17 8 9
14 16 12
0 10 19
2 18 4
7 11 21
22 24 20
21 27 8
24 25 4
21 23 31
23 30 11
28 32 5
22 29 32
26 29 30
27 28 31
25 28 33
24 29 33
26 27 33
30 31 32
86
{[25, 24, 22, 6, 1]}
{[9, 7, 3, 2, 0]}
34
6 18 3
14 9 3
6 19 5
0 1 4
3 19 24
2 12 21
0 7 2
6 15 20
16 10 22
1 16 13
8 18 11
10 20 25
17 13 5
15 9 12
15 1 17
14 7 13
17 8 9
14 16 12
0 10 19
2 18 4
7 11 30
23 24 5
23 25 8
21 22 27
21 26 4
22 31 11
24 28 32
23 29 32
26 29 30
27 28 31
28 33 20
25 29 33
26 27 33
30 31 32
87
{[25, 24, 22, 6, 1]}
{[5, 4, 2, 1, 0]}
34
6 18 3
14 9 3
6 19 5
0 1 4
3 19 24
2 12 23
0 7 2
6 15 20
16 10 21
1 16 13
8 18 11
10 20 22
17 13 5
15 9 12
15 1 17
14 7 13
17 8 9
14 16 12
0 10 19
2 18 4
7 11 27
22 25 8
21 26 11
24 25 5
23 31 4
21 23 30
22 28 32
29 32 20
26 29 30
27 28 31
25 28 33
24 29 33
26 27 33
30 31 32
88
{[25, 24, 22, 6, 1]}
{[8, 7, 4, 2, 0]}
34
6 18 3
14 9 3
6 19 5
0 1 4
3 19 21
2 12 31
0 7 2
6 15 20
16 10 25
1 16 13
8 18 11
10 20 23
17 13 5
15 9 12
15 1 17
14 7 13
17 8 9
14 16 12
0 10 19
2 18 4
7 11 22
23 24 4
24 25 20
21 27 11
21 22 26
22 30 8
24 28 32
23 29 32
26 29 30
27 28 31
25 28 33
29 33 5
26 27 33
30 31 32
89
{[25, 24, 22, 6, 1]}
{[16, 13, 12, 11, 10]}
34
6 18 3
14 9 3
6 19 5
0 1 4
3 19 27
2 12 26
0 7 2
6 15 20
16 10 33
1 16 13
8 18 11
10 20 32
17 13 5
15 9 12
15 1 17
14 7 13
17 8 9
14 16 12
0 10 19
2 18 4
7 11 31
23 24 25
23 26 27
21 22 28
21 27 30
21 26 29
22 25 5
22 24 4
23 29 30
25 28 32
24 28 31
30 33 20
29 33 11
31 32 8
90
{[25, 24, 22, 6, 1]}
{[17, 16, 14, 12, 10]}
34
6 18 3
14 9 3
6 19 5
0 1 4
3 19 30
2 12 27
0 7 2
6 15 20
16 10 32
1 16 13
8 18 11
10 20 31
17 13 5
15 9 12
15 1 17
14 7 13
17 8 9
14 16 12
0 10 19
2 18 4
7 11 33
23 24 25
23 26 27
21 22 28
21 27 30
21 26 29
22 25 31
22 24 5
23 29 30
25 28 33
24 28 4
26 32 11
31 33 8
29 32 20
91
{[25, 24, 22, 6, 1]}
{[16, 13, 12, 11, 10]}
34
6 18 3
14 9 3
6 19 5
0 1 4
3 19 33
2 12 31
0 7 2
6 15 20
16 10 27
1 16 13
8 18 11
10 20 32
17 13 5
15 9 12
15 1 17
14 7 13
17 8 9
14 16 12
0 10 19
2 18 4
7 11 26
23 24 25
23 26 27
21 22 28
21 27 30
21 26 29
22 25 20
22 24 8
23 29 30
25 28 32
24 28 31
30 33 5
29 33 11
31 32 4
92
{[25, 24, 22, 6, 1]}
{[17, 16, 14, 12, 10]}
34
6 18 3
14 9 3
6 19 5
0 1 4
3 19 32
2 12 33
0 7 2
6 15 20
16 10 30
1 16 13
8 18 11
10 20 31
17 13 5
15 9 12
15 1 17
14 7 13
17 8 9
14 16 12
0 10 19
2 18 4
7 11 27
23 24 25
23 26 27
21 22 28
21 27 30
21 26 29
22 25 31
22 24 20
23 29 30
25 28 33
24 28 8
26 32 11
31 33 4
29 32 5
93
{[25, 24, 22, 6, 1]}
{[17, 16, 15, 13, 11]}
34
6 18 3
14 9 3
6 19 5
0 1 4
3 19 32
2 12 31
0 7 2
6 15 20
16 10 26
1 16 13
8 18 11
10 20 33
17 13 5
15 9 12
15 1 17
14 7 13
17 8 9
14 16 12
0 10 19
2 18 4
7 11 29
23 24 25
23 26 27
21 22 28
21 27 30
21 26 29
22 25 8
22 24 31
23 29 30
25 28 20
24 28 33
27 32 5
31 33 4
30 32 11
94
{[25, 24, 22, 6, 1]}
{[17, 16, 15, 13, 11]}
34
6 18 3
14 9 3
6 19 5
0 1 4
3 19 26
2 12 29
0 7 2
6 15 20
16 10 32
1 16 13
8 18 11
10 20 33
17 13 5
15 9 12
15 1 17
14 7 13
17 8 9
14 16 12
0 10 19
2 18 4
7 11 31
23 24 25
23 26 27
21 22 28
21 27 30
21 26 29
22 25 4
22 24 31
23 29 30
25 28 5
24 28 33
27 32 20
31 33 8
30 32 11
95
{[25, 24, 22, 6, 1]}
{[17, 15, 14, 13, 12]}
34
6 18 3
14 9 3
6 19 5
0 1 4
3 19 33
2 12 32
0 7 2
6 15 20
16 10 29
1 16 13
8 18 11
10 20 31
17 13 5
15 9 12
15 1 17
14 7 13
17 8 9
14 16 12
0 10 19
2 18 4
7 11 30
23 24 25
23 26 27
21 22 28
21 27 30
21 26 29
22 25 32
22 24 31
23 29 30
25 28 8
24 28 20
27 33 11
26 33 5
31 32 4
96
{[25, 24, 22, 6, 1]}
{[17, 15, 14, 13, 12]}
34
6 18 3
14 9 3
6 19 5
0 1 4
3 19 29
2 12 30
0 7 2
6 15 20
16 10 33
1 16 13
8 18 11
10 20 31
17 13 5
15 9 12
15 1 17
14 7 13
17 8 9
14 16 12
0 10 19
2 18 4
7 11 32
23 24 25
23 26 27
21 22 28
21 27 30
21 26 29
22 25 32
22 24 31
23 29 30
25 28 4
24 28 5
27 33 11
26 33 20
31 32 8
97
{[17, 16, 15, 11, 2]}
{[5, 4, 2, 1, 0]}
34
7 15 3
19 4 5
7 16 6
0 4 21
1 3 16
1 17 6
2 12 5
0 8 2
7 18 23
20 13 10
9 15 11
19 10 18
14 6 24
14 9 22
13 12 27
0 10 16
2 15 4
20 5 18
8 11 17
1 11 20
19 9 17
22 25 3
21 26 13
24 25 8
23 31 12
21 23 30
22 28 32
29 32 14
26 29 30
27 28 31
25 28 33
24 29 33
26 27 33
30 31 32
98
{[17, 16, 15, 11, 2]}
{[6, 3, 2, 1, 0]}
34
7 15 3
19 4 5
7 16 6
0 4 22
1 3 16
1 17 6
2 12 5
0 8 2
7 18 26
20 13 10
9 15 11
19 10 18
14 6 23
14 9 25
13 12 21
0 10 16
2 15 4
20 5 18
8 11 17
1 11 20
19 9 17
22 24 14
21 27 3
24 25 12
21 23 31
23 30 13
28 32 8
22 29 32
26 29 30
27 28 31
25 28 33
24 29 33
26 27 33
30 31 32
99
{[17, 16, 15, 11, 2]}
{[8, 7, 4, 2, 0]}
34
7 15 3
19 4 5
7 16 6
0 4 25
1 3 16
1 17 6
2 12 5
0 8 2
7 18 31
20 13 10
9 15 11
19 10 18
14 6 21
14 9 23
13 12 22
0 10 16
2 15 4
20 5 18
8 11 17
1 11 20
19 9 17
23 24 12
24 25 14
21 27 13
21 22 26
22 30 3
24 28 32
23 29 32
26 29 30
27 28 31
25 28 33
29 33 8
26 27 33
30 31 32
100
{[17, 16, 15, 11, 2]}
{[9, 7, 3, 2, 0]}
34
7 15 3
19 4 5
7 16 6
0 4 22
1 3 16
1 17 6
2 12 5
0 8 2
7 18 21
20 13 10
9 15 11
19 10 18
14 6 24
14 9 25
13 12 30
0 10 16
2 15 4
20 5 18
8 11 17
1 11 20
19 9 17
23 24 8
23 25 3
21 22 27
21 26 12
22 31 13
24 28 32
23 29 32
26 29 30
27 28 31
28 33 14
25 29 33
26 27 33
30 31 32
101
{[17, 16, 15, 11, 2]}
{[6, 3, 2, 1, 0]}
34
7 15 3
19 4 5
7 16 6
0 4 23
1 3 16
1 17 6
2 12 5
0 8 2
7 18 21
20 13 10
9 15 11
19 10 18
14 6 22
14 9 25
13 12 26
0 10 16
2 15 4
20 5 18
8 11 17
1 11 20
19 9 17
22 24 8
21 27 12
24 25 3
21 23 31
23 30 13
28 32 14
22 29 32
26 29 30
27 28 31
25 28 33
24 29 33
26 27 33
30 31 32
102
{[17, 16, 15, 11, 2]}
{[9, 7, 3, 2, 0]}
34
7 15 3
19 4 5
7 16 6
0 4 24
1 3 16
1 17 6
2 12 5
0 8 2
7 18 30
20 13 10
9 15 11
19 10 18
14 6 22
14 9 25
13 12 21
0 10 16
2 15 4
20 5 18
8 11 17
1 11 20
19 9 17
23 24 14
23 25 12
21 22 27
21 26 3
22 31 13
24 28 32
23 29 32
26 29 30
27 28 31
28 33 8
25 29 33
26 27 33
30 31 32
103
{[17, 16, 15, 11, 2]}
{[5, 4, 2, 1, 0]}
34
7 15 3
19 4 5
7 16 6
0 4 24
1 3 16
1 17 6
2 12 5
0 8 2
7 18 27
20 13 10
9 15 11
19 10 18
14 6 21
14 9 22
13 12 23
0 10 16
2 15 4
20 5 18
8 11 17
1 11 20
19 9 17
22 25 12
21 26 13
24 25 14
23 31 3
21 23 30
22 28 32
29 32 8
26 29 30
27 28 31
25 28 33
24 29 33
26 27 33
30 31 32
104
{[17, 16, 15, 11, 2]}
{[8, 7, 4, 2, 0]}
34
7 15 3
19 4 5
7 16 6
0 4 21
1 3 16
1 17 6
2 12 5
0 8 2
7 18 22
20 13 10
9 15 11
19 10 18
14 6 25
14 9 23
13 12 31
0 10 16
2 15 4
20 5 18
8 11 17
1 11 20
19 9 17
23 24 3
24 25 8
21 27 13
21 22 26
22 30 12
24 28 32
23 29 32
26 29 30
27 28 31
25 28 33
29 33 14
26 27 33
30 31 32
105
{[17, 16, 15, 11, 2]}
{[16, 13, 12, 11, 10]}
34
7 15 3
19 4 5
7 16 6
0 4 27
1 3 16
1 17 6
2 12 5
0 8 2
7 18 31
20 13 10
9 15 11
19 10 18
14 6 33
14 9 32
13 12 26
0 10 16
2 15 4
20 5 18
8 11 17
1 11 20
19 9 17
23 24 25
23 26 27
21 22 28
21 27 30
21 26 29
22 25 14
22 24 3
23 29 30
25 28 32
24 28 31
30 33 8
29 33 13
31 32 12
106
{[17, 16, 15, 11, 2]}
{[17, 16, 14, 12, 10]}
34
7 15 3
19 4 5
7 16 6
0 4 30
1 3 16
1 17 6
2 12 5
0 8 2
7 18 33
20 13 10
9 15 11
19 10 18
14 6 32
14 9 31
13 12 27
0 10 16
2 15 4
20 5 18
8 11 17
1 11 20
19 9 17
23 24 25
23 26 27
21 22 28
21 27 30
21 26 29
22 25 31
22 24 14
23 29 30
25 28 33
24 28 3
26 32 13
31 33 12
29 32 8
107
{[17, 16, 15, 11, 2]}
{[16, 13, 12, 11, 10]}
34
7 15 3
19 4 5
7 16 6
0 4 33
1 3 16
1 17 6
2 12 5
0 8 2
7 18 26
20 13 10
9 15 11
19 10 18
14 6 27
14 9 32
13 12 31
0 10 16
2 15 4
20 5 18
8 11 17
1 11 20
19 9 17
23 24 25
23 26 27
21 22 28
21 27 30
21 26 29
22 25 8
22 24 12
23 29 30
25 28 32
24 28 31
30 33 14
29 33 13
31 32 3
108
{[17, 16, 15, 11, 2]}
{[17, 16, 14, 12, 10]}
34
7 15 3
19 4 5
7 16 6
0 4 32
1 3 16
1 17 6
2 12 5
0 8 2
7 18 27
20 13 10
9 15 11
19 10 18
14 6 30
14 9 31
13 12 33
0 10 16
2 15 4
20 5 18
8 11 17
1 11 20
19 9 17
23 24 25
23 26 27
21 22 28
21 27 30
21 26 29
22 25 31
22 24 8
23 29 30
25 28 33
24 28 12
26 32 13
31 33 3
29 32 14
109
{[17, 16, 15, 11, 2]}
{[17, 16, 15, 13, 11]}
34
7 15 3
19 4 5
7 16 6
0 4 32
1 3 16
1 17 6
2 12 5
0 8 2
7 18 29
20 13 10
9 15 11
19 10 18
14 6 26
14 9 33
13 12 31
0 10 16
2 15 4
20 5 18
8 11 17
1 11 20
19 9 17
23 24 25
23 26 27
21 22 28
21 27 30
21 26 29
22 25 12
22 24 31
23 29 30
25 28 8
24 28 33
27 32 14
31 33 3
30 32 13
110
{[17, 16, 15, 11, 2]}
{[17, 16, 15, 13, 11]}
34
7 15 3
19 4 5
7 16 6
0 4 26
1 3 16
1 17 6
2 12 5
0 8 2
7 18 31
20 13 10
9 15 11
19 10 18
14 6 32
14 9 33
13 12 29
0 10 16
2 15 4
20 5 18
8 11 17
1 11 20
19 9 17
23 24 25
23 26 27
21 22 28
21 27 30
21 26 29
22 25 3
22 24 31
23 29 30
25 28 14
24 28 33
27 32 8
31 33 12
30 32 13
111
{[17, 16, 15, 11, 2]}
{[17, 15, 14, 13, 12]}
34
7 15 3
19 4 5
7 16 6
0 4 33
1 3 16
1 17 6
2 12 5
0 8 2
7 18 30
20 13 10
9 15 11
19 10 18
14 6 29
14 9 31
13 12 32
0 10 16
2 15 4
20 5 18
8 11 17
1 11 20
19 9 17
23 24 25
23 26 27
21 22 28
21 27 30
21 26 29
22 25 32
22 24 31
23 29 30
25 28 12
24 28 8
27 33 13
26 33 14
31 32 3
112
{[17, 16, 15, 11, 2]}
{[17, 15, 14, 13, 12]}
34
7 15 3
19 4 5
7 16 6
0 4 29
1 3 16
1 17 6
2 12 5
0 8 2
7 18 32
20 13 10
9 15 11
19 10 18
14 6 33
14 9 31
13 12 30
0 10 16
2 15 4
20 5 18
8 11 17
1 11 20
19 9 17
23 24 25
23 26 27
21 22 28
21 27 30
21 26 29
22 25 32
22 24 31
23 29 30
25 28 3
24 28 14
27 33 13
26 33 8
31 32 12
113
{[19, 18, 16, 11, 2]}
{[5, 4, 2, 1, 0]}
34
7 15 3
19 4 5
7 16 6
0 4 23
1 3 16
1 17 6
2 12 5
0 8 2
7 14 18
20 10 21
9 15 11
19 10 18
13 6 22
14 12 27
8 13 24
0 10 16
2 15 4
20 5 18
8 11 17
1 11 20
19 9 17
22 25 9
21 26 12
24 25 3
23 31 14
21 23 30
22 28 32
29 32 13
26 29 30
27 28 31
25 28 33
24 29 33
26 27 33
30 31 32
114
{[19, 18, 16, 11, 2]}
{[6, 3, 2, 1, 0]}
34
7 15 3
19 4 5
7 16 6
0 4 26
1 3 16
1 17 6
2 12 5
0 8 2
7 14 18
20 10 22
9 15 11
19 10 18
13 6 25
14 12 21
8 13 23
0 10 16
2 15 4
20 5 18
8 11 17
1 11 20
19 9 17
22 24 13
21 27 9
24 25 14
21 23 31
23 30 12
28 32 3
22 29 32
26 29 30
27 28 31
25 28 33
24 29 33
26 27 33
30 31 32
115
{[19, 18, 16, 11, 2]}
{[8, 7, 4, 2, 0]}
34
7 15 3
19 4 5
7 16 6
0 4 31
1 3 16
1 17 6
2 12 5
0 8 2
7 14 18
20 10 25
9 15 11
19 10 18
13 6 23
14 12 22
8 13 21
0 10 16
2 15 4
20 5 18
8 11 17
1 11 20
19 9 17
23 24 14
24 25 13
21 27 12
21 22 26
22 30 9
24 28 32
23 29 32
26 29 30
27 28 31
25 28 33
29 33 3
26 27 33
30 31 32
116
{[19, 18, 16, 11, 2]}
{[9, 7, 3, 2, 0]}
34
7 15 3
19 4 5
7 16 6
0 4 21
1 3 16
1 17 6
2 12 5
0 8 2
7 14 18
20 10 22
9 15 11
19 10 18
13 6 25
14 12 30
8 13 24
0 10 16
2 15 4
20 5 18
8 11 17
1 11 20
19 9 17
23 24 3
23 25 9
21 22 27
21 26 14
22 31 12
24 28 32
23 29 32
26 29 30
27 28 31
28 33 13
25 29 33
26 27 33
30 31 32
117
{[19, 18, 16, 11, 2]}
{[6, 3, 2, 1, 0]}
34
7 15 3
19 4 5
7 16 6
0 4 21
1 3 16
1 17 6
2 12 5
0 8 2
7 14 18
20 10 23
9 15 11
19 10 18
13 6 25
14 12 26
8 13 22
0 10 16
2 15 4
20 5 18
8 11 17
1 11 20
19 9 17
22 24 3
21 27 14
24 25 9
21 23 31
23 30 12
28 32 13
22 29 32
26 29 30
27 28 31
25 28 33
24 29 33
26 27 33
30 31 32
118
{[19, 18, 16, 11, 2]}
{[9, 7, 3, 2, 0]}
34
7 15 3
19 4 5
7 16 6
0 4 30
1 3 16
1 17 6
2 12 5
0 8 2
7 14 18
20 10 24
9 15 11
19 10 18
13 6 25
14 12 21
8 13 22
0 10 16
2 15 4
20 5 18
8 11 17
1 11 20
19 9 17
23 24 13
23 25 14
21 22 27
21 26 9
22 31 12
24 28 32
23 29 32
26 29 30
27 28 31
28 33 3
25 29 33
26 27 33
30 31 32
119
{[19, 18, 16, 11, 2]}
{[5, 4, 2, 1, 0]}
34
7 15 3
19 4 5
7 16 6
0 4 27
1 3 16
1 17 6
2 12 5
0 8 2
7 14 18
20 10 24
9 15 11
19 10 18
13 6 22
14 12 23
8 13 21
0 10 16
2 15 4
20 5 18
8 11 17
1 11 20
19 9 17
22 25 14
21 26 12
24 25 13
23 31 9
21 23 30
22 28 32
29 32 3
26 29 30
27 28 31
25 28 33
24 29 33
26 27 33
30 31 32
120
{[19, 18, 16, 11, 2]}
{[8, 7, 4, 2, 0]}
34
7 15 3
19 4 5
7 16 6
0 4 22
1 3 16
1 17 6
2 12 5
0 8 2
7 14 18
20 10 21
9 15 11
19 10 18
13 6 23
14 12 31
8 13 25
0 10 16
2 15 4
20 5 18
8 11 17
1 11 20
19 9 17
23 24 9
24 25 3
21 27 12
21 22 26
22 30 14
24 28 32
23 29 32
26 29 30
27 28 31
25 28 33
29 33 13
26 27 33
30 31 32
121
{[19, 18, 16, 11, 2]}
{[16, 13, 12, 11, 10]}
34
7 15 3
19 4 5
7 16 6
0 4 31
1 3 16
1 17 6
2 12 5
0 8 2
7 14 18
20 10 27
9 15 11
19 10 18
13 6 32
14 12 26
8 13 33
0 10 16
2 15 4
20 5 18
8 11 17
1 11 20
19 9 17
23 24 25
23 26 27
21 22 28
21 27 30
21 26 29
22 25 13
22 24 9
23 29 30
25 28 32
24 28 31
30 33 3
29 33 12
31 32 14
122
{[19, 18, 16, 11, 2]}
{[17, 16, 14, 12, 10]}
34
7 15 3
19 4 5
7 16 6
0 4 33
1 3 16
1 17 6
2 12 5
0 8 2
7 14 18
20 10 30
9 15 11
19 10 18
13 6 31
14 12 27
8 13 32
0 10 16
2 15 4
20 5 18
8 11 17
1 11 20
19 9 17
23 24 25
23 26 27
21 22 28
21 27 30
21 26 29
22 25 31
22 24 13
23 29 30
25 28 33
24 28 9
26 32 12
31 33 14
29 32 3
123
{[19, 18, 16, 11, 2]}
{[16, 13, 12, 11, 10]}
34
7 15 3
19 4 5
7 16 6
0 4 26
1 3 16
1 17 6
2 12 5
0 8 2
7 14 18
20 10 33
9 15 11
19 10 18
13 6 32
14 12 31
8 13 27
0 10 16
2 15 4
20 5 18
8 11 17
1 11 20
19 9 17
23 24 25
23 26 27
21 22 28
21 27 30
21 26 29
22 25 3
22 24 14
23 29 30
25 28 32
24 28 31
30 33 13
29 33 12
31 32 9
124
{[19, 18, 16, 11, 2]}
{[17, 16, 14, 12, 10]}
34
7 15 3
19 4 5
7 16 6
0 4 27
1 3 16
1 17 6
2 12 5
0 8 2
7 14 18
20 10 32
9 15 11
19 10 18
13 6 31
14 12 33
8 13 30
0 10 16
2 15 4
20 5 18
8 11 17
1 11 20
19 9 17
23 24 25
23 26 27
21 22 28
21 27 30
21 26 29
22 25 31
22 24 3
23 29 30
25 28 33
24 28 14
26 32 12
31 33 9
29 32 13
125
{[19, 18, 16, 11, 2]}
{[17, 16, 15, 13, 11]}
34
7 15 3
19 4 5
7 16 6
0 4 29
1 3 16
1 17 6
2 12 5
0 8 2
7 14 18
20 10 32
9 15 11
19 10 18
13 6 33
14 12 31
8 13 26
0 10 16
2 15 4
20 5 18
8 11 17
1 11 20
19 9 17
23 24 25
23 26 27
21 22 28
21 27 30
21 26 29
22 25 14
22 24 31
23 29 30
25 28 3
24 28 33
27 32 13
31 33 9
30 32 12
126
{[19, 18, 16, 11, 2]}
{[17, 16, 15, 13, 11]}
34
7 15 3
19 4 5
7 16 6
0 4 31
1 3 16
1 17 6
2 12 5
0 8 2
7 14 18
20 10 26
9 15 11
19 10 18
13 6 33
14 12 29
8 13 32
0 10 16
2 15 4
20 5 18
8 11 17
1 11 20
19 9 17
23 24 25
23 26 27
21 22 28
21 27 30
21 26 29
22 25 9
22 24 31
23 29 30
25 28 13
24 28 33
27 32 3
31 33 14
30 32 12
127
{[19, 18, 16, 11, 2]}
{[17, 15, 14, 13, 12]}
34
7 15 3
19 4 5
7 16 6
0 4 30
1 3 16
1 17 6
2 12 5
0 8 2
7 14 18
20 10 33
9 15 11
19 10 18
13 6 31
14 12 32
8 13 29
0 10 16
2 15 4
20 5 18
8 11 17
1 11 20
19 9 17
23 24 25
23 26 27
21 22 28
21 27 30
21 26 29
22 25 32
22 24 31
23 29 30
25 28 14
24 28 3
27 33 12
26 33 13
31 32 9
128
{[19, 18, 16, 11, 2]}
{[17, 15, 14, 13, 12]}
34
7 15 3
19 4 5
7 16 6
0 4 32
1 3 16
1 17 6
2 12 5
0 8 2
7 14 18
20 10 29
9 15 11
19 10 18
13 6 31
14 12 30
8 13 33
0 10 16
2 15 4
20 5 18
8 11 17
1 11 20
19 9 17
23 24 25
23 26 27
21 22 28
21 27 30
21 26 29
22 25 32
22 24 31
23 29 30
25 28 9
24 28 13
27 33 12
26 33 3
31 32 14
129
{[17, 16, 15, 11, 2]}
{[5, 4, 2, 1, 0]}
34
7 15 3
19 4 5
7 16 6
0 4 24
1 3 16
1 17 6
2 12 5
0 8 2
7 18 27
20 13 10
9 15 11
19 10 18
14 6 21
14 9 22
13 12 23
0 10 16
2 15 4
20 5 18
8 11 17
1 11 20
19 9 17
22 25 12
21 26 13
24 25 14
23 31 3
21 23 30
22 28 32
29 32 8
26 29 30
27 28 31
25 28 33
24 29 33
26 27 33
30 31 32
130
{[17, 16, 15, 11, 2]}
{[6, 3, 2, 1, 0]}
34
7 15 3
19 4 5
7 16 6
0 4 23
1 3 16
1 17 6
2 12 5
0 8 2
7 18 21
20 13 10
9 15 11
19 10 18
14 6 22
14 9 25
13 12 26
0 10 16
2 15 4
20 5 18
8 11 17
1 11 20
19 9 17
22 24 8
21 27 12
24 25 3
21 23 31
23 30 13
28 32 14
22 29 32
26 29 30
27 28 31
25 28 33
24 29 33
26 27 33
30 31 32
131
{[17, 16, 15, 11, 2]}
{[8, 7, 4, 2, 0]}
34
7 15 3
19 4 5
7 16 6
0 4 21
1 3 16
1 17 6
2 12 5
0 8 2
7 18 22
20 13 10
9 15 11
19 10 18
14 6 25
14 9 23
13 12 31
0 10 16
2 15 4
20 5 18
8 11 17
1 11 20
19 9 17
23 24 3
24 25 8
21 27 13
21 22 26
22 30 12
24 28 32
23 29 32
26 29 30
27 28 31
25 28 33
29 33 14
26 27 33
30 31 32
132
{[17, 16, 15, 11, 2]}
{[9, 7, 3, 2, 0]}
34
7 15 3
19 4 5
7 16 6
0 4 24
1 3 16
1 17 6
2 12 5
0 8 2
7 18 30
20 13 10
9 15 11
19 10 18
14 6 22
14 9 25
13 12 21
0 10 16
2 15 4
20 5 18
8 11 17
1 11 20
19 9 17
23 24 14
23 25 12
21 22 27
21 26 3
22 31 13
24 28 32
23 29 32
26 29 30
27 28 31
28 33 8
25 29 33
26 27 33
30 31 32
133
{[17, 16, 15, 11, 2]}
{[6, 3, 2, 1, 0]}
34
7 15 3
19 4 5
7 16 6
0 4 22
1 3 16
1 17 6
2 12 5
0 8 2
7 18 26
20 13 10
9 15 11
19 10 18
14 6 23
14 9 25
13 12 21
0 10 16
2 15 4
20 5 18
8 11 17
1 11 20
19 9 17
22 24 14
21 27 3
24 25 12
21 23 31
23 30 13
28 32 8
22 29 32
26 29 30
27 28 31
25 28 33
24 29 33
26 27 33
30 31 32
134
{[17, 16, 15, 11, 2]}
{[9, 7, 3, 2, 0]}
34
7 15 3
19 4 5
7 16 6
0 4 22
1 3 16
1 17 6
2 12 5
0 8 2
7 18 21
20 13 10
9 15 11
19 10 18
14 6 24
14 9 25
13 12 30
0 10 16
2 15 4
20 5 18
8 11 17
1 11 20
19 9 17
23 24 8
23 25 3
21 22 27
21 26 12
22 31 13
24 28 32
23 29 32
26 29 30
27 28 31
28 33 14
25 29 33
26 27 33
30 31 32
135
{[17, 16, 15, 11, 2]}
{[5, 4, 2, 1, 0]}
34
7 15 3
19 4 5
7 16 6
0 4 21
1 3 16
1 17 6
2 12 5
0 8 2
7 18 23
20 13 10
9 15 11
19 10 18
14 6 24
14 9 22
13 12 27
0 10 16
2 15 4
20 5 18
8 11 17
1 11 20
19 9 17
22 25 3
21 26 13
24 25 8
23 31 12
21 23 30
22 28 32
29 32 14
26 29 30
27 28 31
25 28 33
24 29 33
26 27 33
30 31 32
136
{[17, 16, 15, 11, 2]}
{[8, 7, 4, 2, 0]}
34
7 15 3
19 4 5
7 16 6
0 4 25
1 3 16
1 17 6
2 12 5
0 8 2
7 18 31
20 13 10
9 15 11
19 10 18
14 6 21
14 9 23
13 12 22
0 10 16
2 15 4
20 5 18
8 11 17
1 11 20
19 9 17
23 24 12
24 25 14
21 27 13
21 22 26
22 30 3
24 28 32
23 29 32
26 29 30
27 28 31
25 28 33
29 33 8
26 27 33
30 31 32
137
{[17, 16, 15, 11, 2]}
{[16, 13, 12, 11, 10]}
34
7 15 3
19 4 5
7 16 6
0 4 33
1 3 16
1 17 6
2 12 5
0 8 2
7 18 26
20 13 10
9 15 11
19 10 18
14 6 27
14 9 32
13 12 31
0 10 16
2 15 4
20 5 18
8 11 17
1 11 20
19 9 17
23 24 25
23 26 27
21 22 28
21 27 30
21 26 29
22 25 8
22 24 12
23 29 30
25 28 32
24 28 31
30 33 14
29 33 13
31 32 3
138
{[17, 16, 15, 11, 2]}
{[17, 16, 14, 12, 10]}
34
7 15 3
19 4 5
7 16 6
0 4 32
1 3 16
1 17 6
2 12 5
0 8 2
7 18 27
20 13 10
9 15 11
19 10 18
14 6 30
14 9 31
13 12 33
0 10 16
2 15 4
20 5 18
8 11 17
1 11 20
19 9 17
23 24 25
23 26 27
21 22 28
21 27 30
21 26 29
22 25 31
22 24 8
23 29 30
25 28 33
24 28 12
26 32 13
31 33 3
29 32 14
139
{[17, 16, 15, 11, 2]}
{[16, 13, 12, 11, 10]}
34
7 15 3
19 4 5
7 16 6
0 4 27
1 3 16
1 17 6
2 12 5
0 8 2
7 18 31
20 13 10
9 15 11
19 10 18
14 6 33
14 9 32
13 12 26
0 10 16
2 15 4
20 5 18
8 11 17
1 11 20
19 9 17
23 24 25
23 26 27
21 22 28
21 27 30
21 26 29
22 25 14
22 24 3
23 29 30
25 28 32
24 28 31
30 33 8
29 33 13
31 32 12
140
{[17, 16, 15, 11, 2]}
{[17, 16, 14, 12, 10]}
34
7 15 3
19 4 5
7 16 6
0 4 30
1 3 16
1 17 6
2 12 5
0 8 2
7 18 33
20 13 10
9 15 11
19 10 18
14 6 32
14 9 31
13 12 27
0 10 16
2 15 4
20 5 18
8 11 17
1 11 20
19 9 17
23 24 25
23 26 27
21 22 28
21 27 30
21 26 29
22 25 31
22 24 14
23 29 30
25 28 33
24 28 3
26 32 13
31 33 12
29 32 8
141
{[17, 16, 15, 11, 2]}
{[17, 16, 15, 13, 11]}
34
7 15 3
19 4 5
7 16 6
0 4 26
1 3 16
1 17 6
2 12 5
0 8 2
7 18 31
20 13 10
9 15 11
19 10 18
14 6 32
14 9 33
13 12 29
0 10 16
2 15 4
20 5 18
8 11 17
1 11 20
19 9 17
23 24 25
23 26 27
21 22 28
21 27 30
21 26 29
22 25 3
22 24 31
23 29 30
25 28 14
24 28 33
27 32 8
31 33 12
30 32 13
142
{[17, 16, 15, 11, 2]}
{[17, 16, 15, 13, 11]}
34
7 15 3
19 4 5
7 16 6
0 4 32
1 3 16
1 17 6
2 12 5
0 8 2
7 18 29
20 13 10
9 15 11
19 10 18
14 6 26
14 9 33
13 12 31
0 10 16
2 15 4
20 5 18
8 11 17
1 11 20
19 9 17
23 24 25
23 26 27
21 22 28
21 27 30
21 26 29
22 25 12
22 24 31
23 29 30
25 28 8
24 28 33
27 32 14
31 33 3
30 32 13
143
{[17, 16, 15, 11, 2]}
{[17, 15, 14, 13, 12]}
34
7 15 3
19 4 5
7 16 6
0 4 29
1 3 16
1 17 6
2 12 5
0 8 2
7 18 32
20 13 10
9 15 11
19 10 18
14 6 33
14 9 31
13 12 30
0 10 16
2 15 4
20 5 18
8 11 17
1 11 20
19 9 17
23 24 25
23 26 27
21 22 28
21 27 30
21 26 29
22 25 32
22 24 31
23 29 30
25 28 3
24 28 14
27 33 13
26 33 8
31 32 12
144
{[17, 16, 15, 11, 2]}
{[17, 15, 14, 13, 12]}
34
7 15 3
19 4 5
7 16 6
0 4 33
1 3 16
1 17 6
2 12 5
0 8 2
7 18 30
20 13 10
9 15 11
19 10 18
14 6 29
14 9 31
13 12 32
0 10 16
2 15 4
20 5 18
8 11 17
1 11 20
19 9 17
23 24 25
23 26 27
21 22 28
21 27 30
21 26 29
22 25 32
22 24 31
23 29 30
25 28 12
24 28 8
27 33 13
26 33 14
31 32 3
145
{[19, 18, 16, 11, 2]}
{[5, 4, 2, 1, 0]}
34
7 15 3
19 4 5
7 16 6
0 4 27
1 3 16
1 17 6
2 12 5
0 8 2
7 14 18
20 10 24
9 15 11
19 10 18
13 6 22
14 12 23
8 13 21
0 10 16
2 15 4
20 5 18
8 11 17
1 11 20
19 9 17
22 25 14
21 26 12
24 25 13
23 31 9
21 23 30
22 28 32
29 32 3
26 29 30
27 28 31
25 28 33
24 29 33
26 27 33
30 31 32
146
{[19, 18, 16, 11, 2]}
{[6, 3, 2, 1, 0]}
34
7 15 3
19 4 5
7 16 6
0 4 21
1 3 16
1 17 6
2 12 5
0 8 2
7 14 18
20 10 23
9 15 11
19 10 18
13 6 25
14 12 26
8 13 22
0 10 16
2 15 4
20 5 18
8 11 17
1 11 20
19 9 17
22 24 3
21 27 14
24 25 9
21 23 31
23 30 12
28 32 13
22 29 32
26 29 30
27 28 31
25 28 33
24 29 33
26 27 33
30 31 32
147
{[19, 18, 16, 11, 2]}
{[8, 7, 4, 2, 0]}
34
7 15 3
19 4 5
7 16 6
0 4 22
1 3 16
1 17 6
2 12 5
0 8 2
7 14 18
20 10 21
9 15 11
19 10 18
13 6 23
14 12 31
8 13 25
0 10 16
2 15 4
20 5 18
8 11 17
1 11 20
19 9 17
23 24 9
24 25 3
21 27 12
21 22 26
22 30 14
24 28 32
23 29 32
26 29 30
27 28 31
25 28 33
29 33 13
26 27 33
30 31 32
148
{[19, 18, 16, 11, 2]}
{[9, 7, 3, 2, 0]}
34
7 15 3
19 4 5
7 16 6
0 4 30
1 3 16
1 17 6
2 12 5
0 8 2
7 14 18
20 10 24
9 15 11
19 10 18
13 6 25
14 12 21
8 13 22
0 10 16
2 15 4
20 5 18
8 11 17
1 11 20
19 9 17
23 24 13
23 25 14
21 22 27
21 26 9
22 31 12
24 28 32
23 29 32
26 29 30
27 28 31
28 33 3
25 29 33
26 27 33
30 31 32
149
{[19, 18, 16, 11, 2]}
{[6, 3, 2, 1, 0]}
34
7 15 3
19 4 5
7 16 6
0 4 26
1 3 16
1 17 6
2 12 5
0 8 2
7 14 18
20 10 22
9 15 11
19 10 18
13 6 25
14 12 21
8 13 23
0 10 16
2 15 4
20 5 18
8 11 17
1 11 20
19 9 17
22 24 13
21 27 9
24 25 14
21 23 31
23 30 12
28 32 3
22 29 32
26 29 30
27 28 31
25 28 33
24 29 33
26 27 33
30 31 32
150
{[19, 18, 16, 11, 2]}
{[9, 7, 3, 2, 0]}
34
7 15 3
19 4 5
7 16 6
0 4 21
1 3 16
1 17 6
2 12 5
0 8 2
7 14 18
20 10 22
9 15 11
19 10 18
13 6 25
14 12 30
8 13 24
0 10 16
2 15 4
20 5 18
8 11 17
1 11 20
19 9 17
23 24 3
23 25 9
21 22 27
21 26 14
22 31 12
24 28 32
23 29 32
26 29 30
27 28 31
28 33 13
25 29 33
26 27 33
30 31 32
151
{[19, 18, 16, 11, 2]}
{[5, 4, 2, 1, 0]}
34
7 15 3
19 4 5
7 16 6
0 4 23
1 3 16
1 17 6
2 12 5
0 8 2
7 14 18
20 10 21
9 15 11
19 10 18
13 6 22
14 12 27
8 13 24
0 10 16
2 15 4
20 5 18
8 11 17
1 11 20
19 9 17
22 25 9
21 26 12
24 25 3
23 31 14
21 23 30
22 28 32
29 32 13
26 29 30
27 28 31
25 28 33
24 29 33
26 27 33
30 31 32
152
{[19, 18, 16, 11, 2]}
{[8, 7, 4, 2, 0]}
34
7 15 3
19 4 5
7 16 6
0 4 31
1 3 16
1 17 6
2 12 5
0 8 2
7 14 18
20 10 25
9 15 11
19 10 18
13 6 23
14 12 22
8 13 21
0 10 16
2 15 4
20 5 18
8 11 17
1 11 20
19 9 17
23 24 14
24 25 13
21 27 12
21 22 26
22 30 9
24 28 32
23 29 32
26 29 30
27 28 31
25 28 33
29 33 3
26 27 33
30 31 32
153
{[19, 18, 16, 11, 2]}
{[16, 13, 12, 11, 10]}
34
7 15 3
19 4 5
7 16 6
0 4 26
1 3 16
1 17 6
2 12 5
0 8 2
7 14 18
20 10 33
9 15 11
19 10 18
13 6 32
14 12 31
8 13 27
0 10 16
2 15 4
20 5 18
8 11 17
1 11 20
19 9 17
23 24 25
23 26 27
21 22 28
21 27 30
21 26 29
22 25 3
22 24 14
23 29 30
25 28 32
24 28 31
30 33 13
29 33 12
31 32 9
154
{[19, 18, 16, 11, 2]}
{[17, 16, 14, 12, 10]}
34
7 15 3
19 4 5
7 16 6
0 4 27
1 3 16
1 17 6
2 12 5
0 8 2
7 14 18
20 10 32
9 15 11
19 10 18
13 6 31
14 12 33
8 13 30
0 10 16
2 15 4
20 5 18
8 11 17
1 11 20
19 9 17
23 24 25
23 26 27
21 22 28
21 27 30
21 26 29
22 25 31
22 24 3
23 29 30
25 28 33
24 28 14
26 32 12
31 33 9
29 32 13
155
{[19, 18, 16, 11, 2]}
{[16, 13, 12, 11, 10]}
34
7 15 3
19 4 5
7 16 6
0 4 31
1 3 16
1 17 6
2 12 5
0 8 2
7 14 18
20 10 27
9 15 11
19 10 18
13 6 32
14 12 26
8 13 33
0 10 16
2 15 4
20 5 18
8 11 17
1 11 20
19 9 17
23 24 25
23 26 27
21 22 28
21 27 30
21 26 29
22 25 13
22 24 9
23 29 30
25 28 32
24 28 31
30 33 3
29 33 12
31 32 14
156
{[19, 18, 16, 11, 2]}
{[17, 16, 14, 12, 10]}
34
7 15 3
19 4 5
7 16 6
0 4 33
1 3 16
1 17 6
2 12 5
0 8 2
7 14 18
20 10 30
9 15 11
19 10 18
13 6 31
14 12 27
8 13 32
0 10 16
2 15 4
20 5 18
8 11 17
1 11 20
19 9 17
23 24 25
23 26 27
21 22 28
21 27 30
21 26 29
22 25 31
22 24 13
23 29 30
25 28 33
24 28 9
26 32 12
31 33 14
29 32 3
157
{[19, 18, 16, 11, 2]}
{[17, 16, 15, 13, 11]}
34
7 15 3
19 4 5
7 16 6
0 4 31
1 3 16
1 17 6
2 12 5
0 8 2
7 14 18
20 10 26
9 15 11
19 10 18
13 6 33
14 12 29
8 13 32
0 10 16
2 15 4
20 5 18
8 11 17
1 11 20
19 9 17
23 24 25
23 26 27
21 22 28
21 27 30
21 26 29
22 25 9
22 24 31
23 29 30
25 28 13
24 28 33
27 32 3
31 33 14
30 32 12
158
{[19, 18, 16, 11, 2]}
{[17, 16, 15, 13, 11]}
34
7 15 3
19 4 5
7 16 6
0 4 29
1 3 16
1 17 6
2 12 5
0 8 2
7 14 18
20 10 32
9 15 11
19 10 18
13 6 33
14 12 31
8 13 26
0 10 16
2 15 4
20 5 18
8 11 17
1 11 20
19 9 17
23 24 25
23 26 27
21 22 28
21 27 30
21 26 29
22 25 14
22 24 31
23 29 30
25 28 3
24 28 33
27 32 13
31 33 9
30 32 12
159
{[19, 18, 16, 11, 2]}
{[17, 15, 14, 13, 12]}
34
7 15 3
19 4 5
7 16 6
0 4 32
1 3 16
1 17 6
2 12 5
0 8 2
7 14 18
20 10 29
9 15 11
19 10 18
13 6 31
14 12 30
8 13 33
0 10 16
2 15 4
20 5 18
8 11 17
1 11 20
19 9 17
23 24 25
23 26 27
21 22 28
21 27 30
21 26 29
22 25 32
22 24 31
23 29 30
25 28 9
24 28 13
27 33 12
26 33 3
31 32 14
160
{[19, 18, 16, 11, 2]}
{[17, 15, 14, 13, 12]}
34
7 15 3
19 4 5
7 16 6
0 4 30
1 3 16
1 17 6
2 12 5
0 8 2
7 14 18
20 10 33
9 15 11
19 10 18
13 6 31
14 12 32
8 13 29
0 10 16
2 15 4
20 5 18
8 11 17
1 11 20
19 9 17
23 24 25
23 26 27
21 22 28
21 27 30
21 26 29
22 25 32
22 24 31
23 29 30
25 28 14
24 28 3
27 33 12
26 33 13
31 32 9
161
{[25, 24, 13, 12, 10]}
{[5, 4, 2, 1, 0]}
34
8 17 4
5 6 21
13 10 4
8 18 7
0 2 5
1 4 18
1 19 7
3 11 6
0 9 3
8 14 20
2 15 12
16 12 7
14 10 11
14 2 16
13 9 12
16 10 24
13 15 11
0 18 23
3 17 5
6 20 22
9 19 27
22 25 1
21 26 19
24 25 17
23 31 15
21 23 30
22 28 32
29 32 20
26 29 30
27 28 31
25 28 33
24 29 33
26 27 33
30 31 32
162
{[25, 24, 13, 12, 10]}
{[6, 3, 2, 1, 0]}
34
8 17 4
5 6 22
13 10 4
8 18 7
0 2 5
1 4 18
1 19 7
3 11 6
0 9 3
8 14 20
2 15 12
16 12 7
14 10 11
14 2 16
13 9 12
16 10 23
13 15 11
0 18 26
3 17 5
6 20 25
9 19 21
22 24 20
21 27 1
24 25 15
21 23 31
23 30 19
28 32 17
22 29 32
26 29 30
27 28 31
25 28 33
24 29 33
26 27 33
30 31 32
163
{[25, 24, 13, 12, 10]}
{[8, 7, 4, 2, 0]}
34
8 17 4
5 6 25
13 10 4
8 18 7
0 2 5
1 4 18
1 19 7
3 11 6
0 9 3
8 14 20
2 15 12
16 12 7
14 10 11
14 2 16
13 9 12
16 10 21
13 15 11
0 18 31
3 17 5
6 20 23
9 19 22
23 24 15
24 25 20
21 27 19
21 22 26
22 30 1
24 28 32
23 29 32
26 29 30
27 28 31
25 28 33
29 33 17
26 27 33
30 31 32
164
{[25, 24, 13, 12, 10]}
{[9, 7, 3, 2, 0]}
34
8 17 4
5 6 22
13 10 4
8 18 7
0 2 5
1 4 18
1 19 7
3 11 6
0 9 3
8 14 20
2 15 12
16 12 7
14 10 11
14 2 16
13 9 12
16 10 24
13 15 11
0 18 21
3 17 5
6 20 25
9 19 30
23 24 17
23 25 1
21 22 27
21 26 15
22 31 19
24 28 32
23 29 32
26 29 30
27 28 31
28 33 20
25 29 33
26 27 33
30 31 32
165
{[25, 24, 13, 12, 10]}
{[6, 3, 2, 1, 0]}
34
8 17 4
5 6 23
13 10 4
8 18 7
0 2 5
1 4 18
1 19 7
3 11 6
0 9 3
8 14 20
2 15 12
16 12 7
14 10 11
14 2 16
13 9 12
16 10 22
13 15 11
0 18 21
3 17 5
6 20 25
9 19 26
22 24 17
21 27 15
24 25 1
21 23 31
23 30 19
28 32 20
22 29 32
26 29 30
27 28 31
25 28 33
24 29 33
26 27 33
30 31 32
166
{[25, 24, 13, 12, 10]}
{[9, 7, 3, 2, 0]}
34
8 17 4
5 6 24
13 10 4
8 18 7
0 2 5
1 4 18
1 19 7
3 11 6
0 9 3
8 14 20
2 15 12
16 12 7
14 10 11
14 2 16
13 9 12
16 10 22
13 15 11
0 18 30
3 17 5
6 20 25
9 19 21
23 24 20
23 25 15
21 22 27
21 26 1
22 31 19
24 28 32
23 29 32
26 29 30
27 28 31
28 33 17
25 29 33
26 27 33
30 31 32
167
{[25, 24, 13, 12, 10]}
{[5, 4, 2, 1, 0]}
34
8 17 4
5 6 24
13 10 4
8 18 7
0 2 5
1 4 18
1 19 7
3 11 6
0 9 3
8 14 20
2 15 12
16 12 7
14 10 11
14 2 16
13 9 12
16 10 21
13 15 11
0 18 27
3 17 5
6 20 22
9 19 23
22 25 15
21 26 19
24 25 20
23 31 1
21 23 30
22 28 32
29 32 17
26 29 30
27 28 31
25 28 33
24 29 33
26 27 33
30 31 32
168
{[25, 24, 13, 12, 10]}
{[8, 7, 4, 2, 0]}
34
8 17 4
5 6 21
13 10 4
8 18 7
0 2 5
1 4 18
1 19 7
3 11 6
0 9 3
8 14 20
2 15 12
16 12 7
14 10 11
14 2 16
13 9 12
16 10 25
13 15 11
0 18 22
3 17 5
6 20 23
9 19 31
23 24 1
24 25 17
21 27 19
21 22 26
22 30 15
24 28 32
23 29 32
26 29 30
27 28 31
25 28 33
29 33 20
26 27 33
30 31 32
169
{[25, 24, 13, 12, 10]}
{[16, 13, 12, 11, 10]}
34
8 17 4
5 6 27
13 10 4
8 18 7
0 2 5
1 4 18
1 19 7
3 11 6
0 9 3
8 14 20
2 15 12
16 12 7
14 10 11
14 2 16
13 9 12
16 10 33
13 15 11
0 18 31
3 17 5
6 20 32
9 19 26
23 24 25
23 26 27
21 22 28
21 27 30
21 26 29
22 25 20
22 24 1
23 29 30
25 28 32
24 28 31
30 33 17
29 33 19
31 32 15
170
{[25, 24, 13, 12, 10]}
{[17, 16, 14, 12, 10]}
34
8 17 4
5 6 30
13 10 4
8 18 7
0 2 5
1 4 18
1 19 7
3 11 6
0 9 3
8 14 20
2 15 12
16 12 7
14 10 11
14 2 16
13 9 12
16 10 32
13 15 11
0 18 33
3 17 5
6 20 31
9 19 27
23 24 25
23 26 27
21 22 28
21 27 30
21 26 29
22 25 31
22 24 20
23 29 30
25 28 33
24 28 1
26 32 19
31 33 15
29 32 17
171
{[25, 24, 13, 12, 10]}
{[16, 13, 12, 11, 10]}
34
8 17 4
5 6 33
13 10 4
8 18 7
0 2 5
1 4 18
1 19 7
3 11 6
0 9 3
8 14 20
2 15 12
16 12 7
14 10 11
14 2 16
13 9 12
16 10 27
13 15 11
0 18 26
3 17 5
6 20 32
9 19 31
23 24 25
23 26 27
21 22 28
21 27 30
21 26 29
22 25 17
22 24 15
23 29 30
25 28 32
24 28 31
30 33 20
29 33 19
31 32 1
172
{[25, 24, 13, 12, 10]}
{[17, 16, 14, 12, 10]}
34
8 17 4
5 6 32
13 10 4
8 18 7
0 2 5
1 4 18
1 19 7
3 11 6
0 9 3
8 14 20
2 15 12
16 12 7
14 10 11
14 2 16
13 9 12
16 10 30
13 15 11
0 18 27
3 17 5
6 20 31
9 19 33
23 24 25
23 26 27
21 22 28
21 27 30
21 26 29
22 25 31
22 24 17
23 29 30
25 28 33
24 28 15
26 32 19
31 33 1
29 32 20
173
{[25, 24, 13, 12, 10]}
{[17, 16, 15, 13, 11]}
34
8 17 4
5 6 32
13 10 4
8 18 7
0 2 5
1 4 18
1 19 7
3 11 6
0 9 3
8 14 20
2 15 12
16 12 7
14 10 11
14 2 16
13 9 12
16 10 26
13 15 11
0 18 29
3 17 5
6 20 33
9 19 31
23 24 25
23 26 27
21 22 28
21 27 30
21 26 29
22 25 15
22 24 31
23 29 30
25 28 17
24 28 33
27 32 20
31 33 1
30 32 19
174
{[25, 24, 13, 12, 10]}
{[17, 16, 15, 13, 11]}
34
8 17 4
5 6 26
13 10 4
8 18 7
0 2 5
1 4 18
1 19 7
3 11 6
0 9 3
8 14 20
2 15 12
16 12 7
14 10 11
14 2 16
13 9 12
16 10 32
13 15 11
0 18 31
3 17 5
6 20 33
9 19 29
23 24 25
23 26 27
21 22 28
21 27 30
21 26 29
22 25 1
22 24 31
23 29 30
25 28 20
24 28 33
27 32 17
31 33 15
30 32 19
175
{[25, 24, 13, 12, 10]}
{[17, 15, 14, 13, 12]}
34
8 17 4
5 6 33
13 10 4
8 18 7
0 2 5
1 4 18
1 19 7
3 11 6
0 9 3
8 14 20
2 15 12
16 12 7
14 10 11
14 2 16
13 9 12
16 10 29
13 15 11
0 18 30
3 17 5
6 20 31
9 19 32
23 24 25
23 26 27
21 22 28
21 27 30
21 26 29
22 25 32
22 24 31
23 29 30
25 28 15
24 28 17
27 33 19
26 33 20
31 32 1
176
{[25, 24, 13, 12, 10]}
{[17, 15, 14, 13, 12]}
34
8 17 4
5 6 29
13 10 4
8 18 7
0 2 5
1 4 18
1 19 7
3 11 6
0 9 3
8 14 20
2 15 12
16 12 7
14 10 11
14 2 16
13 9 12
16 10 33
13 15 11
0 18 32
3 17 5
6 20 31
9 19 30
23 24 25
23 26 27
21 22 28
21 27 30
21 26 29
22 25 32
22 24 31
23 29 30
25 28 1
24 28 20
27 33 19
26 33 17
31 32 15
177
{[25, 24, 13, 12, 10]}
{[5, 4, 2, 1, 0]}
34
8 17 4
5 6 24
13 10 4
8 18 7
0 2 5
1 4 18
1 19 7
3 11 6
0 9 3
8 14 20
2 15 12
16 12 7
14 10 11
14 2 16
13 9 12
16 10 21
13 15 11
0 18 27
3 17 5
6 20 22
9 19 23
22 25 15
21 26 19
24 25 20
23 31 1
21 23 30
22 28 32
29 32 17
26 29 30
27 28 31
25 28 33
24 29 33
26 27 33
30 31 32
178
{[25, 24, 13, 12, 10]}
{[6, 3, 2, 1, 0]}
34
8 17 4
5 6 23
13 10 4
8 18 7
0 2 5
1 4 18
1 19 7
3 11 6
0 9 3
8 14 20
2 15 12
16 12 7
14 10 11
14 2 16
13 9 12
16 10 22
13 15 11
0 18 21
3 17 5
6 20 25
9 19 26
22 24 17
21 27 15
24 25 1
21 23 31
23 30 19
28 32 20
22 29 32
26 29 30
27 28 31
25 28 33
24 29 33
26 27 33
30 31 32
179
{[25, 24, 13, 12, 10]}
{[8, 7, 4, 2, 0]}
34
8 17 4
5 6 21
13 10 4
8 18 7
0 2 5
1 4 18
1 19 7
3 11 6
0 9 3
8 14 20
2 15 12
16 12 7
14 10 11
14 2 16
13 9 12
16 10 25
13 15 11
0 18 22
3 17 5
6 20 23
9 19 31
23 24 1
24 25 17
21 27 19
21 22 26
22 30 15
24 28 32
23 29 32
26 29 30
27 28 31
25 28 33
29 33 20
26 27 33
30 31 32
180
{[25, 24, 13, 12, 10]}
{[9, 7, 3, 2, 0]}
34
8 17 4
5 6 24
13 10 4
8 18 7
0 2 5
1 4 18
1 19 7
3 11 6
0 9 3
8 14 20
2 15 12
16 12 7
14 10 11
14 2 16
13 9 12
16 10 22
13 15 11
0 18 30
3 17 5
6 20 25
9 19 21
23 24 20
23 25 15
21 22 27
21 26 1
22 31 19
24 28 32
23 29 32
26 29 30
27 28 31
28 33 17
25 29 33
26 27 33
30 31 32
181
{[25, 24, 13, 12, 10]}
{[6, 3, 2, 1, 0]}
34
8 17 4
5 6 22
13 10 4
8 18 7
0 2 5
1 4 18
1 19 7
3 11 6
0 9 3
8 14 20
2 15 12
16 12 7
14 10 11
14 2 16
13 9 12
16 10 23
13 15 11
0 18 26
3 17 5
6 20 25
9 19 21
22 24 20
21 27 1
24 25 15
21 23 31
23 30 19
28 32 17
22 29 32
26 29 30
27 28 31
25 28 33
24 29 33
26 27 33
30 31 32
182
{[25, 24, 13, 12, 10]}
{[9, 7, 3, 2, 0]}
34
8 17 4
5 6 22
13 10 4
8 18 7
0 2 5
1 4 18
1 19 7
3 11 6
0 9 3
8 14 20
2 15 12
16 12 7
14 10 11
14 2 16
13 9 12
16 10 24
13 15 11
0 18 21
3 17 5
6 20 25
9 19 30
23 24 17
23 25 1
21 22 27
21 26 15
22 31 19
24 28 32
23 29 32
26 29 30
27 28 31
28 33 20
25 29 33
26 27 33
30 31 32
183
{[25, 24, 13, 12, 10]}
{[5, 4, 2, 1, 0]}
34
8 17 4
5 6 21
13 10 4
8 18 7
0 2 5
1 4 18
1 19 7
3 11 6
0 9 3
8 14 20
2 15 12
16 12 7
14 10 11
14 2 16
13 9 12
16 10 24
13 15 11
0 18 23
3 17 5
6 20 22
9 19 27
22 25 1
21 26 19
24 25 17
23 31 15
21 23 30
22 28 32
29 32 20
26 29 30
27 28 31
25 28 33
24 29 33
26 27 33
30 31 32
184
{[25, 24, 13, 12, 10]}
{[8, 7, 4, 2, 0]}
34
8 17 4
5 6 25
13 10 4
8 18 7
0 2 5
1 4 18
1 19 7
3 11 6
0 9 3
8 14 20
2 15 12
16 12 7
14 10 11
14 2 16
13 9 12
16 10 21
13 15 11
0 18 31
3 17 5
6 20 23
9 19 22
23 24 15
24 25 20
21 27 19
21 22 26
22 30 1
24 28 32
23 29 32
26 29 30
27 28 31
25 28 33
29 33 17
26 27 33
30 31 32
185
{[25, 24, 13, 12, 10]}
{[16, 13, 12, 11, 10]}
34
8 17 4
5 6 33
13 10 4
8 18 7
0 2 5
1 4 18
1 19 7
3 11 6
0 9 3
8 14 20
2 15 12
16 12 7
14 10 11
14 2 16
13 9 12
16 10 27
13 15 11
0 18 26
3 17 5
6 20 32
9 19 31
23 24 25
23 26 27
21 22 28
21 27 30
21 26 29
22 25 17
22 24 15
23 29 30
25 28 32
24 28 31
30 33 20
29 33 19
31 32 1
186
{[25, 24, 13, 12, 10]}
{[17, 16, 14, 12, 10]}
34
8 17 4
5 6 32
13 10 4
8 18 7
0 2 5
1 4 18
1 19 7
3 11 6
0 9 3
8 14 20
2 15 12
16 12 7
14 10 11
14 2 16
13 9 12
16 10 30
13 15 11
0 18 27
3 17 5
6 20 31
9 19 33
23 24 25
23 26 27
21 22 28
21 27 30
21 26 29
22 25 31
22 24 17
23 29 30
25 28 33
24 28 15
26 32 19
31 33 1
29 32 20
187
{[25, 24, 13, 12, 10]}
{[16, 13, 12, 11, 10]}
34
8 17 4
5 6 27
13 10 4
8 18 7
0 2 5
1 4 18
1 19 7
3 11 6
0 9 3
8 14 20
2 15 12
16 12 7
14 10 11
14 2 16
13 9 12
16 10 33
13 15 11
0 18 31
3 17 5
6 20 32
9 19 26
23 24 25
23 26 27
21 22 28
21 27 30
21 26 29
22 25 20
22 24 1
23 29 30
25 28 32
24 28 31
30 33 17
29 33 19
31 32 15
188
{[25, 24, 13, 12, 10]}
{[17, 16, 14, 12, 10]}
34
8 17 4
5 6 30
13 10 4
8 18 7
0 2 5
1 4 18
1 19 7
3 11 6
0 9 3
8 14 20
2 15 12
16 12 7
14 10 11
14 2 16
13 9 12
16 10 32
13 15 11
0 18 33
3 17 5
6 20 31
9 19 27
23 24 25
23 26 27
21 22 28
21 27 30
21 26 29
22 25 31
22 24 20
23 29 30
25 28 33
24 28 1
26 32 19
31 33 15
29 32 17
189
{[25, 24, 13, 12, 10]}
{[17, 16, 15, 13, 11]}
34
8 17 4
5 6 26
13 10 4
8 18 7
0 2 5
1 4 18
1 19 7
3 11 6
0 9 3
8 14 20
2 15 12
16 12 7
14 10 11
14 2 16
13 9 12
16 10 32
13 15 11
0 18 31
3 17 5
6 20 33
9 19 29
23 24 25
23 26 27
21 22 28
21 27 30
21 26 29
22 25 1
22 24 31
23 29 30
25 28 20
24 28 33
27 32 17
31 33 15
30 32 19
190
{[25, 24, 13, 12, 10]}
{[17, 16, 15, 13, 11]}
34
8 17 4
5 6 32
13 10 4
8 18 7
0 2 5
1 4 18
1 19 7
3 11 6
0 9 3
8 14 20
2 15 12
16 12 7
14 10 11
14 2 16
13 9 12
16 10 26
13 15 11
0 18 29
3 17 5
6 20 33
9 19 31
23 24 25
23 26 27
21 22 28
21 27 30
21 26 29
22 25 15
22 24 31
23 29 30
25 28 17
24 28 33
27 32 20
31 33 1
30 32 19
191
{[25, 24, 13, 12, 10]}
{[17, 15, 14, 13, 12]}
34
8 17 4
5 6 29
13 10 4
8 18 7
0 2 5
1 4 18
1 19 7
3 11 6
0 9 3
8 14 20
2 15 12
16 12 7
14 10 11
14 2 16
13 9 12
16 10 33
13 15 11
0 18 32
3 17 5
6 20 31
9 19 30
23 24 25
23 26 27
21 22 28
21 27 30
21 26 29
22 25 32
22 24 31
23 29 30
25 28 1
24 28 20
27 33 19
26 33 17
31 32 15
192
{[25, 24, 13, 12, 10]}
{[17, 15, 14, 13, 12]}
34
8 17 4
5 6 33
13 10 4
8 18 7
0 2 5
1 4 18
1 19 7
3 11 6
0 9 3
8 14 20
2 15 12
16 12 7
14 10 11
14 2 16
13 9 12
16 10 29
13 15 11
0 18 30
3 17 5
6 20 31
9 19 32
23 24 25
23 26 27
21 22 28
21 27 30
21 26 29
22 25 32
22 24 31
23 29 30
25 28 15
24 28 17
27 33 19
26 33 20
31 32 1
193
{[19, 18, 15, 14, 11]}
{[5, 4, 2, 1, 0]}
34
8 15 4
19 5 6
13 4 21
8 16 7
0 2 5
1 4 16
1 17 7
3 6 24
0 9 3
8 14 18
20 11 27
10 15 12
19 11 18
14 2 23
13 9 22
0 11 16
3 15 5
20 6 18
9 12 17
1 12 20
19 10 17
22 25 2
21 26 14
24 25 13
23 31 7
21 23 30
22 28 32
29 32 10
26 29 30
27 28 31
25 28 33
24 29 33
26 27 33
30 31 32
194
{[19, 18, 15, 14, 11]}
{[6, 3, 2, 1, 0]}
34
8 15 4
19 5 6
13 4 22
8 16 7
0 2 5
1 4 16
1 17 7
3 6 23
0 9 3
8 14 18
20 11 21
10 15 12
19 11 18
14 2 26
13 9 25
0 11 16
3 15 5
20 6 18
9 12 17
1 12 20
19 10 17
22 24 10
21 27 2
24 25 7
21 23 31
23 30 14
28 32 13
22 29 32
26 29 30
27 28 31
25 28 33
24 29 33
26 27 33
30 31 32
195
{[19, 18, 15, 14, 11]}
{[8, 7, 4, 2, 0]}
34
8 15 4
19 5 6
13 4 25
8 16 7
0 2 5
1 4 16
1 17 7
3 6 21
0 9 3
8 14 18
20 11 22
10 15 12
19 11 18
14 2 31
13 9 23
0 11 16
3 15 5
20 6 18
9 12 17
1 12 20
19 10 17
23 24 7
24 25 10
21 27 14
21 22 26
22 30 2
24 28 32
23 29 32
26 29 30
27 28 31
25 28 33
29 33 13
26 27 33
30 31 32
196
{[19, 18, 15, 14, 11]}
{[9, 7, 3, 2, 0]}
34
8 15 4
19 5 6
13 4 22
8 16 7
0 2 5
1 4 16
1 17 7
3 6 24
0 9 3
8 14 18
20 11 30
10 15 12
19 11 18
14 2 21
13 9 25
0 11 16
3 15 5
20 6 18
9 12 17
1 12 20
19 10 17
23 24 13
23 25 2
21 22 27
21 26 7
22 31 14
24 28 32
23 29 32
26 29 30
27 28 31
28 33 10
25 29 33
26 27 33
30 31 32
197
{[19, 18, 15, 14, 11]}
{[6, 3, 2, 1, 0]}
34
8 15 4
19 5 6
13 4 23
8 16 7
0 2 5
1 4 16
1 17 7
3 6 22
0 9 3
8 14 18
20 11 26
10 15 12
19 11 18
14 2 21
13 9 25
0 11 16
3 15 5
20 6 18
9 12 17
1 12 20
19 10 17
22 24 13
21 27 7
24 25 2
21 23 31
23 30 14
28 32 10
22 29 32
26 29 30
27 28 31
25 28 33
24 29 33
26 27 33
30 31 32
198
{[19, 18, 15, 14, 11]}
{[9, 7, 3, 2, 0]}
34
8 15 4
19 5 6
13 4 24
8 16 7
0 2 5
1 4 16
1 17 7
3 6 22
0 9 3
8 14 18
20 11 21
10 15 12
19 11 18
14 2 30
13 9 25
0 11 16
3 15 5
20 6 18
9 12 17
1 12 20
19 10 17
23 24 10
23 25 7
21 22 27
21 26 2
22 31 14
24 28 32
23 29 32
26 29 30
27 28 31
28 33 13
25 29 33
26 27 33
30 31 32
199
{[19, 18, 15, 14, 11]}
{[5, 4, 2, 1, 0]}
34
8 15 4
19 5 6
13 4 24
8 16 7
0 2 5
1 4 16
1 17 7
3 6 21
0 9 3
8 14 18
20 11 23
10 15 12
19 11 18
14 2 27
13 9 22
0 11 16
3 15 5
20 6 18
9 12 17
1 12 20
19 10 17
22 25 7
21 26 14
24 25 10
23 31 2
21 23 30
22 28 32
29 32 13
26 29 30
27 28 31
25 28 33
24 29 33
26 27 33
30 31 32
200
{[19, 18, 15, 14, 11]}
{[8, 7, 4, 2, 0]}
34
8 15 4
19 5 6
13 4 21
8 16 7
0 2 5
1 4 16
1 17 7
3 6 25
0 9 3
8 14 18
20 11 31
10 15 12
19 11 18
14 2 22
13 9 23
0 11 16
3 15 5
20 6 18
9 12 17
1 12 20
19 10 17
23 24 2
24 25 13
21 27 14
21 22 26
22 30 7
24 28 32
23 29 32
26 29 30
27 28 31
25 28 33
29 33 10
26 27 33
30 31 32
201
{[19, 18, 15, 14, 11]}
{[16, 13, 12, 11, 10]}
34
8 15 4
19 5 6
13 4 27
8 16 7
0 2 5
1 4 16
1 17 7
3 6 33
0 9 3
8 14 18
20 11 26
10 15 12
19 11 18
14 2 31
13 9 32
0 11 16
3 15 5
20 6 18
9 12 17
1 12 20
19 10 17
23 24 25
23 26 27
21 22 28
21 27 30
21 26 29
22 25 10
22 24 2
23 29 30
25 28 32
24 28 31
30 33 13
29 33 14
31 32 7
202
{[19, 18, 15, 14, 11]}
{[17, 16, 14, 12, 10]}
34
8 15 4
19 5 6
13 4 30
8 16 7
0 2 5
1 4 16
1 17 7
3 6 32
0 9 3
8 14 18
20 11 27
10 15 12
19 11 18
14 2 33
13 9 31
0 11 16
3 15 5
20 6 18
9 12 17
1 12 20
19 10 17
23 24 25
23 26 27
21 22 28
21 27 30
21 26 29
22 25 31
22 24 10
23 29 30
25 28 33
24 28 2
26 32 14
31 33 7
29 32 13
203
{[19, 18, 15, 14, 11]}
{[16, 13, 12, 11, 10]}
34
8 15 4
19 5 6
13 4 33
8 16 7
0 2 5
1 4 16
1 17 7
3 6 27
0 9 3
8 14 18
20 11 31
10 15 12
19 11 18
14 2 26
13 9 32
0 11 16
3 15 5
20 6 18
9 12 17
1 12 20
19 10 17
23 24 25
23 26 27
21 22 28
21 27 30
21 26 29
22 25 13
22 24 7
23 29 30
25 28 32
24 28 31
30 33 10
29 33 14
31 32 2
204
{[19, 18, 15, 14, 11]}
{[17, 16, 14, 12, 10]}
34
8 15 4
19 5 6
13 4 32
8 16 7
0 2 5
1 4 16
1 17 7
3 6 30
0 9 3
8 14 18
20 11 33
10 15 12
19 11 18
14 2 27
13 9 31
0 11 16
3 15 5
20 6 18
9 12 17
1 12 20
19 10 17
23 24 25
23 26 27
21 22 28
21 27 30
21 26 29
22 25 31
22 24 13
23 29 30
25 28 33
24 28 7
26 32 14
31 33 2
29 32 10
205
{[19, 18, 15, 14, 11]}
{[17, 16, 15, 13, 11]}
34
8 15 4
19 5 6
13 4 32
8 16 7
0 2 5
1 4 16
1 17 7
3 6 26
0 9 3
8 14 18
20 11 31
10 15 12
19 11 18
14 2 29
13 9 33
0 11 16
3 15 5
20 6 18
9 12 17
1 12 20
19 10 17
23 24 25
23 26 27
21 22 28
21 27 30
21 26 29
22 25 7
22 24 31
23 29 30
25 28 13
24 28 33
27 32 10
31 33 2
30 32 14
206
{[19, 18, 15, 14, 11]}
{[17, 16, 15, 13, 11]}
34
8 15 4
19 5 6
13 4 26
8 16 7
0 2 5
1 4 16
1 17 7
3 6 32
0 9 3
8 14 18
20 11 29
10 15 12
19 11 18
14 2 31
13 9 33
0 11 16
3 15 5
20 6 18
9 12 17
1 12 20
19 10 17
23 24 25
23 26 27
21 22 28
21 27 30
21 26 29
22 25 2
22 24 31
23 29 30
25 28 10
24 28 33
27 32 13
31 33 7
30 32 14
207
{[19, 18, 15, 14, 11]}
{[17, 15, 14, 13, 12]}
34
8 15 4
19 5 6
13 4 33
8 16 7
0 2 5
1 4 16
1 17 7
3 6 29
0 9 3
8 14 18
20 11 32
10 15 12
19 11 18
14 2 30
13 9 31
0 11 16
3 15 5
20 6 18
9 12 17
1 12 20
19 10 17
23 24 25
23 26 27
21 22 28
21 27 30
21 26 29
22 25 32
22 24 31
23 29 30
25 28 7
24 28 13
27 33 14
26 33 10
31 32 2
208
{[19, 18, 15, 14, 11]}
{[17, 15, 14, 13, 12]}
34
8 15 4
19 5 6
13 4 29
8 16 7
0 2 5
1 4 16
1 17 7
3 6 33
0 9 3
8 14 18
20 11 30
10 15 12
19 11 18
14 2 32
13 9 31
0 11 16
3 15 5
20 6 18
9 12 17
1 12 20
19 10 17
23 24 25
23 26 27
21 22 28
21 27 30
21 26 29
22 25 32
22 24 31
23 29 30
25 28 2
24 28 10
27 33 14
26 33 13
31 32 7
209
{[19, 18, 15, 14, 11]}
{[5, 4, 2, 1, 0]}
34
8 15 4
19 5 6
13 4 24
8 16 7
0 2 5
1 4 16
1 17 7
3 6 21
0 9 3
8 14 18
20 11 23
10 15 12
19 11 18
14 2 27
13 9 22
0 11 16
3 15 5
20 6 18
9 12 17
1 12 20
19 10 17
22 25 7
21 26 14
24 25 10
23 31 2
21 23 30
22 28 32
29 32 13
26 29 30
27 28 31
25 28 33
24 29 33
26 27 33
30 31 32
210
{[19, 18, 15, 14, 11]}
{[6, 3, 2, 1, 0]}
34
8 15 4
19 5 6
13 4 23
8 16 7
0 2 5
1 4 16
1 17 7
3 6 22
0 9 3
8 14 18
20 11 26
10 15 12
19 11 18
14 2 21
13 9 25
0 11 16
3 15 5
20 6 18
9 12 17
1 12 20
19 10 17
22 24 13
21 27 7
24 25 2
21 23 31
23 30 14
28 32 10
22 29 32
26 29 30
27 28 31
25 28 33
24 29 33
26 27 33
30 31 32
211
{[19, 18, 15, 14, 11]}
{[8, 7, 4, 2, 0]}
34
8 15 4
19 5 6
13 4 21
8 16 7
0 2 5
1 4 16
1 17 7
3 6 25
0 9 3
8 14 18
20 11 31
10 15 12
19 11 18
14 2 22
13 9 23
0 11 16
3 15 5
20 6 18
9 12 17
1 12 20
19 10 17
23 24 2
24 25 13
21 27 14
21 22 26
22 30 7
24 28 32
23 29 32
26 29 30
27 28 31
25 28 33
29 33 10
26 27 33
30 31 32
212
{[19, 18, 15, 14, 11]}
{[9, 7, 3, 2, 0]}
34
8 15 4
19 5 6
13 4 24
8 16 7
0 2 5
1 4 16
1 17 7
3 6 22
0 9 3
8 14 18
20 11 21
10 15 12
19 11 18
14 2 30
13 9 25
0 11 16
3 15 5
20 6 18
9 12 17
1 12 20
19 10 17
23 24 10
23 25 7
21 22 27
21 26 2
22 31 14
24 28 32
23 29 32
26 29 30
27 28 31
28 33 13
25 29 33
26 27 33
30 31 32
213
{[19, 18, 15, 14, 11]}
{[6, 3, 2, 1, 0]}
34
8 15 4
19 5 6
13 4 22
8 16 7
0 2 5
1 4 16
1 17 7
3 6 23
0 9 3
8 14 18
20 11 21
10 15 12
19 11 18
14 2 26
13 9 25
0 11 16
3 15 5
20 6 18
9 12 17
1 12 20
19 10 17
22 24 10
21 27 2
24 25 7
21 23 31
23 30 14
28 32 13
22 29 32
26 29 30
27 28 31
25 28 33
24 29 33
26 27 33
30 31 32
214
{[19, 18, 15, 14, 11]}
{[9, 7, 3, 2, 0]}
34
8 15 4
19 5 6
13 4 22
8 16 7
0 2 5
1 4 16
1 17 7
3 6 24
0 9 3
8 14 18
20 11 30
10 15 12
19 11 18
14 2 21
13 9 25
0 11 16
3 15 5
20 6 18
9 12 17
1 12 20
19 10 17
23 24 13
23 25 2
21 22 27
21 26 7
22 31 14
24 28 32
23 29 32
26 29 30
27 28 31
28 33 10
25 29 33
26 27 33
30 31 32
215
{[19, 18, 15, 14, 11]}
{[5, 4, 2, 1, 0]}
34
8 15 4
19 5 6
13 4 21
8 16 7
0 2 5
1 4 16
1 17 7
3 6 24
0 9 3
8 14 18
20 11 27
10 15 12
19 11 18
14 2 23
13 9 22
0 11 16
3 15 5
20 6 18
9 12 17
1 12 20
19 10 17
22 25 2
21 26 14
24 25 13
23 31 7
21 23 30
22 28 32
29 32 10
26 29 30
27 28 31
25 28 33
24 29 33
26 27 33
30 31 32
216
{[19, 18, 15, 14, 11]}
{[8, 7, 4, 2, 0]}
34
8 15 4
19 5 6
13 4 25
8 16 7
0 2 5
1 4 16
1 17 7
3 6 21
0 9 3
8 14 18
20 11 22
10 15 12
19 11 18
14 2 31
13 9 23
0 11 16
3 15 5
20 6 18
9 12 17
1 12 20
19 10 17
23 24 7
24 25 10
21 27 14
21 22 26
22 30 2
24 28 32
23 29 32
26 29 30
27 28 31
25 28 33
29 33 13
26 27 33
30 31 32
217
{[19, 18, 15, 14, 11]}
{[16, 13, 12, 11, 10]}
34
8 15 4
19 5 6
13 4 33
8 16 7
0 2 5
1 4 16
1 17 7
3 6 27
0 9 3
8 14 18
20 11 31
10 15 12
19 11 18
14 2 26
13 9 32
0 11 16
3 15 5
20 6 18
9 12 17
1 12 20
19 10 17
23 24 25
23 26 27
21 22 28
21 27 30
21 26 29
22 25 13
22 24 7
23 29 30
25 28 32
24 28 31
30 33 10
29 33 14
31 32 2
218
{[19, 18, 15, 14, 11]}
{[17, 16, 14, 12, 10]}
34
8 15 4
19 5 6
13 4 32
8 16 7
0 2 5
1 4 16
1 17 7
3 6 30
0 9 3
8 14 18
20 11 33
10 15 12
19 11 18
14 2 27
13 9 31
0 11 16
3 15 5
20 6 18
9 12 17
1 12 20
19 10 17
23 24 25
23 26 27
21 22 28
21 27 30
21 26 29
22 25 31
22 24 13
23 29 30
25 28 33
24 28 7
26 32 14
31 33 2
29 32 10
219
{[19, 18, 15, 14, 11]}
{[16, 13, 12, 11, 10]}
34
8 15 4
19 5 6
13 4 27
8 16 7
0 2 5
1 4 16
1 17 7
3 6 33
0 9 3
8 14 18
20 11 26
10 15 12
19 11 18
14 2 31
13 9 32
0 11 16
3 15 5
20 6 18
9 12 17
1 12 20
19 10 17
23 24 25
23 26 27
21 22 28
21 27 30
21 26 29
22 25 10
22 24 2
23 29 30
25 28 32
24 28 31
30 33 13
29 33 14
31 32 7
220
{[19, 18, 15, 14, 11]}
{[17, 16, 14, 12, 10]}
34
8 15 4
19 5 6
13 4 30
8 16 7
0 2 5
1 4 16
1 17 7
3 6 32
0 9 3
8 14 18
20 11 27
10 15 12
19 11 18
14 2 33
13 9 31
0 11 16
3 15 5
20 6 18
9 12 17
1 12 20
19 10 17
23 24 25
23 26 27
21 22 28
21 27 30
21 26 29
22 25 31
22 24 10
23 29 30
25 28 33
24 28 2
26 32 14
31 33 7
29 32 13
221
{[19, 18, 15, 14, 11]}
{[17, 16, 15, 13, 11]}
34
8 15 4
19 5 6
13 4 26
8 16 7
0 2 5
1 4 16
1 17 7
3 6 32
0 9 3
8 14 18
20 11 29
10 15 12
19 11 18
14 2 31
13 9 33
0 11 16
3 15 5
20 6 18
9 12 17
1 12 20
19 10 17
23 24 25
23 26 27
21 22 28
21 27 30
21 26 29
22 25 2
22 24 31
23 29 30
25 28 10
24 28 33
27 32 13
31 33 7
30 32 14
222
{[19, 18, 15, 14, 11]}
{[17, 16, 15, 13, 11]}
34
8 15 4
19 5 6
13 4 32
8 16 7
0 2 5
1 4 16
1 17 7
3 6 26
0 9 3
8 14 18
20 11 31
10 15 12
19 11 18
14 2 29
13 9 33
0 11 16
3 15 5
20 6 18
9 12 17
1 12 20
19 10 17
23 24 25
23 26 27
21 22 28
21 27 30
21 26 29
22 25 7
22 24 31
23 29 30
25 28 13
24 28 33
27 32 10
31 33 2
30 32 14
223
{[19, 18, 15, 14, 11]}
{[17, 15, 14, 13, 12]}
34
8 15 4
19 5 6
13 4 29
8 16 7
0 2 5
1 4 16
1 17 7
3 6 33
0 9 3
8 14 18
20 11 30
10 15 12
19 11 18
14 2 32
13 9 31
0 11 16
3 15 5
20 6 18
9 12 17
1 12 20
19 10 17
23 24 25
23 26 27
21 22 28
21 27 30
21 26 29
22 25 32
22 24 31
23 29 30
25 28 2
24 28 10
27 33 14
26 33 13
31 32 7
224
{[19, 18, 15, 14, 11]}
{[17, 15, 14, 13, 12]}
34
8 15 4
19 5 6
13 4 33
8 16 7
0 2 5
1 4 16
1 17 7
3 6 29
0 9 3
8 14 18
20 11 32
10 15 12
19 11 18
14 2 30
13 9 31
0 11 16
3 15 5
20 6 18
9 12 17
1 12 20
19 10 17
23 24 25
23 26 27
21 22 28
21 27 30
21 26 29
22 25 32
22 24 31
23 29 30
25 28 7
24 28 13
27 33 14
26 33 10
31 32 2
225
{[25, 24, 23, 22, 13]}
{[5, 4, 2, 1, 0]}
34
8 19 4
5 6 27
15 11 4
8 20 7
0 2 5
1 4 20
1 7 24
3 13 6
0 9 3
8 16 22
17 12 23
2 17 14
10 19 21
18 14 7
16 11 13
16 2 18
15 9 14
18 10 11
15 17 13
0 12 20
3 19 5
22 25 12
21 26 9
24 25 10
23 31 6
21 23 30
22 28 32
29 32 1
26 29 30
27 28 31
25 28 33
24 29 33
26 27 33
30 31 32
226
{[25, 24, 23, 22, 13]}
{[6, 3, 2, 1, 0]}
34
8 19 4
5 6 21
15 11 4
8 20 7
0 2 5
1 4 20
1 7 23
3 13 6
0 9 3
8 16 25
17 12 26
2 17 14
10 19 22
18 14 7
16 11 13
16 2 18
15 9 14
18 10 11
15 17 13
0 12 20
3 19 5
22 24 1
21 27 12
24 25 6
21 23 31
23 30 9
28 32 10
22 29 32
26 29 30
27 28 31
25 28 33
24 29 33
26 27 33
30 31 32
227
{[25, 24, 23, 22, 13]}
{[8, 7, 4, 2, 0]}
34
8 19 4
5 6 22
15 11 4
8 20 7
0 2 5
1 4 20
1 7 21
3 13 6
0 9 3
8 16 23
17 12 31
2 17 14
10 19 25
18 14 7
16 11 13
16 2 18
15 9 14
18 10 11
15 17 13
0 12 20
3 19 5
23 24 6
24 25 1
21 27 9
21 22 26
22 30 12
24 28 32
23 29 32
26 29 30
27 28 31
25 28 33
29 33 10
26 27 33
30 31 32
228
{[25, 24, 23, 22, 13]}
{[9, 7, 3, 2, 0]}
34
8 19 4
5 6 30
15 11 4
8 20 7
0 2 5
1 4 20
1 7 24
3 13 6
0 9 3
8 16 25
17 12 21
2 17 14
10 19 22
18 14 7
16 11 13
16 2 18
15 9 14
18 10 11
15 17 13
0 12 20
3 19 5
23 24 10
23 25 12
21 22 27
21 26 6
22 31 9
24 28 32
23 29 32
26 29 30
27 28 31
28 33 1
25 29 33
26 27 33
30 31 32
229
{[25, 24, 23, 22, 13]}
{[6, 3, 2, 1, 0]}
34
8 19 4
5 6 26
15 11 4
8 20 7
0 2 5
1 4 20
1 7 22
3 13 6
0 9 3
8 16 25
17 12 21
2 17 14
10 19 23
18 14 7
16 11 13
16 2 18
15 9 14
18 10 11
15 17 13
0 12 20
3 19 5
22 24 10
21 27 6
24 25 12
21 23 31
23 30 9
28 32 1
22 29 32
26 29 30
27 28 31
25 28 33
24 29 33
26 27 33
30 31 32
230
{[25, 24, 23, 22, 13]}
{[9, 7, 3, 2, 0]}
34
8 19 4
5 6 21
15 11 4
8 20 7
0 2 5
1 4 20
1 7 22
3 13 6
0 9 3
8 16 25
17 12 30
2 17 14
10 19 24
18 14 7
16 11 13
16 2 18
15 9 14
18 10 11
15 17 13
0 12 20
3 19 5
23 24 1
23 25 6
21 22 27
21 26 12
22 31 9
24 28 32
23 29 32
26 29 30
27 28 31
28 33 10
25 29 33
26 27 33
30 31 32
231
{[25, 24, 23, 22, 13]}
{[5, 4, 2, 1, 0]}
34
8 19 4
5 6 23
15 11 4
8 20 7
0 2 5
1 4 20
1 7 21
3 13 6
0 9 3
8 16 22
17 12 27
2 17 14
10 19 24
18 14 7
16 11 13
16 2 18
15 9 14
18 10 11
15 17 13
0 12 20
3 19 5
22 25 6
21 26 9
24 25 1
23 31 12
21 23 30
22 28 32
29 32 10
26 29 30
27 28 31
25 28 33
24 29 33
26 27 33
30 31 32
232
{[25, 24, 23, 22, 13]}
{[8, 7, 4, 2, 0]}
34
8 19 4
5 6 31
15 11 4
8 20 7
0 2 5
1 4 20
1 7 25
3 13 6
0 9 3
8 16 23
17 12 22
2 17 14
10 19 21
18 14 7
16 11 13
16 2 18
15 9 14
18 10 11
15 17 13
0 12 20
3 19 5
23 24 12
24 25 10
21 27 9
21 22 26
22 30 6
24 28 32
23 29 32
26 29 30
27 28 31
25 28 33
29 33 1
26 27 33
30 31 32
233
{[25, 24, 23, 22, 13]}
{[16, 13, 12, 11, 10]}
34
8 19 4
5 6 26
15 11 4
8 20 7
0 2 5
1 4 20
1 7 33
3 13 6
0 9 3
8 16 32
17 12 31
2 17 14
10 19 27
18 14 7
16 11 13
16 2 18
15 9 14
18 10 11
15 17 13
0 12 20
3 19 5
23 24 25
23 26 27
21 22 28
21 27 30
21 26 29
22 25 1
22 24 12
23 29 30
25 28 32
24 28 31
30 33 10
29 33 9
31 32 6
234
{[25, 24, 23, 22, 13]}
{[17, 16, 14, 12, 10]}
34
8 19 4
5 6 27
15 11 4
8 20 7
0 2 5
1 4 20
1 7 32
3 13 6
0 9 3
8 16 31
17 12 33
2 17 14
10 19 30
18 14 7
16 11 13
16 2 18
15 9 14
18 10 11
15 17 13
0 12 20
3 19 5
23 24 25
23 26 27
21 22 28
21 27 30
21 26 29
22 25 31
22 24 1
23 29 30
25 28 33
24 28 12
26 32 9
31 33 6
29 32 10
235
{[25, 24, 23, 22, 13]}
{[16, 13, 12, 11, 10]}
34
8 19 4
5 6 31
15 11 4
8 20 7
0 2 5
1 4 20
1 7 27
3 13 6
0 9 3
8 16 32
17 12 26
2 17 14
10 19 33
18 14 7
16 11 13
16 2 18
15 9 14
18 10 11
15 17 13
0 12 20
3 19 5
23 24 25
23 26 27
21 22 28
21 27 30
21 26 29
22 25 10
22 24 6
23 29 30
25 28 32
24 28 31
30 33 1
29 33 9
31 32 12
236
{[25, 24, 23, 22, 13]}
{[17, 16, 14, 12, 10]}
34
8 19 4
5 6 33
15 11 4
8 20 7
0 2 5
1 4 20
1 7 30
3 13 6
0 9 3
8 16 31
17 12 27
2 17 14
10 19 32
18 14 7
16 11 13
16 2 18
15 9 14
18 10 11
15 17 13
0 12 20
3 19 5
23 24 25
23 26 27
21 22 28
21 27 30
21 26 29
22 25 31
22 24 10
23 29 30
25 28 33
24 28 6
26 32 9
31 33 12
29 32 1
237
{[25, 24, 23, 22, 13]}
{[17, 16, 15, 13, 11]}
34
8 19 4
5 6 31
15 11 4
8 20 7
0 2 5
1 4 20
1 7 26
3 13 6
0 9 3
8 16 33
17 12 29
2 17 14
10 19 32
18 14 7
16 11 13
16 2 18
15 9 14
18 10 11
15 17 13
0 12 20
3 19 5
23 24 25
23 26 27
21 22 28
21 27 30
21 26 29
22 25 6
22 24 31
23 29 30
25 28 10
24 28 33
27 32 1
31 33 12
30 32 9
238
{[25, 24, 23, 22, 13]}
{[17, 16, 15, 13, 11]}
34
8 19 4
5 6 29
15 11 4
8 20 7
0 2 5
1 4 20
1 7 32
3 13 6
0 9 3
8 16 33
17 12 31
2 17 14
10 19 26
18 14 7
16 11 13
16 2 18
15 9 14
18 10 11
15 17 13
0 12 20
3 19 5
23 24 25
23 26 27
21 22 28
21 27 30
21 26 29
22 25 12
22 24 31
23 29 30
25 28 1
24 28 33
27 32 10
31 33 6
30 32 9
239
{[25, 24, 23, 22, 13]}
{[17, 15, 14, 13, 12]}
34
8 19 4
5 6 32
15 11 4
8 20 7
0 2 5
1 4 20
1 7 29
3 13 6
0 9 3
8 16 31
17 12 30
2 17 14
10 19 33
18 14 7
16 11 13
16 2 18
15 9 14
18 10 11
15 17 13
0 12 20
3 19 5
23 24 25
23 26 27
21 22 28
21 27 30
21 26 29
22 25 32
22 24 31
23 29 30
25 28 6
24 28 10
27 33 9
26 33 1
31 32 12
240
{[25, 24, 23, 22, 13]}
{[17, 15, 14, 13, 12]}
34
8 19 4
5 6 30
15 11 4
8 20 7
0 2 5
1 4 20
1 7 33
3 13 6
0 9 3
8 16 31
17 12 32
2 17 14
10 19 29
18 14 7
16 11 13
16 2 18
15 9 14
18 10 11
15 17 13
0 12 20
3 19 5
23 24 25
23 26 27
21 22 28
21 27 30
21 26 29
22 25 32
22 24 31
23 29 30
25 28 12
24 28 1
27 33 9
26 33 10
31 32 6
241
{[25, 24, 23, 22, 13]}
{[5, 4, 2, 1, 0]}
34
8 19 4
5 6 23
15 11 4
8 20 7
0 2 5
1 4 20
1 7 21
3 13 6
0 9 3
8 16 22
17 12 27
2 17 14
10 19 24
18 14 7
16 11 13
16 2 18
15 9 14
18 10 11
15 17 13
0 12 20
3 19 5
22 25 6
21 26 9
24 25 1
23 31 12
21 23 30
22 28 32
29 32 10
26 29 30
27 28 31
25 28 33
24 29 33
26 27 33
30 31 32
242
{[25, 24, 23, 22, 13]}
{[6, 3, 2, 1, 0]}
34
8 19 4
5 6 26
15 11 4
8 20 7
0 2 5
1 4 20
1 7 22
3 13 6
0 9 3
8 16 25
17 12 21
2 17 14
10 19 23
18 14 7
16 11 13
16 2 18
15 9 14
18 10 11
15 17 13
0 12 20
3 19 5
22 24 10
21 27 6
24 25 12
21 23 31
23 30 9
28 32 1
22 29 32
26 29 30
27 28 31
25 28 33
24 29 33
26 27 33
30 31 32
243
{[25, 24, 23, 22, 13]}
{[8, 7, 4, 2, 0]}
34
8 19 4
5 6 31
15 11 4
8 20 7
0 2 5
1 4 20
1 7 25
3 13 6
0 9 3
8 16 23
17 12 22
2 17 14
10 19 21
18 14 7
16 11 13
16 2 18
15 9 14
18 10 11
15 17 13
0 12 20
3 19 5
23 24 12
24 25 10
21 27 9
21 22 26
22 30 6
24 28 32
23 29 32
26 29 30
27 28 31
25 28 33
29 33 1
26 27 33
30 31 32
244
{[25, 24, 23, 22, 13]}
{[9, 7, 3, 2, 0]}
34
8 19 4
5 6 21
15 11 4
8 20 7
0 2 5
1 4 20
1 7 22
3 13 6
0 9 3
8 16 25
17 12 30
2 17 14
10 19 24
18 14 7
16 11 13
16 2 18
15 9 14
18 10 11
15 17 13
0 12 20
3 19 5
23 24 1
23 25 6
21 22 27
21 26 12
22 31 9
24 28 32
23 29 32
26 29 30
27 28 31
28 33 10
25 29 33
26 27 33
30 31 32
245
{[25, 24, 23, 22, 13]}
{[6, 3, 2, 1, 0]}
34
8 19 4
5 6 21
15 11 4
8 20 7
0 2 5
1 4 20
1 7 23
3 13 6
0 9 3
8 16 25
17 12 26
2 17 14
10 19 22
18 14 7
16 11 13
16 2 18
15 9 14
18 10 11
15 17 13
0 12 20
3 19 5
22 24 1
21 27 12
24 25 6
21 23 31
23 30 9
28 32 10
22 29 32
26 29 30
27 28 31
25 28 33
24 29 33
26 27 33
30 31 32
246
{[25, 24, 23, 22, 13]}
{[9, 7, 3, 2, 0]}
34
8 19 4
5 6 30
15 11 4
8 20 7
0 2 5
1 4 20
1 7 24
3 13 6
0 9 3
8 16 25
17 12 21
2 17 14
10 19 22
18 14 7
16 11 13
16 2 18
15 9 14
18 10 11
15 17 13
0 12 20
3 19 5
23 24 10
23 25 12
21 22 27
21 26 6
22 31 9
24 28 32
23 29 32
26 29 30
27 28 31
28 33 1
25 29 33
26 27 33
30 31 32
247
{[25, 24, 23, 22, 13]}
{[5, 4, 2, 1, 0]}
34
8 19 4
5 6 27
15 11 4
8 20 7
0 2 5
1 4 20
1 7 24
3 13 6
0 9 3
8 16 22
17 12 23
2 17 14
10 19 21
18 14 7
16 11 13
16 2 18
15 9 14
18 10 11
15 17 13
0 12 20
3 19 5
22 25 12
21 26 9
24 25 10
23 31 6
21 23 30
22 28 32
29 32 1
26 29 30
27 28 31
25 28 33
24 29 33
26 27 33
30 31 32
248
{[25, 24, 23, 22, 13]}
{[8, 7, 4, 2, 0]}
34
8 19 4
5 6 22
15 11 4
8 20 7
0 2 5
1 4 20
1 7 21
3 13 6
0 9 3
8 16 23
17 12 31
2 17 14
10 19 25
18 14 7
16 11 13
16 2 18
15 9 14
18 10 11
15 17 13
0 12 20
3 19 5
23 24 6
24 25 1
21 27 9
21 22 26
22 30 12
24 28 32
23 29 32
26 29 30
27 28 31
25 28 33
29 33 10
26 27 33
30 31 32
249
{[25, 24, 23, 22, 13]}
{[16, 13, 12, 11, 10]}
34
8 19 4
5 6 31
15 11 4
8 20 7
0 2 5
1 4 20
1 7 27
3 13 6
0 9 3
8 16 32
17 12 26
2 17 14
10 19 33
18 14 7
16 11 13
16 2 18
15 9 14
18 10 11
15 17 13
0 12 20
3 19 5
23 24 25
23 26 27
21 22 28
21 27 30
21 26 29
22 25 10
22 24 6
23 29 30
25 28 32
24 28 31
30 33 1
29 33 9
31 32 12
250
{[25, 24, 23, 22, 13]}
{[17, 16, 14, 12, 10]}
34
8 19 4
5 6 33
15 11 4
8 20 7
0 2 5
1 4 20
1 7 30
3 13 6
0 9 3
8 16 31
17 12 27
2 17 14
10 19 32
18 14 7
16 11 13
16 2 18
15 9 14
18 10 11
15 17 13
0 12 20
3 19 5
23 24 25
23 26 27
21 22 28
21 27 30
21 26 29
22 25 31
22 24 10
23 29 30
25 28 33
24 28 6
26 32 9
31 33 12
29 32 1
251
{[25, 24, 23, 22, 13]}
{[16, 13, 12, 11, 10]}
34
8 19 4
5 6 26
15 11 4
8 20 7
0 2 5
1 4 20
1 7 33
3 13 6
0 9 3
8 16 32
17 12 31
2 17 14
10 19 27
18 14 7
16 11 13
16 2 18
15 9 14
18 10 11
15 17 13
0 12 20
3 19 5
23 24 25
23 26 27
21 22 28
21 27 30
21 26 29
22 25 1
22 24 12
23 29 30
25 28 32
24 28 31
30 33 10
29 33 9
31 32 6
252
{[25, 24, 23, 22, 13]}
{[17, 16, 14, 12, 10]}
34
8 19 4
5 6 27
15 11 4
8 20 7
0 2 5
1 4 20
1 7 32
3 13 6
0 9 3
8 16 31
17 12 33
2 17 14
10 19 30
18 14 7
16 11 13
16 2 18
15 9 14
18 10 11
15 17 13
0 12 20
3 19 5
23 24 25
23 26 27
21 22 28
21 27 30
21 26 29
22 25 31
22 24 1
23 29 30
25 28 33
24 28 12
26 32 9
31 33 6
29 32 10
253
{[25, 24, 23, 22, 13]}
{[17, 16, 15, 13, 11]}
34
8 19 4
5 6 29
15 11 4
8 20 7
0 2 5
1 4 20
1 7 32
3 13 6
0 9 3
8 16 33
17 12 31
2 17 14
10 19 26
18 14 7
16 11 13
16 2 18
15 9 14
18 10 11
15 17 13
0 12 20
3 19 5
23 24 25
23 26 27
21 22 28
21 27 30
21 26 29
22 25 12
22 24 31
23 29 30
25 28 1
24 28 33
27 32 10
31 33 6
30 32 9
254
{[25, 24, 23, 22, 13]}
{[17, 16, 15, 13, 11]}
34
8 19 4
5 6 31
15 11 4
8 20 7
0 2 5
1 4 20
1 7 26
3 13 6
0 9 3
8 16 33
17 12 29
2 17 14
10 19 32
18 14 7
16 11 13
16 2 18
15 9 14
18 10 11
15 17 13
0 12 20
3 19 5
23 24 25
23 26 27
21 22 28
21 27 30
21 26 29
22 25 6
22 24 31
23 29 30
25 28 10
24 28 33
27 32 1
31 33 12
30 32 9
255
{[25, 24, 23, 22, 13]}
{[17, 15, 14, 13, 12]}
34
8 19 4
5 6 30
15 11 4
8 20 7
0 2 5
1 4 20
1 7 33
3 13 6
0 9 3
8 16 31
17 12 32
2 17 14
10 19 29
18 14 7
16 11 13
16 2 18
15 9 14
18 10 11
15 17 13
0 12 20
3 19 5
23 24 25
23 26 27
21 22 28
21 27 30
21 26 29
22 25 32
22 24 31
23 29 30
25 28 12
24 28 1
27 33 9
26 33 10
31 32 6
256
{[25, 24, 23, 22, 13]}
{[17, 15, 14, 13, 12]}
34
8 19 4
5 6 32
15 11 4
8 20 7
0 2 5
1 4 20
1 7 29
3 13 6
0 9 3
8 16 31
17 12 30
2 17 14
10 19 33
18 14 7
16 11 13
16 2 18
15 9 14
18 10 11
15 17 13
0 12 20
3 19 5
23 24 25
23 26 27
21 22 28
21 27 30
21 26 29
22 25 32
22 24 31
23 29 30
25 28 6
24 28 10
27 33 9
26 33 1
31 32 12
257
{[19, 17, 16, 15, 14]}
{[5, 4, 2, 1, 0]}
34
8 15 4
19 5 6
11 4 22
8 16 7
0 2 5
1 4 16
1 17 7
3 6 23
0 9 3
8 18 21
20 14 12
2 14 27
10 15 13
19 12 18
10 11 24
0 12 16
3 15 5
20 6 18
9 13 17
1 13 20
19 10 17
22 25 9
21 26 2
24 25 7
23 31 14
21 23 30
22 28 32
29 32 11
26 29 30
27 28 31
25 28 33
24 29 33
26 27 33
30 31 32
258
{[19, 17, 16, 15, 14]}
{[6, 3, 2, 1, 0]}
34
8 15 4
19 5 6
11 4 25
8 16 7
0 2 5
1 4 16
1 17 7
3 6 26
0 9 3
8 18 22
20 14 12
2 14 21
10 15 13
19 12 18
10 11 23
0 12 16
3 15 5
20 6 18
9 13 17
1 13 20
19 10 17
22 24 11
21 27 9
24 25 14
21 23 31
23 30 2
28 32 7
22 29 32
26 29 30
27 28 31
25 28 33
24 29 33
26 27 33
30 31 32
259
{[19, 17, 16, 15, 14]}
{[8, 7, 4, 2, 0]}
34
8 15 4
19 5 6
11 4 23
8 16 7
0 2 5
1 4 16
1 17 7
3 6 31
0 9 3
8 18 25
20 14 12
2 14 22
10 15 13
19 12 18
10 11 21
0 12 16
3 15 5
20 6 18
9 13 17
1 13 20
19 10 17
23 24 14
24 25 11
21 27 2
21 22 26
22 30 9
24 28 32
23 29 32
26 29 30
27 28 31
25 28 33
29 33 7
26 27 33
30 31 32
260
{[19, 17, 16, 15, 14]}
{[9, 7, 3, 2, 0]}
34
8 15 4
19 5 6
11 4 25
8 16 7
0 2 5
1 4 16
1 17 7
3 6 21
0 9 3
8 18 22
20 14 12
2 14 30
10 15 13
19 12 18
10 11 24
0 12 16
3 15 5
20 6 18
9 13 17
1 13 20
19 10 17
23 24 7
23 25 9
21 22 27
21 26 14
22 31 2
24 28 32
23 29 32
26 29 30
27 28 31
28 33 11
25 29 33
26 27 33
30 31 32
261
{[19, 17, 16, 15, 14]}
{[6, 3, 2, 1, 0]}
34
8 15 4
19 5 6
11 4 25
8 16 7
0 2 5
1 4 16
1 17 7
3 6 21
0 9 3
8 18 23
20 14 12
2 14 26
10 15 13
19 12 18
10 11 22
0 12 16
3 15 5
20 6 18
9 13 17
1 13 20
19 10 17
22 24 7
21 27 14
24 25 9
21 23 31
23 30 2
28 32 11
22 29 32
26 29 30
27 28 31
25 28 33
24 29 33
26 27 33
30 31 32
262
{[19, 17, 16, 15, 14]}
{[9, 7, 3, 2, 0]}
34
8 15 4
19 5 6
11 4 25
8 16 7
0 2 5
1 4 16
1 17 7
3 6 30
0 9 3
8 18 24
20 14 12
2 14 21
10 15 13
19 12 18
10 11 22
0 12 16
3 15 5
20 6 18
9 13 17
1 13 20
19 10 17
23 24 11
23 25 14
21 22 27
21 26 9
22 31 2
24 28 32
23 29 32
26 29 30
27 28 31
28 33 7
25 29 33
26 27 33
30 31 32
263
{[19, 17, 16, 15, 14]}
{[5, 4, 2, 1, 0]}
34
8 15 4
19 5 6
11 4 22
8 16 7
0 2 5
1 4 16
1 17 7
3 6 27
0 9 3
8 18 24
20 14 12
2 14 23
10 15 13
19 12 18
10 11 21
0 12 16
3 15 5
20 6 18
9 13 17
1 13 20
19 10 17
22 25 14
21 26 2
24 25 11
23 31 9
21 23 30
22 28 32
29 32 7
26 29 30
27 28 31
25 28 33
24 29 33
26 27 33
30 31 32
264
{[19, 17, 16, 15, 14]}
{[8, 7, 4, 2, 0]}
34
8 15 4
19 5 6
11 4 23
8 16 7
0 2 5
1 4 16
1 17 7
3 6 22
0 9 3
8 18 21
20 14 12
2 14 31
10 15 13
19 12 18
10 11 25
0 12 16
3 15 5
20 6 18
9 13 17
1 13 20
19 10 17
23 24 9
24 25 7
21 27 2
21 22 26
22 30 14
24 28 32
23 29 32
26 29 30
27 28 31
25 28 33
29 33 11
26 27 33
30 31 32
265
{[19, 17, 16, 15, 14]}
{[16, 13, 12, 11, 10]}
34
8 15 4
19 5 6
11 4 32
8 16 7
0 2 5
1 4 16
1 17 7
3 6 31
0 9 3
8 18 27
20 14 12
2 14 26
10 15 13
19 12 18
10 11 33
0 12 16
3 15 5
20 6 18
9 13 17
1 13 20
19 10 17
23 24 25
23 26 27
21 22 28
21 27 30
21 26 29
22 25 11
22 24 9
23 29 30
25 28 32
24 28 31
30 33 7
29 33 2
31 32 14
266
{[19, 17, 16, 15, 14]}
{[17, 16, 14, 12, 10]}
34
8 15 4
19 5 6
11 4 31
8 16 7
0 2 5
1 4 16
1 17 7
3 6 33
0 9 3
8 18 30
20 14 12
2 14 27
10 15 13
19 12 18
10 11 32
0 12 16
3 15 5
20 6 18
9 13 17
1 13 20
19 10 17
23 24 25
23 26 27
21 22 28
21 27 30
21 26 29
22 25 31
22 24 11
23 29 30
25 28 33
24 28 9
26 32 2
31 33 14
29 32 7
267
{[19, 17, 16, 15, 14]}
{[16, 13, 12, 11, 10]}
34
8 15 4
19 5 6
11 4 32
8 16 7
0 2 5
1 4 16
1 17 7
3 6 26
0 9 3
8 18 33
20 14 12
2 14 31
10 15 13
19 12 18
10 11 27
0 12 16
3 15 5
20 6 18
9 13 17
1 13 20
19 10 17
23 24 25
23 26 27
21 22 28
21 27 30
21 26 29
22 25 7
22 24 14
23 29 30
25 28 32
24 28 31
30 33 11
29 33 2
31 32 9
268
{[19, 17, 16, 15, 14]}
{[17, 16, 14, 12, 10]}
34
8 15 4
19 5 6
11 4 31
8 16 7
0 2 5
1 4 16
1 17 7
3 6 27
0 9 3
8 18 32
20 14 12
2 14 33
10 15 13
19 12 18
10 11 30
0 12 16
3 15 5
20 6 18
9 13 17
1 13 20
19 10 17
23 24 25
23 26 27
21 22 28
21 27 30
21 26 29
22 25 31
22 24 7
23 29 30
25 28 33
24 28 14
26 32 2
31 33 9
29 32 11
269
{[19, 17, 16, 15, 14]}
{[17, 16, 15, 13, 11]}
34
8 15 4
19 5 6
11 4 33
8 16 7
0 2 5
1 4 16
1 17 7
3 6 29
0 9 3
8 18 32
20 14 12
2 14 31
10 15 13
19 12 18
10 11 26
0 12 16
3 15 5
20 6 18
9 13 17
1 13 20
19 10 17
23 24 25
23 26 27
21 22 28
21 27 30
21 26 29
22 25 14
22 24 31
23 29 30
25 28 7
24 28 33
27 32 11
31 33 9
30 32 2
270
{[19, 17, 16, 15, 14]}
{[17, 16, 15, 13, 11]}
34
8 15 4
19 5 6
11 4 33
8 16 7
0 2 5
1 4 16
1 17 7
3 6 31
0 9 3
8 18 26
20 14 12
2 14 29
10 15 13
19 12 18
10 11 32
0 12 16
3 15 5
20 6 18
9 13 17
1 13 20
19 10 17
23 24 25
23 26 27
21 22 28
21 27 30
21 26 29
22 25 9
22 24 31
23 29 30
25 28 11
24 28 33
27 32 7
31 33 14
30 32 2
271
{[19, 17, 16, 15, 14]}
{[17, 15, 14, 13, 12]}
34
8 15 4
19 5 6
11 4 31
8 16 7
0 2 5
1 4 16
1 17 7
3 6 30
0 9 3
8 18 33
20 14 12
2 14 32
10 15 13
19 12 18
10 11 29
0 12 16
3 15 5
20 6 18
9 13 17
1 13 20
19 10 17
23 24 25
23 26 27
21 22 28
21 27 30
21 26 29
22 25 32
22 24 31
23 29 30
25 28 14
24 28 7
27 33 2
26 33 11
31 32 9
272
{[19, 17, 16, 15, 14]}
{[17, 15, 14, 13, 12]}
34
8 15 4
19 5 6
11 4 31
8 16 7
0 2 5
1 4 16
1 17 7
3 6 32
0 9 3
8 18 29
20 14 12
2 14 30
10 15 13
19 12 18
10 11 33
0 12 16
3 15 5
20 6 18
9 13 17
1 13 20
19 10 17
23 24 25
23 26 27
21 22 28
21 27 30
21 26 29
22 25 32
22 24 31
23 29 30
25 28 9
24 28 11
27 33 2
26 33 7
31 32 14
273
{[19, 17, 16, 15, 14]}
{[5, 4, 2, 1, 0]}
34
8 15 4
19 5 6
11 4 22
8 16 7
0 2 5
1 4 16
1 17 7
3 6 27
0 9 3
8 18 24
20 14 12
2 14 23
10 15 13
19 12 18
10 11 21
0 12 16
3 15 5
20 6 18
9 13 17
1 13 20
19 10 17
22 25 14
21 26 2
24 25 11
23 31 9
21 23 30
22 28 32
29 32 7
26 29 30
27 28 31
25 28 33
24 29 33
26 27 33
30 31 32
274
{[19, 17, 16, 15, 14]}
{[6, 3, 2, 1, 0]}
34
8 15 4
19 5 6
11 4 25
8 16 7
0 2 5
1 4 16
1 17 7
3 6 21
0 9 3
8 18 23
20 14 12
2 14 26
10 15 13
19 12 18
10 11 22
0 12 16
3 15 5
20 6 18
9 13 17
1 13 20
19 10 17
22 24 7
21 27 14
24 25 9
21 23 31
23 30 2
28 32 11
22 29 32
26 29 30
27 28 31
25 28 33
24 29 33
26 27 33
30 31 32
275
{[19, 17, 16, 15, 14]}
{[8, 7, 4, 2, 0]}
34
8 15 4
19 5 6
11 4 23
8 16 7
0 2 5
1 4 16
1 17 7
3 6 22
0 9 3
8 18 21
20 14 12
2 14 31
10 15 13
19 12 18
10 11 25
0 12 16
3 15 5
20 6 18
9 13 17
1 13 20
19 10 17
23 24 9
24 25 7
21 27 2
21 22 26
22 30 14
24 28 32
23 29 32
26 29 30
27 28 31
25 28 33
29 33 11
26 27 33
30 31 32
276
{[19, 17, 16, 15, 14]}
{[9, 7, 3, 2, 0]}
34
8 15 4
19 5 6
11 4 25
8 16 7
0 2 5
1 4 16
1 17 7
3 6 30
0 9 3
8 18 24
20 14 12
2 14 21
10 15 13
19 12 18
10 11 22
0 12 16
3 15 5
20 6 18
9 13 17
1 13 20
19 10 17
23 24 11
23 25 14
21 22 27
21 26 9
22 31 2
24 28 32
23 29 32
26 29 30
27 28 31
28 33 7
25 29 33
26 27 33
30 31 32
277
{[19, 17, 16, 15, 14]}
{[6, 3, 2, 1, 0]}
34
8 15 4
19 5 6
11 4 25
8 16 7
0 2 5
1 4 16
1 17 7
3 6 26
0 9 3
8 18 22
20 14 12
2 14 21
10 15 13
19 12 18
10 11 23
0 12 16
3 15 5
20 6 18
9 13 17
1 13 20
19 10 17
22 24 11
21 27 9
24 25 14
21 23 31
23 30 2
28 32 7
22 29 32
26 29 30
27 28 31
25 28 33
24 29 33
26 27 33
30 31 32
278
{[19, 17, 16, 15, 14]}
{[9, 7, 3, 2, 0]}
34
8 15 4
19 5 6
11 4 25
8 16 7
0 2 5
1 4 16
1 17 7
3 6 21
0 9 3
8 18 22
20 14 12
2 14 30
10 15 13
19 12 18
10 11 24
0 12 16
3 15 5
20 6 18
9 13 17
1 13 20
19 10 17
23 24 7
23 25 9
21 22 27
21 26 14
22 31 2
24 28 32
23 29 32
26 29 30
27 28 31
28 33 11
25 29 33
26 27 33
30 31 32
279
{[19, 17, 16, 15, 14]}
{[5, 4, 2, 1, 0]}
34
8 15 4
19 5 6
11 4 22
8 16 7
0 2 5
1 4 16
1 17 7
3 6 23
0 9 3
8 18 21
20 14 12
2 14 27
10 15 13
19 12 18
10 11 24
0 12 16
3 15 5
20 6 18
9 13 17
1 13 20
19 10 17
22 25 9
21 26 2
24 25 7
23 31 14
21 23 30
22 28 32
29 32 11
26 29 30
27 28 31
25 28 33
24 29 33
26 27 33
30 31 32
280
{[19, 17, 16, 15, 14]}
{[8, 7, 4, 2, 0]}
34
8 15 4
19 5 6
11 4 23
8 16 7
0 2 5
1 4 16
1 17 7
3 6 31
0 9 3
8 18 25
20 14 12
2 14 22
10 15 13
19 12 18
10 11 21
0 12 16
3 15 5
20 6 18
9 13 17
1 13 20
19 10 17
23 24 14
24 25 11
21 27 2
21 22 26
22 30 9
24 28 32
23 29 32
26 29 30
27 28 31
25 28 33
29 33 7
26 27 33
30 31 32
281
{[19, 17, 16, 15, 14]}
{[16, 13, 12, 11, 10]}
34
8 15 4
19 5 6
11 4 32
8 16 7
0 2 5
1 4 16
1 17 7
3 6 26
0 9 3
8 18 33
20 14 12
2 14 31
10 15 13
19 12 18
10 11 27
0 12 16
3 15 5
20 6 18
9 13 17
1 13 20
19 10 17
23 24 25
23 26 27
21 22 28
21 27 30
21 26 29
22 25 7
22 24 14
23 29 30
25 28 32
24 28 31
30 33 11
29 33 2
31 32 9
282
{[19, 17, 16, 15, 14]}
{[17, 16, 14, 12, 10]}
34
8 15 4
19 5 6
11 4 31
8 16 7
0 2 5
1 4 16
1 17 7
3 6 27
0 9 3
8 18 32
20 14 12
2 14 33
10 15 13
19 12 18
10 11 30
0 12 16
3 15 5
20 6 18
9 13 17
1 13 20
19 10 17
23 24 25
23 26 27
21 22 28
21 27 30
21 26 29
22 25 31
22 24 7
23 29 30
25 28 33
24 28 14
26 32 2
31 33 9
29 32 11
283
{[19, 17, 16, 15, 14]}
{[16, 13, 12, 11, 10]}
34
8 15 4
19 5 6
11 4 32
8 16 7
0 2 5
1 4 16
1 17 7
3 6 31
0 9 3
8 18 27
20 14 12
2 14 26
10 15 13
19 12 18
10 11 33
0 12 16
3 15 5
20 6 18
9 13 17
1 13 20
19 10 17
23 24 25
23 26 27
21 22 28
21 27 30
21 26 29
22 25 11
22 24 9
23 29 30
25 28 32
24 28 31
30 33 7
29 33 2
31 32 14
284
{[19, 17, 16, 15, 14]}
{[17, 16, 14, 12, 10]}
34
8 15 4
19 5 6
11 4 31
8 16 7
0 2 5
1 4 16
1 17 7
3 6 33
0 9 3
8 18 30
20 14 12
2 14 27
10 15 13
19 12 18
10 11 32
0 12 16
3 15 5
20 6 18
9 13 17
1 13 20
19 10 17
23 24 25
23 26 27
21 22 28
21 27 30
21 26 29
22 25 31
22 24 11
23 29 30
25 28 33
24 28 9
26 32 2
31 33 14
29 32 7
285
{[19, 17, 16, 15, 14]}
{[17, 16, 15, 13, 11]}
34
8 15 4
19 5 6
11 4 33
8 16 7
0 2 5
1 4 16
1 17 7
3 6 31
0 9 3
8 18 26
20 14 12
2 14 29
10 15 13
19 12 18
10 11 32
0 12 16
3 15 5
20 6 18
9 13 17
1 13 20
19 10 17
23 24 25
23 26 27
21 22 28
21 27 30
21 26 29
22 25 9
22 24 31
23 29 30
25 28 11
24 28 33
27 32 7
31 33 14
30 32 2
286
{[19, 17, 16, 15, 14]}
{[17, 16, 15, 13, 11]}
34
8 15 4
19 5 6
11 4 33
8 16 7
0 2 5
1 4 16
1 17 7
3 6 29
0 9 3
8 18 32
20 14 12
2 14 31
10 15 13
19 12 18
10 11 26
0 12 16
3 15 5
20 6 18
9 13 17
1 13 20
19 10 17
23 24 25
23 26 27
21 22 28
21 27 30
21 26 29
22 25 14
22 24 31
23 29 30
25 28 7
24 28 33
27 32 11
31 33 9
30 32 2
287
{[19, 17, 16, 15, 14]}
{[17, 15, 14, 13, 12]}
34
8 15 4
19 5 6
11 4 31
8 16 7
0 2 5
1 4 16
1 17 7
3 6 32
0 9 3
8 18 29
20 14 12
2 14 30
10 15 13
19 12 18
10 11 33
0 12 16
3 15 5
20 6 18
9 13 17
1 13 20
19 10 17
23 24 25
23 26 27
21 22 28
21 27 30
21 26 29
22 25 32
22 24 31
23 29 30
25 28 9
24 28 11
27 33 2
26 33 7
31 32 14
288
{[19, 17, 16, 15, 14]}
{[17, 15, 14, 13, 12]}
34
8 15 4
19 5 6
11 4 31
8 16 7
0 2 5
1 4 16
1 17 7
3 6 30
0 9 3
8 18 33
20 14 12
2 14 32
10 15 13
19 12 18
10 11 29
0 12 16
3 15 5
20 6 18
9 13 17
1 13 20
19 10 17
23 24 25
23 26 27
21 22 28
21 27 30
21 26 29
22 25 32
22 24 31
23 29 30
25 28 14
24 28 7
27 33 2
26 33 11
31 32 9
