288
1
{[13, 12, 10, 6, 1]}
{[5, 4, 2, 1, 0]}
34
6 19 23
11 7 5
14 4 5
11 4 17
2 3 21
1 2 9
0 7 12
6 1 8
7 10 24
10 5 22
8 9 27
12 1 3
6 11 16
19 14 15
13 2 18
13 16 17
12 15 20
15 3 18
20 14 17
0 20 13
19 16 18
22 25 4
21 26 9
24 25 0
23 31 8
21 23 30
22 28 32
29 32 10
26 29 30
27 28 31
25 28 33
24 29 33
26 27 33
30 31 32
2
{[13, 12, 10, 6, 1]}
{[6, 3, 2, 1, 0]}
34
6 19 26
11 7 5
14 4 5
11 4 17
2 3 22
1 2 9
0 7 12
6 1 8
7 10 23
10 5 25
8 9 21
12 1 3
6 11 16
19 14 15
13 2 18
13 16 17
12 15 20
15 3 18
20 14 17
0 20 13
19 16 18
22 24 10
21 27 4
24 25 8
21 23 31
23 30 9
28 32 0
22 29 32
26 29 30
27 28 31
25 28 33
24 29 33
26 27 33
30 31 32
3
{[13, 12, 10, 6, 1]}
{[8, 7, 4, 2, 0]}
34
6 19 31
11 7 5
14 4 5
11 4 17
2 3 25
1 2 9
0 7 12
6 1 8
7 10 21
10 5 23
8 9 22
12 1 3
6 11 16
19 14 15
13 2 18
13 16 17
12 15 20
15 3 18
20 14 17
0 20 13
19 16 18
23 24 8
24 25 10
21 27 9
21 22 26
22 30 4
24 28 32
23 29 32
26 29 30
27 28 31
25 28 33
29 33 0
26 27 33
30 31 32
4
{[13, 12, 10, 6, 1]}
{[9, 7, 3, 2, 0]}
34
6 19 21
11 7 5
14 4 5
11 4 17
2 3 22
1 2 9
0 7 12
6 1 8
7 10 24
10 5 25
8 9 30
12 1 3
6 11 16
19 14 15
13 2 18
13 16 17
12 15 20
15 3 18
20 14 17
0 20 13
19 16 18
23 24 0
23 25 4
21 22 27
21 26 8
22 31 9
24 28 32
23 29 32
26 29 30
27 28 31
28 33 10
25 29 33
26 27 33
30 31 32
5
{[13, 12, 10, 6, 1]}
{[6, 3, 2, 1, 0]}
34
6 19 21
11 7 5
14 4 5
11 4 17
2 3 23
1 2 9
0 7 12
6 1 8
7 10 22
10 5 25
8 9 26
12 1 3
6 11 16
19 14 15
13 2 18
13 16 17
12 15 20
15 3 18
20 14 17
0 20 13
19 16 18
22 24 0
21 27 8
24 25 4
21 23 31
23 30 9
28 32 10
22 29 32
26 29 30
27 28 31
25 28 33
24 29 33
26 27 33
30 31 32
6
{[13, 12, 10, 6, 1]}
{[9, 7, 3, 2, 0]}
34
6 19 30
11 7 5
14 4 5
11 4 17
2 3 24
1 2 9
0 7 12
6 1 8
7 10 22
10 5 25
8 9 21
12 1 3
6 11 16
19 14 15
13 2 18
13 16 17
12 15 20
15 3 18
20 14 17
0 20 13
19 16 18
23 24 10
23 25 8
21 22 27
21 26 4
22 31 9
24 28 32
23 29 32
26 29 30
27 28 31
28 33 0
25 29 33
26 27 33
30 31 32
7
{[13, 12, 10, 6, 1]}
{[5, 4, 2, 1, 0]}
34
6 19 27
11 7 5
14 4 5
11 4 17
2 3 24
1 2 9
0 7 12
6 1 8
7 10 21
10 5 22
8 9 23
12 1 3
6 11 16
19 14 15
13 2 18
13 16 17
12 15 20
15 3 18
20 14 17
0 20 13
19 16 18
22 25 8
21 26 9
24 25 10
23 31 4
21 23 30
22 28 32
29 32 0
26 29 30
27 28 31
25 28 33
24 29 33
26 27 33
30 31 32
8
{[13, 12, 10, 6, 1]}
{[8, 7, 4, 2, 0]}
34
6 19 22
11 7 5
14 4 5
11 4 17
2 3 21
1 2 9
0 7 12
6 1 8
7 10 25
10 5 23
8 9 31
12 1 3
6 11 16
19 14 15
13 2 18
13 16 17
12 15 20
15 3 18
20 14 17
0 20 13
19 16 18
23 24 4
24 25 0
21 27 9
21 22 26
22 30 8
24 28 32
23 29 32
26 29 30
27 28 31
25 28 33
29 33 10
26 27 33
30 31 32
9
{[13, 12, 10, 6, 1]}
{[16, 13, 12, 11, 10]}
34
6 19 31
11 7 5
14 4 5
11 4 17
2 3 27
1 2 9
0 7 12
6 1 8
7 10 33
10 5 32
8 9 26
12 1 3
6 11 16
19 14 15
13 2 18
13 16 17
12 15 20
15 3 18
20 14 17
0 20 13
19 16 18
23 24 25
23 26 27
21 22 28
21 27 30
21 26 29
22 25 10
22 24 4
23 29 30
25 28 32
24 28 31
30 33 0
29 33 9
31 32 8
10
{[13, 12, 10, 6, 1]}
{[17, 16, 14, 12, 10]}
34
6 19 33
11 7 5
14 4 5
11 4 17
2 3 30
1 2 9
0 7 12
6 1 8
7 10 32
10 5 31
8 9 27
12 1 3
6 11 16
19 14 15
13 2 18
13 16 17
12 15 20
15 3 18
20 14 17
0 20 13
19 16 18
23 24 25
23 26 27
21 22 28
21 27 30
21 26 29
22 25 31
22 24 10
23 29 30
25 28 33
24 28 4
26 32 9
31 33 8
29 32 0
11
{[13, 12, 10, 6, 1]}
{[16, 13, 12, 11, 10]}
34
6 19 26
11 7 5
14 4 5
11 4 17
2 3 33
1 2 9
0 7 12
6 1 8
7 10 27
10 5 32
8 9 31
12 1 3
6 11 16
19 14 15
13 2 18
13 16 17
12 15 20
15 3 18
20 14 17
0 20 13
19 16 18
23 24 25
23 26 27
21 22 28
21 27 30
21 26 29
22 25 0
22 24 8
23 29 30
25 28 32
24 28 31
30 33 10
29 33 9
31 32 4
12
{[13, 12, 10, 6, 1]}
{[17, 16, 14, 12, 10]}
34
6 19 27
11 7 5
14 4 5
11 4 17
2 3 32
1 2 9
0 7 12
6 1 8
7 10 30
10 5 31
8 9 33
12 1 3
6 11 16
19 14 15
13 2 18
13 16 17
12 15 20
15 3 18
20 14 17
0 20 13
19 16 18
23 24 25
23 26 27
21 22 28
21 27 30
21 26 29
22 25 31
22 24 0
23 29 30
25 28 33
24 28 8
26 32 9
31 33 4
29 32 10
13
{[13, 12, 10, 6, 1]}
{[17, 16, 15, 13, 11]}
34
6 19 29
11 7 5
14 4 5
11 4 17
2 3 32
1 2 9
0 7 12
6 1 8
7 10 26
10 5 33
8 9 31
12 1 3
6 11 16
19 14 15
13 2 18
13 16 17
12 15 20
15 3 18
20 14 17
0 20 13
19 16 18
23 24 25
23 26 27
21 22 28
21 27 30
21 26 29
22 25 8
22 24 31
23 29 30
25 28 0
24 28 33
27 32 10
31 33 4
30 32 9
14
{[13, 12, 10, 6, 1]}
{[17, 16, 15, 13, 11]}
34
6 19 31
11 7 5
14 4 5
11 4 17
2 3 26
1 2 9
0 7 12
6 1 8
7 10 32
10 5 33
8 9 29
12 1 3
6 11 16
19 14 15
13 2 18
13 16 17
12 15 20
15 3 18
20 14 17
0 20 13
19 16 18
23 24 25
23 26 27
21 22 28
21 27 30
21 26 29
22 25 4
22 24 31
23 29 30
25 28 10
24 28 33
27 32 0
31 33 8
30 32 9
15
{[13, 12, 10, 6, 1]}
{[17, 15, 14, 13, 12]}
34
6 19 30
11 7 5
14 4 5
11 4 17
2 3 33
1 2 9
0 7 12
6 1 8
7 10 29
10 5 31
8 9 32
12 1 3
6 11 16
19 14 15
13 2 18
13 16 17
12 15 20
15 3 18
20 14 17
0 20 13
19 16 18
23 24 25
23 26 27
21 22 28
21 27 30
21 26 29
22 25 32
22 24 31
23 29 30
25 28 8
24 28 0
27 33 9
26 33 10
31 32 4
16
{[13, 12, 10, 6, 1]}
{[17, 15, 14, 13, 12]}
34
6 19 32
11 7 5
14 4 5
11 4 17
2 3 29
1 2 9
0 7 12
6 1 8
7 10 33
10 5 31
8 9 30
12 1 3
6 11 16
19 14 15
13 2 18
13 16 17
12 15 20
15 3 18
20 14 17
0 20 13
19 16 18
23 24 25
23 26 27
21 22 28
21 27 30
21 26 29
22 25 32
22 24 31
23 29 30
25 28 4
24 28 10
27 33 9
26 33 0
31 32 8
17
{[15, 14, 13, 6, 1]}
{[5, 4, 2, 1, 0]}
34
6 19 10
11 7 5
14 4 5
11 4 17
2 3 23
1 2 21
0 7 12
6 1 9
9 10 27
7 8 22
0 8 24
12 1 3
6 11 16
19 14 15
13 2 18
13 16 17
12 15 20
15 3 18
20 14 17
0 20 13
19 16 18
22 25 5
21 26 9
24 25 4
23 31 10
21 23 30
22 28 32
29 32 8
26 29 30
27 28 31
25 28 33
24 29 33
26 27 33
30 31 32
18
{[15, 14, 13, 6, 1]}
{[6, 3, 2, 1, 0]}
34
6 19 10
11 7 5
14 4 5
11 4 17
2 3 26
1 2 22
0 7 12
6 1 9
9 10 21
7 8 25
0 8 23
12 1 3
6 11 16
19 14 15
13 2 18
13 16 17
12 15 20
15 3 18
20 14 17
0 20 13
19 16 18
22 24 8
21 27 5
24 25 10
21 23 31
23 30 9
28 32 4
22 29 32
26 29 30
27 28 31
25 28 33
24 29 33
26 27 33
30 31 32
19
{[15, 14, 13, 6, 1]}
{[8, 7, 4, 2, 0]}
34
6 19 10
11 7 5
14 4 5
11 4 17
2 3 31
1 2 25
0 7 12
6 1 9
9 10 22
7 8 23
0 8 21
12 1 3
6 11 16
19 14 15
13 2 18
13 16 17
12 15 20
15 3 18
20 14 17
0 20 13
19 16 18
23 24 10
24 25 8
21 27 9
21 22 26
22 30 5
24 28 32
23 29 32
26 29 30
27 28 31
25 28 33
29 33 4
26 27 33
30 31 32
20
{[15, 14, 13, 6, 1]}
{[9, 7, 3, 2, 0]}
34
6 19 10
11 7 5
14 4 5
11 4 17
2 3 21
1 2 22
0 7 12
6 1 9
9 10 30
7 8 25
0 8 24
12 1 3
6 11 16
19 14 15
13 2 18
13 16 17
12 15 20
15 3 18
20 14 17
0 20 13
19 16 18
23 24 4
23 25 5
21 22 27
21 26 10
22 31 9
24 28 32
23 29 32
26 29 30
27 28 31
28 33 8
25 29 33
26 27 33
30 31 32
21
{[15, 14, 13, 6, 1]}
{[6, 3, 2, 1, 0]}
34
6 19 10
11 7 5
14 4 5
11 4 17
2 3 21
1 2 23
0 7 12
6 1 9
9 10 26
7 8 25
0 8 22
12 1 3
6 11 16
19 14 15
13 2 18
13 16 17
12 15 20
15 3 18
20 14 17
0 20 13
19 16 18
22 24 4
21 27 10
24 25 5
21 23 31
23 30 9
28 32 8
22 29 32
26 29 30
27 28 31
25 28 33
24 29 33
26 27 33
30 31 32
22
{[15, 14, 13, 6, 1]}
{[9, 7, 3, 2, 0]}
34
6 19 10
11 7 5
14 4 5
11 4 17
2 3 30
1 2 24
0 7 12
6 1 9
9 10 21
7 8 25
0 8 22
12 1 3
6 11 16
19 14 15
13 2 18
13 16 17
12 15 20
15 3 18
20 14 17
0 20 13
19 16 18
23 24 8
23 25 10
21 22 27
21 26 5
22 31 9
24 28 32
23 29 32
26 29 30
27 28 31
28 33 4
25 29 33
26 27 33
30 31 32
23
{[15, 14, 13, 6, 1]}
{[5, 4, 2, 1, 0]}
34
6 19 10
11 7 5
14 4 5
11 4 17
2 3 27
1 2 24
0 7 12
6 1 9
9 10 23
7 8 22
0 8 21
12 1 3
6 11 16
19 14 15
13 2 18
13 16 17
12 15 20
15 3 18
20 14 17
0 20 13
19 16 18
22 25 10
21 26 9
24 25 8
23 31 5
21 23 30
22 28 32
29 32 4
26 29 30
27 28 31
25 28 33
24 29 33
26 27 33
30 31 32
24
{[15, 14, 13, 6, 1]}
{[8, 7, 4, 2, 0]}
34
6 19 10
11 7 5
14 4 5
11 4 17
2 3 22
1 2 21
0 7 12
6 1 9
9 10 31
7 8 23
0 8 25
12 1 3
6 11 16
19 14 15
13 2 18
13 16 17
12 15 20
15 3 18
20 14 17
0 20 13
19 16 18
23 24 5
24 25 4
21 27 9
21 22 26
22 30 10
24 28 32
23 29 32
26 29 30
27 28 31
25 28 33
29 33 8
26 27 33
30 31 32
25
{[15, 14, 13, 6, 1]}
{[16, 13, 12, 11, 10]}
34
6 19 10
11 7 5
14 4 5
11 4 17
2 3 31
1 2 27
0 7 12
6 1 9
9 10 26
7 8 32
0 8 33
12 1 3
6 11 16
19 14 15
13 2 18
13 16 17
12 15 20
15 3 18
20 14 17
0 20 13
19 16 18
23 24 25
23 26 27
21 22 28
21 27 30
21 26 29
22 25 8
22 24 5
23 29 30
25 28 32
24 28 31
30 33 4
29 33 9
31 32 10
26
{[15, 14, 13, 6, 1]}
{[17, 16, 14, 12, 10]}
34
6 19 10
11 7 5
14 4 5
11 4 17
2 3 33
1 2 30
0 7 12
6 1 9
9 10 27
7 8 31
0 8 32
12 1 3
6 11 16
19 14 15
13 2 18
13 16 17
12 15 20
15 3 18
20 14 17
0 20 13
19 16 18
23 24 25
23 26 27
21 22 28
21 27 30
21 26 29
22 25 31
22 24 8
23 29 30
25 28 33
24 28 5
26 32 9
31 33 10
29 32 4
27
{[15, 14, 13, 6, 1]}
{[16, 13, 12, 11, 10]}
34
6 19 10
11 7 5
14 4 5
11 4 17
2 3 26
1 2 33
0 7 12
6 1 9
9 10 31
7 8 32
0 8 27
12 1 3
6 11 16
19 14 15
13 2 18
13 16 17
12 15 20
15 3 18
20 14 17
0 20 13
19 16 18
23 24 25
23 26 27
21 22 28
21 27 30
21 26 29
22 25 4
22 24 10
23 29 30
25 28 32
24 28 31
30 33 8
29 33 9
31 32 5
28
{[15, 14, 13, 6, 1]}
{[17, 16, 14, 12, 10]}
34
6 19 10
11 7 5
14 4 5
11 4 17
2 3 27
1 2 32
0 7 12
6 1 9
9 10 33
7 8 31
0 8 30
12 1 3
6 11 16
19 14 15
13 2 18
13 16 17
12 15 20
15 3 18
20 14 17
0 20 13
19 16 18
23 24 25
23 26 27
21 22 28
21 27 30
21 26 29
22 25 31
22 24 4
23 29 30
25 28 33
24 28 10
26 32 9
31 33 5
29 32 8
29
{[15, 14, 13, 6, 1]}
{[17, 16, 15, 13, 11]}
34
6 19 10
11 7 5
14 4 5
11 4 17
2 3 29
1 2 32
0 7 12
6 1 9
9 10 31
7 8 33
0 8 26
12 1 3
6 11 16
19 14 15
13 2 18
13 16 17
12 15 20
15 3 18
20 14 17
0 20 13
19 16 18
23 24 25
23 26 27
21 22 28
21 27 30
21 26 29
22 25 10
22 24 31
23 29 30
25 28 4
24 28 33
27 32 8
31 33 5
30 32 9
30
{[15, 14, 13, 6, 1]}
{[17, 16, 15, 13, 11]}
34
6 19 10
11 7 5
14 4 5
11 4 17
2 3 31
1 2 26
0 7 12
6 1 9
9 10 29
7 8 33
0 8 32
12 1 3
6 11 16
19 14 15
13 2 18
13 16 17
12 15 20
15 3 18
20 14 17
0 20 13
19 16 18
23 24 25
23 26 27
21 22 28
21 27 30
21 26 29
22 25 5
22 24 31
23 29 30
25 28 8
24 28 33
27 32 4
31 33 10
30 32 9
31
{[15, 14, 13, 6, 1]}
{[17, 15, 14, 13, 12]}
34
6 19 10
11 7 5
14 4 5
11 4 17
2 3 30
1 2 33
0 7 12
6 1 9
9 10 32
7 8 31
0 8 29
12 1 3
6 11 16
19 14 15
13 2 18
13 16 17
12 15 20
15 3 18
20 14 17
0 20 13
19 16 18
23 24 25
23 26 27
21 22 28
21 27 30
21 26 29
22 25 32
22 24 31
23 29 30
25 28 10
24 28 4
27 33 9
26 33 8
31 32 5
32
{[15, 14, 13, 6, 1]}
{[17, 15, 14, 13, 12]}
34
6 19 10
11 7 5
14 4 5
11 4 17
2 3 32
1 2 29
0 7 12
6 1 9
9 10 30
7 8 31
0 8 33
12 1 3
6 11 16
19 14 15
13 2 18
13 16 17
12 15 20
15 3 18
20 14 17
0 20 13
19 16 18
23 24 25
23 26 27
21 22 28
21 27 30
21 26 29
22 25 32
22 24 31
23 29 30
25 28 5
24 28 8
27 33 9
26 33 4
31 32 10
33
{[13, 12, 10, 6, 1]}
{[5, 4, 2, 1, 0]}
34
6 19 27
11 7 5
14 4 5
11 4 17
2 3 24
1 2 9
0 7 12
6 1 8
7 10 21
10 5 22
8 9 23
12 1 3
6 11 16
19 14 15
13 2 18
13 16 17
12 15 20
15 3 18
20 14 17
0 20 13
19 16 18
22 25 8
21 26 9
24 25 10
23 31 4
21 23 30
22 28 32
29 32 0
26 29 30
27 28 31
25 28 33
24 29 33
26 27 33
30 31 32
34
{[13, 12, 10, 6, 1]}
{[6, 3, 2, 1, 0]}
34
6 19 21
11 7 5
14 4 5
11 4 17
2 3 23
1 2 9
0 7 12
6 1 8
7 10 22
10 5 25
8 9 26
12 1 3
6 11 16
19 14 15
13 2 18
13 16 17
12 15 20
15 3 18
20 14 17
0 20 13
19 16 18
22 24 0
21 27 8
24 25 4
21 23 31
23 30 9
28 32 10
22 29 32
26 29 30
27 28 31
25 28 33
24 29 33
26 27 33
30 31 32
35
{[13, 12, 10, 6, 1]}
{[8, 7, 4, 2, 0]}
34
6 19 22
11 7 5
14 4 5
11 4 17
2 3 21
1 2 9
0 7 12
6 1 8
7 10 25
10 5 23
8 9 31
12 1 3
6 11 16
19 14 15
13 2 18
13 16 17
12 15 20
15 3 18
20 14 17
0 20 13
19 16 18
23 24 4
24 25 0
21 27 9
21 22 26
22 30 8
24 28 32
23 29 32
26 29 30
27 28 31
25 28 33
29 33 10
26 27 33
30 31 32
36
{[13, 12, 10, 6, 1]}
{[9, 7, 3, 2, 0]}
34
6 19 30
11 7 5
14 4 5
11 4 17
2 3 24
1 2 9
0 7 12
6 1 8
7 10 22
10 5 25
8 9 21
12 1 3
6 11 16
19 14 15
13 2 18
13 16 17
12 15 20
15 3 18
20 14 17
0 20 13
19 16 18
23 24 10
23 25 8
21 22 27
21 26 4
22 31 9
24 28 32
23 29 32
26 29 30
27 28 31
28 33 0
25 29 33
26 27 33
30 31 32
37
{[13, 12, 10, 6, 1]}
{[6, 3, 2, 1, 0]}
34
6 19 26
11 7 5
14 4 5
11 4 17
2 3 22
1 2 9
0 7 12
6 1 8
7 10 23
10 5 25
8 9 21
12 1 3
6 11 16
19 14 15
13 2 18
13 16 17
12 15 20
15 3 18
20 14 17
0 20 13
19 16 18
22 24 10
21 27 4
24 25 8
21 23 31
23 30 9
28 32 0
22 29 32
26 29 30
27 28 31
25 28 33
24 29 33
26 27 33
30 31 32
38
{[13, 12, 10, 6, 1]}
{[9, 7, 3, 2, 0]}
34
6 19 21
11 7 5
14 4 5
11 4 17
2 3 22
1 2 9
0 7 12
6 1 8
7 10 24
10 5 25
8 9 30
12 1 3
6 11 16
19 14 15
13 2 18
13 16 17
12 15 20
15 3 18
20 14 17
0 20 13
19 16 18
23 24 0
23 25 4
21 22 27
21 26 8
22 31 9
24 28 32
23 29 32
26 29 30
27 28 31
28 33 10
25 29 33
26 27 33
30 31 32
39
{[13, 12, 10, 6, 1]}
{[5, 4, 2, 1, 0]}
34
6 19 23
11 7 5
14 4 5
11 4 17
2 3 21
1 2 9
0 7 12
6 1 8
7 10 24
10 5 22
8 9 27
12 1 3
6 11 16
19 14 15
13 2 18
13 16 17
12 15 20
15 3 18
20 14 17
0 20 13
19 16 18
22 25 4
21 26 9
24 25 0
23 31 8
21 23 30
22 28 32
29 32 10
26 29 30
27 28 31
25 28 33
24 29 33
26 27 33
30 31 32
40
{[13, 12, 10, 6, 1]}
{[8, 7, 4, 2, 0]}
34
6 19 31
11 7 5
14 4 5
11 4 17
2 3 25
1 2 9
0 7 12
6 1 8
7 10 21
10 5 23
8 9 22
12 1 3
6 11 16
19 14 15
13 2 18
13 16 17
12 15 20
15 3 18
20 14 17
0 20 13
19 16 18
23 24 8
24 25 10
21 27 9
21 22 26
22 30 4
24 28 32
23 29 32
26 29 30
27 28 31
25 28 33
29 33 0
26 27 33
30 31 32
41
{[13, 12, 10, 6, 1]}
{[16, 13, 12, 11, 10]}
34
6 19 26
11 7 5
14 4 5
11 4 17
2 3 33
1 2 9
0 7 12
6 1 8
7 10 27
10 5 32
8 9 31
12 1 3
6 11 16
19 14 15
13 2 18
13 16 17
12 15 20
15 3 18
20 14 17
0 20 13
19 16 18
23 24 25
23 26 27
21 22 28
21 27 30
21 26 29
22 25 0
22 24 8
23 29 30
25 28 32
24 28 31
30 33 10
29 33 9
31 32 4
42
{[13, 12, 10, 6, 1]}
{[17, 16, 14, 12, 10]}
34
6 19 27
11 7 5
14 4 5
11 4 17
2 3 32
1 2 9
0 7 12
6 1 8
7 10 30
10 5 31
8 9 33
12 1 3
6 11 16
19 14 15
13 2 18
13 16 17
12 15 20
15 3 18
20 14 17
0 20 13
19 16 18
23 24 25
23 26 27
21 22 28
21 27 30
21 26 29
22 25 31
22 24 0
23 29 30
25 28 33
24 28 8
26 32 9
31 33 4
29 32 10
43
{[13, 12, 10, 6, 1]}
{[16, 13, 12, 11, 10]}
34
6 19 31
11 7 5
14 4 5
11 4 17
2 3 27
1 2 9
0 7 12
6 1 8
7 10 33
10 5 32
8 9 26
12 1 3
6 11 16
19 14 15
13 2 18
13 16 17
12 15 20
15 3 18
20 14 17
0 20 13
19 16 18
23 24 25
23 26 27
21 22 28
21 27 30
21 26 29
22 25 10
22 24 4
23 29 30
25 28 32
24 28 31
30 33 0
29 33 9
31 32 8
44
{[13, 12, 10, 6, 1]}
{[17, 16, 14, 12, 10]}
34
6 19 33
11 7 5
14 4 5
11 4 17
2 3 30
1 2 9
0 7 12
6 1 8
7 10 32
10 5 31
8 9 27
12 1 3
6 11 16
19 14 15
13 2 18
13 16 17
12 15 20
15 3 18
20 14 17
0 20 13
19 16 18
23 24 25
23 26 27
21 22 28
21 27 30
21 26 29
22 25 31
22 24 10
23 29 30
25 28 33
24 28 4
26 32 9
31 33 8
29 32 0
45
{[13, 12, 10, 6, 1]}
{[17, 16, 15, 13, 11]}
34
6 19 31
11 7 5
14 4 5
11 4 17
2 3 26
1 2 9
0 7 12
6 1 8
7 10 32
10 5 33
8 9 29
12 1 3
6 11 16
19 14 15
13 2 18
13 16 17
12 15 20
15 3 18
20 14 17
0 20 13
19 16 18
23 24 25
23 26 27
21 22 28
21 27 30
21 26 29
22 25 4
22 24 31
23 29 30
25 28 10
24 28 33
27 32 0
31 33 8
30 32 9
46
{[13, 12, 10, 6, 1]}
{[17, 16, 15, 13, 11]}
34
6 19 29
11 7 5
14 4 5
11 4 17
2 3 32
1 2 9
0 7 12
6 1 8
7 10 26
10 5 33
8 9 31
12 1 3
6 11 16
19 14 15
13 2 18
13 16 17
12 15 20
15 3 18
20 14 17
0 20 13
19 16 18
23 24 25
23 26 27
21 22 28
21 27 30
21 26 29
22 25 8
22 24 31
23 29 30
25 28 0
24 28 33
27 32 10
31 33 4
30 32 9
47
{[13, 12, 10, 6, 1]}
{[17, 15, 14, 13, 12]}
34
6 19 32
11 7 5
14 4 5
11 4 17
2 3 29
1 2 9
0 7 12
6 1 8
7 10 33
10 5 31
8 9 30
12 1 3
6 11 16
19 14 15
13 2 18
13 16 17
12 15 20
15 3 18
20 14 17
0 20 13
19 16 18
23 24 25
23 26 27
21 22 28
21 27 30
21 26 29
22 25 32
22 24 31
23 29 30
25 28 4
24 28 10
27 33 9
26 33 0
31 32 8
48
{[13, 12, 10, 6, 1]}
{[17, 15, 14, 13, 12]}
34
6 19 30
11 7 5
14 4 5
11 4 17
2 3 33
1 2 9
0 7 12
6 1 8
7 10 29
10 5 31
8 9 32
12 1 3
6 11 16
19 14 15
13 2 18
13 16 17
12 15 20
15 3 18
20 14 17
0 20 13
19 16 18
23 24 25
23 26 27
21 22 28
21 27 30
21 26 29
22 25 32
22 24 31
23 29 30
25 28 8
24 28 0
27 33 9
26 33 10
31 32 4
49
{[15, 14, 13, 6, 1]}
{[5, 4, 2, 1, 0]}
34
6 19 10
11 7 5
14 4 5
11 4 17
2 3 27
1 2 24
0 7 12
6 1 9
9 10 23
7 8 22
0 8 21
12 1 3
6 11 16
19 14 15
13 2 18
13 16 17
12 15 20
15 3 18
20 14 17
0 20 13
19 16 18
22 25 10
21 26 9
24 25 8
23 31 5
21 23 30
22 28 32
29 32 4
26 29 30
27 28 31
25 28 33
24 29 33
26 27 33
30 31 32
50
{[15, 14, 13, 6, 1]}
{[6, 3, 2, 1, 0]}
34
6 19 10
11 7 5
14 4 5
11 4 17
2 3 21
1 2 23
0 7 12
6 1 9
9 10 26
7 8 25
0 8 22
12 1 3
6 11 16
19 14 15
13 2 18
13 16 17
12 15 20
15 3 18
20 14 17
0 20 13
19 16 18
22 24 4
21 27 10
24 25 5
21 23 31
23 30 9
28 32 8
22 29 32
26 29 30
27 28 31
25 28 33
24 29 33
26 27 33
30 31 32
51
{[15, 14, 13, 6, 1]}
{[8, 7, 4, 2, 0]}
34
6 19 10
11 7 5
14 4 5
11 4 17
2 3 22
1 2 21
0 7 12
6 1 9
9 10 31
7 8 23
0 8 25
12 1 3
6 11 16
19 14 15
13 2 18
13 16 17
12 15 20
15 3 18
20 14 17
0 20 13
19 16 18
23 24 5
24 25 4
21 27 9
21 22 26
22 30 10
24 28 32
23 29 32
26 29 30
27 28 31
25 28 33
29 33 8
26 27 33
30 31 32
52
{[15, 14, 13, 6, 1]}
{[9, 7, 3, 2, 0]}
34
6 19 10
11 7 5
14 4 5
11 4 17
2 3 30
1 2 24
0 7 12
6 1 9
9 10 21
7 8 25
0 8 22
12 1 3
6 11 16
19 14 15
13 2 18
13 16 17
12 15 20
15 3 18
20 14 17
0 20 13
19 16 18
23 24 8
23 25 10
21 22 27
21 26 5
22 31 9
24 28 32
23 29 32
26 29 30
27 28 31
28 33 4
25 29 33
26 27 33
30 31 32
53
{[15, 14, 13, 6, 1]}
{[6, 3, 2, 1, 0]}
34
6 19 10
11 7 5
14 4 5
11 4 17
2 3 26
1 2 22
0 7 12
6 1 9
9 10 21
7 8 25
0 8 23
12 1 3
6 11 16
19 14 15
13 2 18
13 16 17
12 15 20
15 3 18
20 14 17
0 20 13
19 16 18
22 24 8
21 27 5
24 25 10
21 23 31
23 30 9
28 32 4
22 29 32
26 29 30
27 28 31
25 28 33
24 29 33
26 27 33
30 31 32
54
{[15, 14, 13, 6, 1]}
{[9, 7, 3, 2, 0]}
34
6 19 10
11 7 5
14 4 5
11 4 17
2 3 21
1 2 22
0 7 12
6 1 9
9 10 30
7 8 25
0 8 24
12 1 3
6 11 16
19 14 15
13 2 18
13 16 17
12 15 20
15 3 18
20 14 17
0 20 13
19 16 18
23 24 4
23 25 5
21 22 27
21 26 10
22 31 9
24 28 32
23 29 32
26 29 30
27 28 31
28 33 8
25 29 33
26 27 33
30 31 32
55
{[15, 14, 13, 6, 1]}
{[5, 4, 2, 1, 0]}
34
6 19 10
11 7 5
14 4 5
11 4 17
2 3 23
1 2 21
0 7 12
6 1 9
9 10 27
7 8 22
0 8 24
12 1 3
6 11 16
19 14 15
13 2 18
13 16 17
12 15 20
15 3 18
20 14 17
0 20 13
19 16 18
22 25 5
21 26 9
24 25 4
23 31 10
21 23 30
22 28 32
29 32 8
26 29 30
27 28 31
25 28 33
24 29 33
26 27 33
30 31 32
56
{[15, 14, 13, 6, 1]}
{[8, 7, 4, 2, 0]}
34
6 19 10
11 7 5
14 4 5
11 4 17
2 3 31
1 2 25
0 7 12
6 1 9
9 10 22
7 8 23
0 8 21
12 1 3
6 11 16
19 14 15
13 2 18
13 16 17
12 15 20
15 3 18
20 14 17
0 20 13
19 16 18
23 24 10
24 25 8
21 27 9
21 22 26
22 30 5
24 28 32
23 29 32
26 29 30
27 28 31
25 28 33
29 33 4
26 27 33
30 31 32
57
{[15, 14, 13, 6, 1]}
{[16, 13, 12, 11, 10]}
34
6 19 10
11 7 5
14 4 5
11 4 17
2 3 26
1 2 33
0 7 12
6 1 9
9 10 31
7 8 32
0 8 27
12 1 3
6 11 16
19 14 15
13 2 18
13 16 17
12 15 20
15 3 18
20 14 17
0 20 13
19 16 18
23 24 25
23 26 27
21 22 28
21 27 30
21 26 29
22 25 4
22 24 10
23 29 30
25 28 32
24 28 31
30 33 8
29 33 9
31 32 5
58
{[15, 14, 13, 6, 1]}
{[17, 16, 14, 12, 10]}
34
6 19 10
11 7 5
14 4 5
11 4 17
2 3 27
1 2 32
0 7 12
6 1 9
9 10 33
7 8 31
0 8 30
12 1 3
6 11 16
19 14 15
13 2 18
13 16 17
12 15 20
15 3 18
20 14 17
0 20 13
19 16 18
23 24 25
23 26 27
21 22 28
21 27 30
21 26 29
22 25 31
22 24 4
23 29 30
25 28 33
24 28 10
26 32 9
31 33 5
29 32 8
59
{[15, 14, 13, 6, 1]}
{[16, 13, 12, 11, 10]}
34
6 19 10
11 7 5
14 4 5
11 4 17
2 3 31
1 2 27
0 7 12
6 1 9
9 10 26
7 8 32
0 8 33
12 1 3
6 11 16
19 14 15
13 2 18
13 16 17
12 15 20
15 3 18
20 14 17
0 20 13
19 16 18
23 24 25
23 26 27
21 22 28
21 27 30
21 26 29
22 25 8
22 24 5
23 29 30
25 28 32
24 28 31
30 33 4
29 33 9
31 32 10
60
{[15, 14, 13, 6, 1]}
{[17, 16, 14, 12, 10]}
34
6 19 10
11 7 5
14 4 5
11 4 17
2 3 33
1 2 30
0 7 12
6 1 9
9 10 27
7 8 31
0 8 32
12 1 3
6 11 16
19 14 15
13 2 18
13 16 17
12 15 20
15 3 18
20 14 17
0 20 13
19 16 18
23 24 25
23 26 27
21 22 28
21 27 30
21 26 29
22 25 31
22 24 8
23 29 30
25 28 33
24 28 5
26 32 9
31 33 10
29 32 4
61
{[15, 14, 13, 6, 1]}
{[17, 16, 15, 13, 11]}
34
6 19 10
11 7 5
14 4 5
11 4 17
2 3 31
1 2 26
0 7 12
6 1 9
9 10 29
7 8 33
0 8 32
12 1 3
6 11 16
19 14 15
13 2 18
13 16 17
12 15 20
15 3 18
20 14 17
0 20 13
19 16 18
23 24 25
23 26 27
21 22 28
21 27 30
21 26 29
22 25 5
22 24 31
23 29 30
25 28 8
24 28 33
27 32 4
31 33 10
30 32 9
62
{[15, 14, 13, 6, 1]}
{[17, 16, 15, 13, 11]}
34
6 19 10
11 7 5
14 4 5
11 4 17
2 3 29
1 2 32
0 7 12
6 1 9
9 10 31
7 8 33
0 8 26
12 1 3
6 11 16
19 14 15
13 2 18
13 16 17
12 15 20
15 3 18
20 14 17
0 20 13
19 16 18
23 24 25
23 26 27
21 22 28
21 27 30
21 26 29
22 25 10
22 24 31
23 29 30
25 28 4
24 28 33
27 32 8
31 33 5
30 32 9
63
{[15, 14, 13, 6, 1]}
{[17, 15, 14, 13, 12]}
34
6 19 10
11 7 5
14 4 5
11 4 17
2 3 32
1 2 29
0 7 12
6 1 9
9 10 30
7 8 31
0 8 33
12 1 3
6 11 16
19 14 15
13 2 18
13 16 17
12 15 20
15 3 18
20 14 17
0 20 13
19 16 18
23 24 25
23 26 27
21 22 28
21 27 30
21 26 29
22 25 32
22 24 31
23 29 30
25 28 5
24 28 8
27 33 9
26 33 4
31 32 10
64
{[15, 14, 13, 6, 1]}
{[17, 15, 14, 13, 12]}
34
6 19 10
11 7 5
14 4 5
11 4 17
2 3 30
1 2 33
0 7 12
6 1 9
9 10 32
7 8 31
0 8 29
12 1 3
6 11 16
19 14 15
13 2 18
13 16 17
12 15 20
15 3 18
20 14 17
0 20 13
19 16 18
23 24 25
23 26 27
21 22 28
21 27 30
21 26 29
22 25 32
22 24 31
23 29 30
25 28 10
24 28 4
27 33 9
26 33 8
31 32 5
65
{[17, 16, 9, 8, 2]}
{[5, 4, 2, 1, 0]}
34
19 9 22
4 5 10
14 4 6
4 17 23
1 2 3
1 7 11
2 11 27
8 9 5
7 12 21
0 7 10
1 9 12
12 5 6
8 10 11
19 14 15
13 2 18
13 16 17
15 20 24
15 3 18
20 14 17
0 20 13
19 16 18
22 25 8
21 26 0
24 25 3
23 31 16
21 23 30
22 28 32
29 32 6
26 29 30
27 28 31
25 28 33
24 29 33
26 27 33
30 31 32
66
{[17, 16, 9, 8, 2]}
{[6, 3, 2, 1, 0]}
34
19 9 25
4 5 10
14 4 6
4 17 26
1 2 3
1 7 11
2 11 21
8 9 5
7 12 22
0 7 10
1 9 12
12 5 6
8 10 11
19 14 15
13 2 18
13 16 17
15 20 23
15 3 18
20 14 17
0 20 13
19 16 18
22 24 6
21 27 8
24 25 16
21 23 31
23 30 0
28 32 3
22 29 32
26 29 30
27 28 31
25 28 33
24 29 33
26 27 33
30 31 32
67
{[17, 16, 9, 8, 2]}
{[8, 7, 4, 2, 0]}
34
19 9 23
4 5 10
14 4 6
4 17 31
1 2 3
1 7 11
2 11 22
8 9 5
7 12 25
0 7 10
1 9 12
12 5 6
8 10 11
19 14 15
13 2 18
13 16 17
15 20 21
15 3 18
20 14 17
0 20 13
19 16 18
23 24 16
24 25 6
21 27 0
21 22 26
22 30 8
24 28 32
23 29 32
26 29 30
27 28 31
25 28 33
29 33 3
26 27 33
30 31 32
68
{[17, 16, 9, 8, 2]}
{[9, 7, 3, 2, 0]}
34
19 9 25
4 5 10
14 4 6
4 17 21
1 2 3
1 7 11
2 11 30
8 9 5
7 12 22
0 7 10
1 9 12
12 5 6
8 10 11
19 14 15
13 2 18
13 16 17
15 20 24
15 3 18
20 14 17
0 20 13
19 16 18
23 24 3
23 25 8
21 22 27
21 26 16
22 31 0
24 28 32
23 29 32
26 29 30
27 28 31
28 33 6
25 29 33
26 27 33
30 31 32
69
{[17, 16, 9, 8, 2]}
{[6, 3, 2, 1, 0]}
34
19 9 25
4 5 10
14 4 6
4 17 21
1 2 3
1 7 11
2 11 26
8 9 5
7 12 23
0 7 10
1 9 12
12 5 6
8 10 11
19 14 15
13 2 18
13 16 17
15 20 22
15 3 18
20 14 17
0 20 13
19 16 18
22 24 3
21 27 16
24 25 8
21 23 31
23 30 0
28 32 6
22 29 32
26 29 30
27 28 31
25 28 33
24 29 33
26 27 33
30 31 32
70
{[17, 16, 9, 8, 2]}
{[9, 7, 3, 2, 0]}
34
19 9 25
4 5 10
14 4 6
4 17 30
1 2 3
1 7 11
2 11 21
8 9 5
7 12 24
0 7 10
1 9 12
12 5 6
8 10 11
19 14 15
13 2 18
13 16 17
15 20 22
15 3 18
20 14 17
0 20 13
19 16 18
23 24 6
23 25 16
21 22 27
21 26 8
22 31 0
24 28 32
23 29 32
26 29 30
27 28 31
28 33 3
25 29 33
26 27 33
30 31 32
71
{[17, 16, 9, 8, 2]}
{[5, 4, 2, 1, 0]}
34
19 9 22
4 5 10
14 4 6
4 17 27
1 2 3
1 7 11
2 11 23
8 9 5
7 12 24
0 7 10
1 9 12
12 5 6
8 10 11
19 14 15
13 2 18
13 16 17
15 20 21
15 3 18
20 14 17
0 20 13
19 16 18
22 25 16
21 26 0
24 25 6
23 31 8
21 23 30
22 28 32
29 32 3
26 29 30
27 28 31
25 28 33
24 29 33
26 27 33
30 31 32
72
{[17, 16, 9, 8, 2]}
{[8, 7, 4, 2, 0]}
34
19 9 23
4 5 10
14 4 6
4 17 22
1 2 3
1 7 11
2 11 31
8 9 5
7 12 21
0 7 10
1 9 12
12 5 6
8 10 11
19 14 15
13 2 18
13 16 17
15 20 25
15 3 18
20 14 17
0 20 13
19 16 18
23 24 8
24 25 3
21 27 0
21 22 26
22 30 16
24 28 32
23 29 32
26 29 30
27 28 31
25 28 33
29 33 6
26 27 33
30 31 32
73
{[17, 16, 9, 8, 2]}
{[16, 13, 12, 11, 10]}
34
19 9 32
4 5 10
14 4 6
4 17 31
1 2 3
1 7 11
2 11 26
8 9 5
7 12 27
0 7 10
1 9 12
12 5 6
8 10 11
19 14 15
13 2 18
13 16 17
15 20 33
15 3 18
20 14 17
0 20 13
19 16 18
23 24 25
23 26 27
21 22 28
21 27 30
21 26 29
22 25 6
22 24 8
23 29 30
25 28 32
24 28 31
30 33 3
29 33 0
31 32 16
74
{[17, 16, 9, 8, 2]}
{[17, 16, 14, 12, 10]}
34
19 9 31
4 5 10
14 4 6
4 17 33
1 2 3
1 7 11
2 11 27
8 9 5
7 12 30
0 7 10
1 9 12
12 5 6
8 10 11
19 14 15
13 2 18
13 16 17
15 20 32
15 3 18
20 14 17
0 20 13
19 16 18
23 24 25
23 26 27
21 22 28
21 27 30
21 26 29
22 25 31
22 24 6
23 29 30
25 28 33
24 28 8
26 32 0
31 33 16
29 32 3
75
{[17, 16, 9, 8, 2]}
{[16, 13, 12, 11, 10]}
34
19 9 32
4 5 10
14 4 6
4 17 26
1 2 3
1 7 11
2 11 31
8 9 5
7 12 33
0 7 10
1 9 12
12 5 6
8 10 11
19 14 15
13 2 18
13 16 17
15 20 27
15 3 18
20 14 17
0 20 13
19 16 18
23 24 25
23 26 27
21 22 28
21 27 30
21 26 29
22 25 3
22 24 16
23 29 30
25 28 32
24 28 31
30 33 6
29 33 0
31 32 8
76
{[17, 16, 9, 8, 2]}
{[17, 16, 14, 12, 10]}
34
19 9 31
4 5 10
14 4 6
4 17 27
1 2 3
1 7 11
2 11 33
8 9 5
7 12 32
0 7 10
1 9 12
12 5 6
8 10 11
19 14 15
13 2 18
13 16 17
15 20 30
15 3 18
20 14 17
0 20 13
19 16 18
23 24 25
23 26 27
21 22 28
21 27 30
21 26 29
22 25 31
22 24 3
23 29 30
25 28 33
24 28 16
26 32 0
31 33 8
29 32 6
77
{[17, 16, 9, 8, 2]}
{[17, 16, 15, 13, 11]}
34
19 9 33
4 5 10
14 4 6
4 17 29
1 2 3
1 7 11
2 11 31
8 9 5
7 12 32
0 7 10
1 9 12
12 5 6
8 10 11
19 14 15
13 2 18
13 16 17
15 20 26
15 3 18
20 14 17
0 20 13
19 16 18
23 24 25
23 26 27
21 22 28
21 27 30
21 26 29
22 25 16
22 24 31
23 29 30
25 28 3
24 28 33
27 32 6
31 33 8
30 32 0
78
{[17, 16, 9, 8, 2]}
{[17, 16, 15, 13, 11]}
34
19 9 33
4 5 10
14 4 6
4 17 31
1 2 3
1 7 11
2 11 29
8 9 5
7 12 26
0 7 10
1 9 12
12 5 6
8 10 11
19 14 15
13 2 18
13 16 17
15 20 32
15 3 18
20 14 17
0 20 13
19 16 18
23 24 25
23 26 27
21 22 28
21 27 30
21 26 29
22 25 8
22 24 31
23 29 30
25 28 6
24 28 33
27 32 3
31 33 16
30 32 0
79
{[17, 16, 9, 8, 2]}
{[17, 15, 14, 13, 12]}
34
19 9 31
4 5 10
14 4 6
4 17 30
1 2 3
1 7 11
2 11 32
8 9 5
7 12 33
0 7 10
1 9 12
12 5 6
8 10 11
19 14 15
13 2 18
13 16 17
15 20 29
15 3 18
20 14 17
0 20 13
19 16 18
23 24 25
23 26 27
21 22 28
21 27 30
21 26 29
22 25 32
22 24 31
23 29 30
25 28 16
24 28 3
27 33 0
26 33 6
31 32 8
80
{[17, 16, 9, 8, 2]}
{[17, 15, 14, 13, 12]}
34
19 9 31
4 5 10
14 4 6
4 17 32
1 2 3
1 7 11
2 11 30
8 9 5
7 12 29
0 7 10
1 9 12
12 5 6
8 10 11
19 14 15
13 2 18
13 16 17
15 20 33
15 3 18
20 14 17
0 20 13
19 16 18
23 24 25
23 26 27
21 22 28
21 27 30
21 26 29
22 25 32
22 24 31
23 29 30
25 28 8
24 28 6
27 33 0
26 33 3
31 32 16
81
{[17, 16, 9, 8, 2]}
{[5, 4, 2, 1, 0]}
34
19 9 22
4 5 10
14 4 6
4 17 27
1 2 3
1 7 11
2 11 23
8 9 5
7 12 24
0 7 10
1 9 12
12 5 6
8 10 11
19 14 15
13 2 18
13 16 17
15 20 21
15 3 18
20 14 17
0 20 13
19 16 18
22 25 16
21 26 0
24 25 6
23 31 8
21 23 30
22 28 32
29 32 3
26 29 30
27 28 31
25 28 33
24 29 33
26 27 33
30 31 32
82
{[17, 16, 9, 8, 2]}
{[6, 3, 2, 1, 0]}
34
19 9 25
4 5 10
14 4 6
4 17 21
1 2 3
1 7 11
2 11 26
8 9 5
7 12 23
0 7 10
1 9 12
12 5 6
8 10 11
19 14 15
13 2 18
13 16 17
15 20 22
15 3 18
20 14 17
0 20 13
19 16 18
22 24 3
21 27 16
24 25 8
21 23 31
23 30 0
28 32 6
22 29 32
26 29 30
27 28 31
25 28 33
24 29 33
26 27 33
30 31 32
83
{[17, 16, 9, 8, 2]}
{[8, 7, 4, 2, 0]}
34
19 9 23
4 5 10
14 4 6
4 17 22
1 2 3
1 7 11
2 11 31
8 9 5
7 12 21
0 7 10
1 9 12
12 5 6
8 10 11
19 14 15
13 2 18
13 16 17
15 20 25
15 3 18
20 14 17
0 20 13
19 16 18
23 24 8
24 25 3
21 27 0
21 22 26
22 30 16
24 28 32
23 29 32
26 29 30
27 28 31
25 28 33
29 33 6
26 27 33
30 31 32
84
{[17, 16, 9, 8, 2]}
{[9, 7, 3, 2, 0]}
34
19 9 25
4 5 10
14 4 6
4 17 30
1 2 3
1 7 11
2 11 21
8 9 5
7 12 24
0 7 10
1 9 12
12 5 6
8 10 11
19 14 15
13 2 18
13 16 17
15 20 22
15 3 18
20 14 17
0 20 13
19 16 18
23 24 6
23 25 16
21 22 27
21 26 8
22 31 0
24 28 32
23 29 32
26 29 30
27 28 31
28 33 3
25 29 33
26 27 33
30 31 32
85
{[17, 16, 9, 8, 2]}
{[6, 3, 2, 1, 0]}
34
19 9 25
4 5 10
14 4 6
4 17 26
1 2 3
1 7 11
2 11 21
8 9 5
7 12 22
0 7 10
1 9 12
12 5 6
8 10 11
19 14 15
13 2 18
13 16 17
15 20 23
15 3 18
20 14 17
0 20 13
19 16 18
22 24 6
21 27 8
24 25 16
21 23 31
23 30 0
28 32 3
22 29 32
26 29 30
27 28 31
25 28 33
24 29 33
26 27 33
30 31 32
86
{[17, 16, 9, 8, 2]}
{[9, 7, 3, 2, 0]}
34
19 9 25
4 5 10
14 4 6
4 17 21
1 2 3
1 7 11
2 11 30
8 9 5
7 12 22
0 7 10
1 9 12
12 5 6
8 10 11
19 14 15
13 2 18
13 16 17
15 20 24
15 3 18
20 14 17
0 20 13
19 16 18
23 24 3
23 25 8
21 22 27
21 26 16
22 31 0
24 28 32
23 29 32
26 29 30
27 28 31
28 33 6
25 29 33
26 27 33
30 31 32
87
{[17, 16, 9, 8, 2]}
{[5, 4, 2, 1, 0]}
34
19 9 22
4 5 10
14 4 6
4 17 23
1 2 3
1 7 11
2 11 27
8 9 5
7 12 21
0 7 10
1 9 12
12 5 6
8 10 11
19 14 15
13 2 18
13 16 17
15 20 24
15 3 18
20 14 17
0 20 13
19 16 18
22 25 8
21 26 0
24 25 3
23 31 16
21 23 30
22 28 32
29 32 6
26 29 30
27 28 31
25 28 33
24 29 33
26 27 33
30 31 32
88
{[17, 16, 9, 8, 2]}
{[8, 7, 4, 2, 0]}
34
19 9 23
4 5 10
14 4 6
4 17 31
1 2 3
1 7 11
2 11 22
8 9 5
7 12 25
0 7 10
1 9 12
12 5 6
8 10 11
19 14 15
13 2 18
13 16 17
15 20 21
15 3 18
20 14 17
0 20 13
19 16 18
23 24 16
24 25 6
21 27 0
21 22 26
22 30 8
24 28 32
23 29 32
26 29 30
27 28 31
25 28 33
29 33 3
26 27 33
30 31 32
89
{[17, 16, 9, 8, 2]}
{[16, 13, 12, 11, 10]}
34
19 9 32
4 5 10
14 4 6
4 17 26
1 2 3
1 7 11
2 11 31
8 9 5
7 12 33
0 7 10
1 9 12
12 5 6
8 10 11
19 14 15
13 2 18
13 16 17
15 20 27
15 3 18
20 14 17
0 20 13
19 16 18
23 24 25
23 26 27
21 22 28
21 27 30
21 26 29
22 25 3
22 24 16
23 29 30
25 28 32
24 28 31
30 33 6
29 33 0
31 32 8
90
{[17, 16, 9, 8, 2]}
{[17, 16, 14, 12, 10]}
34
19 9 31
4 5 10
14 4 6
4 17 27
1 2 3
1 7 11
2 11 33
8 9 5
7 12 32
0 7 10
1 9 12
12 5 6
8 10 11
19 14 15
13 2 18
13 16 17
15 20 30
15 3 18
20 14 17
0 20 13
19 16 18
23 24 25
23 26 27
21 22 28
21 27 30
21 26 29
22 25 31
22 24 3
23 29 30
25 28 33
24 28 16
26 32 0
31 33 8
29 32 6
91
{[17, 16, 9, 8, 2]}
{[16, 13, 12, 11, 10]}
34
19 9 32
4 5 10
14 4 6
4 17 31
1 2 3
1 7 11
2 11 26
8 9 5
7 12 27
0 7 10
1 9 12
12 5 6
8 10 11
19 14 15
13 2 18
13 16 17
15 20 33
15 3 18
20 14 17
0 20 13
19 16 18
23 24 25
23 26 27
21 22 28
21 27 30
21 26 29
22 25 6
22 24 8
23 29 30
25 28 32
24 28 31
30 33 3
29 33 0
31 32 16
92
{[17, 16, 9, 8, 2]}
{[17, 16, 14, 12, 10]}
34
19 9 31
4 5 10
14 4 6
4 17 33
1 2 3
1 7 11
2 11 27
8 9 5
7 12 30
0 7 10
1 9 12
12 5 6
8 10 11
19 14 15
13 2 18
13 16 17
15 20 32
15 3 18
20 14 17
0 20 13
19 16 18
23 24 25
23 26 27
21 22 28
21 27 30
21 26 29
22 25 31
22 24 6
23 29 30
25 28 33
24 28 8
26 32 0
31 33 16
29 32 3
93
{[17, 16, 9, 8, 2]}
{[17, 16, 15, 13, 11]}
34
19 9 33
4 5 10
14 4 6
4 17 31
1 2 3
1 7 11
2 11 29
8 9 5
7 12 26
0 7 10
1 9 12
12 5 6
8 10 11
19 14 15
13 2 18
13 16 17
15 20 32
15 3 18
20 14 17
0 20 13
19 16 18
23 24 25
23 26 27
21 22 28
21 27 30
21 26 29
22 25 8
22 24 31
23 29 30
25 28 6
24 28 33
27 32 3
31 33 16
30 32 0
94
{[17, 16, 9, 8, 2]}
{[17, 16, 15, 13, 11]}
34
19 9 33
4 5 10
14 4 6
4 17 29
1 2 3
1 7 11
2 11 31
8 9 5
7 12 32
0 7 10
1 9 12
12 5 6
8 10 11
19 14 15
13 2 18
13 16 17
15 20 26
15 3 18
20 14 17
0 20 13
19 16 18
23 24 25
23 26 27
21 22 28
21 27 30
21 26 29
22 25 16
22 24 31
23 29 30
25 28 3
24 28 33
27 32 6
31 33 8
30 32 0
95
{[17, 16, 9, 8, 2]}
{[17, 15, 14, 13, 12]}
34
19 9 31
4 5 10
14 4 6
4 17 32
1 2 3
1 7 11
2 11 30
8 9 5
7 12 29
0 7 10
1 9 12
12 5 6
8 10 11
19 14 15
13 2 18
13 16 17
15 20 33
15 3 18
20 14 17
0 20 13
19 16 18
23 24 25
23 26 27
21 22 28
21 27 30
21 26 29
22 25 32
22 24 31
23 29 30
25 28 8
24 28 6
27 33 0
26 33 3
31 32 16
96
{[17, 16, 9, 8, 2]}
{[17, 15, 14, 13, 12]}
34
19 9 31
4 5 10
14 4 6
4 17 30
1 2 3
1 7 11
2 11 32
8 9 5
7 12 33
0 7 10
1 9 12
12 5 6
8 10 11
19 14 15
13 2 18
13 16 17
15 20 29
15 3 18
20 14 17
0 20 13
19 16 18
23 24 25
23 26 27
21 22 28
21 27 30
21 26 29
22 25 32
22 24 31
23 29 30
25 28 16
24 28 3
27 33 0
26 33 6
31 32 8
97
{[15, 14, 11, 10, 6]}
{[5, 4, 2, 1, 0]}
34
7 19 9
5 10 21
11 8 6
14 5 6
11 5 17
1 3 4
2 3 27
0 8 12
7 2 24
0 10 22
1 9 23
12 2 4
7 11 16
19 14 15
13 3 18
13 16 17
12 15 20
15 4 18
20 14 17
0 20 13
19 16 18
22 25 1
21 26 9
24 25 10
23 31 8
21 23 30
22 28 32
29 32 6
26 29 30
27 28 31
25 28 33
24 29 33
26 27 33
30 31 32
98
{[15, 14, 11, 10, 6]}
{[6, 3, 2, 1, 0]}
34
7 19 9
5 10 22
11 8 6
14 5 6
11 5 17
1 3 4
2 3 21
0 8 12
7 2 23
0 10 25
1 9 26
12 2 4
7 11 16
19 14 15
13 3 18
13 16 17
12 15 20
15 4 18
20 14 17
0 20 13
19 16 18
22 24 6
21 27 1
24 25 8
21 23 31
23 30 9
28 32 10
22 29 32
26 29 30
27 28 31
25 28 33
24 29 33
26 27 33
30 31 32
99
{[15, 14, 11, 10, 6]}
{[8, 7, 4, 2, 0]}
34
7 19 9
5 10 25
11 8 6
14 5 6
11 5 17
1 3 4
2 3 22
0 8 12
7 2 21
0 10 23
1 9 31
12 2 4
7 11 16
19 14 15
13 3 18
13 16 17
12 15 20
15 4 18
20 14 17
0 20 13
19 16 18
23 24 8
24 25 6
21 27 9
21 22 26
22 30 1
24 28 32
23 29 32
26 29 30
27 28 31
25 28 33
29 33 10
26 27 33
30 31 32
100
{[15, 14, 11, 10, 6]}
{[9, 7, 3, 2, 0]}
34
7 19 9
5 10 22
11 8 6
14 5 6
11 5 17
1 3 4
2 3 30
0 8 12
7 2 24
0 10 25
1 9 21
12 2 4
7 11 16
19 14 15
13 3 18
13 16 17
12 15 20
15 4 18
20 14 17
0 20 13
19 16 18
23 24 10
23 25 1
21 22 27
21 26 8
22 31 9
24 28 32
23 29 32
26 29 30
27 28 31
28 33 6
25 29 33
26 27 33
30 31 32
101
{[15, 14, 11, 10, 6]}
{[6, 3, 2, 1, 0]}
34
7 19 9
5 10 23
11 8 6
14 5 6
11 5 17
1 3 4
2 3 26
0 8 12
7 2 22
0 10 25
1 9 21
12 2 4
7 11 16
19 14 15
13 3 18
13 16 17
12 15 20
15 4 18
20 14 17
0 20 13
19 16 18
22 24 10
21 27 8
24 25 1
21 23 31
23 30 9
28 32 6
22 29 32
26 29 30
27 28 31
25 28 33
24 29 33
26 27 33
30 31 32
102
{[15, 14, 11, 10, 6]}
{[9, 7, 3, 2, 0]}
34
7 19 9
5 10 24
11 8 6
14 5 6
11 5 17
1 3 4
2 3 21
0 8 12
7 2 22
0 10 25
1 9 30
12 2 4
7 11 16
19 14 15
13 3 18
13 16 17
12 15 20
15 4 18
20 14 17
0 20 13
19 16 18
23 24 6
23 25 8
21 22 27
21 26 1
22 31 9
24 28 32
23 29 32
26 29 30
27 28 31
28 33 10
25 29 33
26 27 33
30 31 32
103
{[15, 14, 11, 10, 6]}
{[5, 4, 2, 1, 0]}
34
7 19 9
5 10 24
11 8 6
14 5 6
11 5 17
1 3 4
2 3 23
0 8 12
7 2 21
0 10 22
1 9 27
12 2 4
7 11 16
19 14 15
13 3 18
13 16 17
12 15 20
15 4 18
20 14 17
0 20 13
19 16 18
22 25 8
21 26 9
24 25 6
23 31 1
21 23 30
22 28 32
29 32 10
26 29 30
27 28 31
25 28 33
24 29 33
26 27 33
30 31 32
104
{[15, 14, 11, 10, 6]}
{[8, 7, 4, 2, 0]}
34
7 19 9
5 10 21
11 8 6
14 5 6
11 5 17
1 3 4
2 3 31
0 8 12
7 2 25
0 10 23
1 9 22
12 2 4
7 11 16
19 14 15
13 3 18
13 16 17
12 15 20
15 4 18
20 14 17
0 20 13
19 16 18
23 24 1
24 25 10
21 27 9
21 22 26
22 30 8
24 28 32
23 29 32
26 29 30
27 28 31
25 28 33
29 33 6
26 27 33
30 31 32
105
{[15, 14, 11, 10, 6]}
{[16, 13, 12, 11, 10]}
34
7 19 9
5 10 27
11 8 6
14 5 6
11 5 17
1 3 4
2 3 26
0 8 12
7 2 33
0 10 32
1 9 31
12 2 4
7 11 16
19 14 15
13 3 18
13 16 17
12 15 20
15 4 18
20 14 17
0 20 13
19 16 18
23 24 25
23 26 27
21 22 28
21 27 30
21 26 29
22 25 6
22 24 1
23 29 30
25 28 32
24 28 31
30 33 10
29 33 9
31 32 8
106
{[15, 14, 11, 10, 6]}
{[17, 16, 14, 12, 10]}
34
7 19 9
5 10 30
11 8 6
14 5 6
11 5 17
1 3 4
2 3 27
0 8 12
7 2 32
0 10 31
1 9 33
12 2 4
7 11 16
19 14 15
13 3 18
13 16 17
12 15 20
15 4 18
20 14 17
0 20 13
19 16 18
23 24 25
23 26 27
21 22 28
21 27 30
21 26 29
22 25 31
22 24 6
23 29 30
25 28 33
24 28 1
26 32 9
31 33 8
29 32 10
107
{[15, 14, 11, 10, 6]}
{[16, 13, 12, 11, 10]}
34
7 19 9
5 10 33
11 8 6
14 5 6
11 5 17
1 3 4
2 3 31
0 8 12
7 2 27
0 10 32
1 9 26
12 2 4
7 11 16
19 14 15
13 3 18
13 16 17
12 15 20
15 4 18
20 14 17
0 20 13
19 16 18
23 24 25
23 26 27
21 22 28
21 27 30
21 26 29
22 25 10
22 24 8
23 29 30
25 28 32
24 28 31
30 33 6
29 33 9
31 32 1
108
{[15, 14, 11, 10, 6]}
{[17, 16, 14, 12, 10]}
34
7 19 9
5 10 32
11 8 6
14 5 6
11 5 17
1 3 4
2 3 33
0 8 12
7 2 30
0 10 31
1 9 27
12 2 4
7 11 16
19 14 15
13 3 18
13 16 17
12 15 20
15 4 18
20 14 17
0 20 13
19 16 18
23 24 25
23 26 27
21 22 28
21 27 30
21 26 29
22 25 31
22 24 10
23 29 30
25 28 33
24 28 8
26 32 9
31 33 1
29 32 6
109
{[15, 14, 11, 10, 6]}
{[17, 16, 15, 13, 11]}
34
7 19 9
5 10 32
11 8 6
14 5 6
11 5 17
1 3 4
2 3 31
0 8 12
7 2 26
0 10 33
1 9 29
12 2 4
7 11 16
19 14 15
13 3 18
13 16 17
12 15 20
15 4 18
20 14 17
0 20 13
19 16 18
23 24 25
23 26 27
21 22 28
21 27 30
21 26 29
22 25 8
22 24 31
23 29 30
25 28 10
24 28 33
27 32 6
31 33 1
30 32 9
110
{[15, 14, 11, 10, 6]}
{[17, 16, 15, 13, 11]}
34
7 19 9
5 10 26
11 8 6
14 5 6
11 5 17
1 3 4
2 3 29
0 8 12
7 2 32
0 10 33
1 9 31
12 2 4
7 11 16
19 14 15
13 3 18
13 16 17
12 15 20
15 4 18
20 14 17
0 20 13
19 16 18
23 24 25
23 26 27
21 22 28
21 27 30
21 26 29
22 25 1
22 24 31
23 29 30
25 28 6
24 28 33
27 32 10
31 33 8
30 32 9
111
{[15, 14, 11, 10, 6]}
{[17, 15, 14, 13, 12]}
34
7 19 9
5 10 33
11 8 6
14 5 6
11 5 17
1 3 4
2 3 32
0 8 12
7 2 29
0 10 31
1 9 30
12 2 4
7 11 16
19 14 15
13 3 18
13 16 17
12 15 20
15 4 18
20 14 17
0 20 13
19 16 18
23 24 25
23 26 27
21 22 28
21 27 30
21 26 29
22 25 32
22 24 31
23 29 30
25 28 8
24 28 10
27 33 9
26 33 6
31 32 1
112
{[15, 14, 11, 10, 6]}
{[17, 15, 14, 13, 12]}
34
7 19 9
5 10 29
11 8 6
14 5 6
11 5 17
1 3 4
2 3 30
0 8 12
7 2 33
0 10 31
1 9 32
12 2 4
7 11 16
19 14 15
13 3 18
13 16 17
12 15 20
15 4 18
20 14 17
0 20 13
19 16 18
23 24 25
23 26 27
21 22 28
21 27 30
21 26 29
22 25 32
22 24 31
23 29 30
25 28 1
24 28 6
27 33 9
26 33 10
31 32 8
113
{[15, 14, 11, 10, 6]}
{[5, 4, 2, 1, 0]}
34
7 19 9
5 10 24
11 8 6
14 5 6
11 5 17
1 3 4
2 3 23
0 8 12
7 2 21
0 10 22
1 9 27
12 2 4
7 11 16
19 14 15
13 3 18
13 16 17
12 15 20
15 4 18
20 14 17
0 20 13
19 16 18
22 25 8
21 26 9
24 25 6
23 31 1
21 23 30
22 28 32
29 32 10
26 29 30
27 28 31
25 28 33
24 29 33
26 27 33
30 31 32
114
{[15, 14, 11, 10, 6]}
{[6, 3, 2, 1, 0]}
34
7 19 9
5 10 23
11 8 6
14 5 6
11 5 17
1 3 4
2 3 26
0 8 12
7 2 22
0 10 25
1 9 21
12 2 4
7 11 16
19 14 15
13 3 18
13 16 17
12 15 20
15 4 18
20 14 17
0 20 13
19 16 18
22 24 10
21 27 8
24 25 1
21 23 31
23 30 9
28 32 6
22 29 32
26 29 30
27 28 31
25 28 33
24 29 33
26 27 33
30 31 32
115
{[15, 14, 11, 10, 6]}
{[8, 7, 4, 2, 0]}
34
7 19 9
5 10 21
11 8 6
14 5 6
11 5 17
1 3 4
2 3 31
0 8 12
7 2 25
0 10 23
1 9 22
12 2 4
7 11 16
19 14 15
13 3 18
13 16 17
12 15 20
15 4 18
20 14 17
0 20 13
19 16 18
23 24 1
24 25 10
21 27 9
21 22 26
22 30 8
24 28 32
23 29 32
26 29 30
27 28 31
25 28 33
29 33 6
26 27 33
30 31 32
116
{[15, 14, 11, 10, 6]}
{[9, 7, 3, 2, 0]}
34
7 19 9
5 10 24
11 8 6
14 5 6
11 5 17
1 3 4
2 3 21
0 8 12
7 2 22
0 10 25
1 9 30
12 2 4
7 11 16
19 14 15
13 3 18
13 16 17
12 15 20
15 4 18
20 14 17
0 20 13
19 16 18
23 24 6
23 25 8
21 22 27
21 26 1
22 31 9
24 28 32
23 29 32
26 29 30
27 28 31
28 33 10
25 29 33
26 27 33
30 31 32
117
{[15, 14, 11, 10, 6]}
{[6, 3, 2, 1, 0]}
34
7 19 9
5 10 22
11 8 6
14 5 6
11 5 17
1 3 4
2 3 21
0 8 12
7 2 23
0 10 25
1 9 26
12 2 4
7 11 16
19 14 15
13 3 18
13 16 17
12 15 20
15 4 18
20 14 17
0 20 13
19 16 18
22 24 6
21 27 1
24 25 8
21 23 31
23 30 9
28 32 10
22 29 32
26 29 30
27 28 31
25 28 33
24 29 33
26 27 33
30 31 32
118
{[15, 14, 11, 10, 6]}
{[9, 7, 3, 2, 0]}
34
7 19 9
5 10 22
11 8 6
14 5 6
11 5 17
1 3 4
2 3 30
0 8 12
7 2 24
0 10 25
1 9 21
12 2 4
7 11 16
19 14 15
13 3 18
13 16 17
12 15 20
15 4 18
20 14 17
0 20 13
19 16 18
23 24 10
23 25 1
21 22 27
21 26 8
22 31 9
24 28 32
23 29 32
26 29 30
27 28 31
28 33 6
25 29 33
26 27 33
30 31 32
119
{[15, 14, 11, 10, 6]}
{[5, 4, 2, 1, 0]}
34
7 19 9
5 10 21
11 8 6
14 5 6
11 5 17
1 3 4
2 3 27
0 8 12
7 2 24
0 10 22
1 9 23
12 2 4
7 11 16
19 14 15
13 3 18
13 16 17
12 15 20
15 4 18
20 14 17
0 20 13
19 16 18
22 25 1
21 26 9
24 25 10
23 31 8
21 23 30
22 28 32
29 32 6
26 29 30
27 28 31
25 28 33
24 29 33
26 27 33
30 31 32
120
{[15, 14, 11, 10, 6]}
{[8, 7, 4, 2, 0]}
34
7 19 9
5 10 25
11 8 6
14 5 6
11 5 17
1 3 4
2 3 22
0 8 12
7 2 21
0 10 23
1 9 31
12 2 4
7 11 16
19 14 15
13 3 18
13 16 17
12 15 20
15 4 18
20 14 17
0 20 13
19 16 18
23 24 8
24 25 6
21 27 9
21 22 26
22 30 1
24 28 32
23 29 32
26 29 30
27 28 31
25 28 33
29 33 10
26 27 33
30 31 32
121
{[15, 14, 11, 10, 6]}
{[16, 13, 12, 11, 10]}
34
7 19 9
5 10 33
11 8 6
14 5 6
11 5 17
1 3 4
2 3 31
0 8 12
7 2 27
0 10 32
1 9 26
12 2 4
7 11 16
19 14 15
13 3 18
13 16 17
12 15 20
15 4 18
20 14 17
0 20 13
19 16 18
23 24 25
23 26 27
21 22 28
21 27 30
21 26 29
22 25 10
22 24 8
23 29 30
25 28 32
24 28 31
30 33 6
29 33 9
31 32 1
122
{[15, 14, 11, 10, 6]}
{[17, 16, 14, 12, 10]}
34
7 19 9
5 10 32
11 8 6
14 5 6
11 5 17
1 3 4
2 3 33
0 8 12
7 2 30
0 10 31
1 9 27
12 2 4
7 11 16
19 14 15
13 3 18
13 16 17
12 15 20
15 4 18
20 14 17
0 20 13
19 16 18
23 24 25
23 26 27
21 22 28
21 27 30
21 26 29
22 25 31
22 24 10
23 29 30
25 28 33
24 28 8
26 32 9
31 33 1
29 32 6
123
{[15, 14, 11, 10, 6]}
{[16, 13, 12, 11, 10]}
34
7 19 9
5 10 27
11 8 6
14 5 6
11 5 17
1 3 4
2 3 26
0 8 12
7 2 33
0 10 32
1 9 31
12 2 4
7 11 16
19 14 15
13 3 18
13 16 17
12 15 20
15 4 18
20 14 17
0 20 13
19 16 18
23 24 25
23 26 27
21 22 28
21 27 30
21 26 29
22 25 6
22 24 1
23 29 30
25 28 32
24 28 31
30 33 10
29 33 9
31 32 8
124
{[15, 14, 11, 10, 6]}
{[17, 16, 14, 12, 10]}
34
7 19 9
5 10 30
11 8 6
14 5 6
11 5 17
1 3 4
2 3 27
0 8 12
7 2 32
0 10 31
1 9 33
12 2 4
7 11 16
19 14 15
13 3 18
13 16 17
12 15 20
15 4 18
20 14 17
0 20 13
19 16 18
23 24 25
23 26 27
21 22 28
21 27 30
21 26 29
22 25 31
22 24 6
23 29 30
25 28 33
24 28 1
26 32 9
31 33 8
29 32 10
125
{[15, 14, 11, 10, 6]}
{[17, 16, 15, 13, 11]}
34
7 19 9
5 10 26
11 8 6
14 5 6
11 5 17
1 3 4
2 3 29
0 8 12
7 2 32
0 10 33
1 9 31
12 2 4
7 11 16
19 14 15
13 3 18
13 16 17
12 15 20
15 4 18
20 14 17
0 20 13
19 16 18
23 24 25
23 26 27
21 22 28
21 27 30
21 26 29
22 25 1
22 24 31
23 29 30
25 28 6
24 28 33
27 32 10
31 33 8
30 32 9
126
{[15, 14, 11, 10, 6]}
{[17, 16, 15, 13, 11]}
34
7 19 9
5 10 32
11 8 6
14 5 6
11 5 17
1 3 4
2 3 31
0 8 12
7 2 26
0 10 33
1 9 29
12 2 4
7 11 16
19 14 15
13 3 18
13 16 17
12 15 20
15 4 18
20 14 17
0 20 13
19 16 18
23 24 25
23 26 27
21 22 28
21 27 30
21 26 29
22 25 8
22 24 31
23 29 30
25 28 10
24 28 33
27 32 6
31 33 1
30 32 9
127
{[15, 14, 11, 10, 6]}
{[17, 15, 14, 13, 12]}
34
7 19 9
5 10 29
11 8 6
14 5 6
11 5 17
1 3 4
2 3 30
0 8 12
7 2 33
0 10 31
1 9 32
12 2 4
7 11 16
19 14 15
13 3 18
13 16 17
12 15 20
15 4 18
20 14 17
0 20 13
19 16 18
23 24 25
23 26 27
21 22 28
21 27 30
21 26 29
22 25 32
22 24 31
23 29 30
25 28 1
24 28 6
27 33 9
26 33 10
31 32 8
128
{[15, 14, 11, 10, 6]}
{[17, 15, 14, 13, 12]}
34
7 19 9
5 10 33
11 8 6
14 5 6
11 5 17
1 3 4
2 3 32
0 8 12
7 2 29
0 10 31
1 9 30
12 2 4
7 11 16
19 14 15
13 3 18
13 16 17
12 15 20
15 4 18
20 14 17
0 20 13
19 16 18
23 24 25
23 26 27
21 22 28
21 27 30
21 26 29
22 25 32
22 24 31
23 29 30
25 28 8
24 28 10
27 33 9
26 33 6
31 32 1
129
{[15, 13, 12, 11, 10]}
{[5, 4, 2, 1, 0]}
34
8 19 24
5 6 22
11 9 7
14 5 7
11 5 17
1 3 4
1 10 23
2 3 10
0 9 12
8 2 27
6 7 21
12 2 4
8 11 16
19 14 15
13 3 18
13 16 17
12 15 20
15 4 18
20 14 17
0 20 13
19 16 18
22 25 10
21 26 1
24 25 6
23 31 0
21 23 30
22 28 32
29 32 9
26 29 30
27 28 31
25 28 33
24 29 33
26 27 33
30 31 32
130
{[15, 13, 12, 11, 10]}
{[6, 3, 2, 1, 0]}
34
8 19 23
5 6 25
11 9 7
14 5 7
11 5 17
1 3 4
1 10 26
2 3 10
0 9 12
8 2 21
6 7 22
12 2 4
8 11 16
19 14 15
13 3 18
13 16 17
12 15 20
15 4 18
20 14 17
0 20 13
19 16 18
22 24 9
21 27 10
24 25 0
21 23 31
23 30 1
28 32 6
22 29 32
26 29 30
27 28 31
25 28 33
24 29 33
26 27 33
30 31 32
131
{[15, 13, 12, 11, 10]}
{[8, 7, 4, 2, 0]}
34
8 19 21
5 6 23
11 9 7
14 5 7
11 5 17
1 3 4
1 10 31
2 3 10
0 9 12
8 2 22
6 7 25
12 2 4
8 11 16
19 14 15
13 3 18
13 16 17
12 15 20
15 4 18
20 14 17
0 20 13
19 16 18
23 24 0
24 25 9
21 27 1
21 22 26
22 30 10
24 28 32
23 29 32
26 29 30
27 28 31
25 28 33
29 33 6
26 27 33
30 31 32
132
{[15, 13, 12, 11, 10]}
{[9, 7, 3, 2, 0]}
34
8 19 24
5 6 25
11 9 7
14 5 7
11 5 17
1 3 4
1 10 21
2 3 10
0 9 12
8 2 30
6 7 22
12 2 4
8 11 16
19 14 15
13 3 18
13 16 17
12 15 20
15 4 18
20 14 17
0 20 13
19 16 18
23 24 6
23 25 10
21 22 27
21 26 0
22 31 1
24 28 32
23 29 32
26 29 30
27 28 31
28 33 9
25 29 33
26 27 33
30 31 32
133
{[15, 13, 12, 11, 10]}
{[6, 3, 2, 1, 0]}
34
8 19 22
5 6 25
11 9 7
14 5 7
11 5 17
1 3 4
1 10 21
2 3 10
0 9 12
8 2 26
6 7 23
12 2 4
8 11 16
19 14 15
13 3 18
13 16 17
12 15 20
15 4 18
20 14 17
0 20 13
19 16 18
22 24 6
21 27 0
24 25 10
21 23 31
23 30 1
28 32 9
22 29 32
26 29 30
27 28 31
25 28 33
24 29 33
26 27 33
30 31 32
134
{[15, 13, 12, 11, 10]}
{[9, 7, 3, 2, 0]}
34
8 19 22
5 6 25
11 9 7
14 5 7
11 5 17
1 3 4
1 10 30
2 3 10
0 9 12
8 2 21
6 7 24
12 2 4
8 11 16
19 14 15
13 3 18
13 16 17
12 15 20
15 4 18
20 14 17
0 20 13
19 16 18
23 24 9
23 25 0
21 22 27
21 26 10
22 31 1
24 28 32
23 29 32
26 29 30
27 28 31
28 33 6
25 29 33
26 27 33
30 31 32
135
{[15, 13, 12, 11, 10]}
{[5, 4, 2, 1, 0]}
34
8 19 21
5 6 22
11 9 7
14 5 7
11 5 17
1 3 4
1 10 27
2 3 10
0 9 12
8 2 23
6 7 24
12 2 4
8 11 16
19 14 15
13 3 18
13 16 17
12 15 20
15 4 18
20 14 17
0 20 13
19 16 18
22 25 0
21 26 1
24 25 9
23 31 10
21 23 30
22 28 32
29 32 6
26 29 30
27 28 31
25 28 33
24 29 33
26 27 33
30 31 32
136
{[15, 13, 12, 11, 10]}
{[8, 7, 4, 2, 0]}
34
8 19 25
5 6 23
11 9 7
14 5 7
11 5 17
1 3 4
1 10 22
2 3 10
0 9 12
8 2 31
6 7 21
12 2 4
8 11 16
19 14 15
13 3 18
13 16 17
12 15 20
15 4 18
20 14 17
0 20 13
19 16 18
23 24 10
24 25 6
21 27 1
21 22 26
22 30 0
24 28 32
23 29 32
26 29 30
27 28 31
25 28 33
29 33 9
26 27 33
30 31 32
137
{[15, 13, 12, 11, 10]}
{[16, 13, 12, 11, 10]}
34
8 19 33
5 6 32
11 9 7
14 5 7
11 5 17
1 3 4
1 10 31
2 3 10
0 9 12
8 2 26
6 7 27
12 2 4
8 11 16
19 14 15
13 3 18
13 16 17
12 15 20
15 4 18
20 14 17
0 20 13
19 16 18
23 24 25
23 26 27
21 22 28
21 27 30
21 26 29
22 25 9
22 24 10
23 29 30
25 28 32
24 28 31
30 33 6
29 33 1
31 32 0
138
{[15, 13, 12, 11, 10]}
{[17, 16, 14, 12, 10]}
34
8 19 32
5 6 31
11 9 7
14 5 7
11 5 17
1 3 4
1 10 33
2 3 10
0 9 12
8 2 27
6 7 30
12 2 4
8 11 16
19 14 15
13 3 18
13 16 17
12 15 20
15 4 18
20 14 17
0 20 13
19 16 18
23 24 25
23 26 27
21 22 28
21 27 30
21 26 29
22 25 31
22 24 9
23 29 30
25 28 33
24 28 10
26 32 1
31 33 0
29 32 6
139
{[15, 13, 12, 11, 10]}
{[16, 13, 12, 11, 10]}
34
8 19 27
5 6 32
11 9 7
14 5 7
11 5 17
1 3 4
1 10 26
2 3 10
0 9 12
8 2 31
6 7 33
12 2 4
8 11 16
19 14 15
13 3 18
13 16 17
12 15 20
15 4 18
20 14 17
0 20 13
19 16 18
23 24 25
23 26 27
21 22 28
21 27 30
21 26 29
22 25 6
22 24 0
23 29 30
25 28 32
24 28 31
30 33 9
29 33 1
31 32 10
140
{[15, 13, 12, 11, 10]}
{[17, 16, 14, 12, 10]}
34
8 19 30
5 6 31
11 9 7
14 5 7
11 5 17
1 3 4
1 10 27
2 3 10
0 9 12
8 2 33
6 7 32
12 2 4
8 11 16
19 14 15
13 3 18
13 16 17
12 15 20
15 4 18
20 14 17
0 20 13
19 16 18
23 24 25
23 26 27
21 22 28
21 27 30
21 26 29
22 25 31
22 24 6
23 29 30
25 28 33
24 28 0
26 32 1
31 33 10
29 32 9
141
{[15, 13, 12, 11, 10]}
{[17, 16, 15, 13, 11]}
34
8 19 26
5 6 33
11 9 7
14 5 7
11 5 17
1 3 4
1 10 29
2 3 10
0 9 12
8 2 31
6 7 32
12 2 4
8 11 16
19 14 15
13 3 18
13 16 17
12 15 20
15 4 18
20 14 17
0 20 13
19 16 18
23 24 25
23 26 27
21 22 28
21 27 30
21 26 29
22 25 0
22 24 31
23 29 30
25 28 6
24 28 33
27 32 9
31 33 10
30 32 1
142
{[15, 13, 12, 11, 10]}
{[17, 16, 15, 13, 11]}
34
8 19 32
5 6 33
11 9 7
14 5 7
11 5 17
1 3 4
1 10 31
2 3 10
0 9 12
8 2 29
6 7 26
12 2 4
8 11 16
19 14 15
13 3 18
13 16 17
12 15 20
15 4 18
20 14 17
0 20 13
19 16 18
23 24 25
23 26 27
21 22 28
21 27 30
21 26 29
22 25 10
22 24 31
23 29 30
25 28 9
24 28 33
27 32 6
31 33 0
30 32 1
143
{[15, 13, 12, 11, 10]}
{[17, 15, 14, 13, 12]}
34
8 19 29
5 6 31
11 9 7
14 5 7
11 5 17
1 3 4
1 10 30
2 3 10
0 9 12
8 2 32
6 7 33
12 2 4
8 11 16
19 14 15
13 3 18
13 16 17
12 15 20
15 4 18
20 14 17
0 20 13
19 16 18
23 24 25
23 26 27
21 22 28
21 27 30
21 26 29
22 25 32
22 24 31
23 29 30
25 28 0
24 28 6
27 33 1
26 33 9
31 32 10
144
{[15, 13, 12, 11, 10]}
{[17, 15, 14, 13, 12]}
34
8 19 33
5 6 31
11 9 7
14 5 7
11 5 17
1 3 4
1 10 32
2 3 10
0 9 12
8 2 30
6 7 29
12 2 4
8 11 16
19 14 15
13 3 18
13 16 17
12 15 20
15 4 18
20 14 17
0 20 13
19 16 18
23 24 25
23 26 27
21 22 28
21 27 30
21 26 29
22 25 32
22 24 31
23 29 30
25 28 10
24 28 9
27 33 1
26 33 6
31 32 0
145
{[15, 13, 12, 11, 10]}
{[5, 4, 2, 1, 0]}
34
8 19 21
5 6 22
11 9 7
14 5 7
11 5 17
1 3 4
1 10 27
2 3 10
0 9 12
8 2 23
6 7 24
12 2 4
8 11 16
19 14 15
13 3 18
13 16 17
12 15 20
15 4 18
20 14 17
0 20 13
19 16 18
22 25 0
21 26 1
24 25 9
23 31 10
21 23 30
22 28 32
29 32 6
26 29 30
27 28 31
25 28 33
24 29 33
26 27 33
30 31 32
146
{[15, 13, 12, 11, 10]}
{[6, 3, 2, 1, 0]}
34
8 19 22
5 6 25
11 9 7
14 5 7
11 5 17
1 3 4
1 10 21
2 3 10
0 9 12
8 2 26
6 7 23
12 2 4
8 11 16
19 14 15
13 3 18
13 16 17
12 15 20
15 4 18
20 14 17
0 20 13
19 16 18
22 24 6
21 27 0
24 25 10
21 23 31
23 30 1
28 32 9
22 29 32
26 29 30
27 28 31
25 28 33
24 29 33
26 27 33
30 31 32
147
{[15, 13, 12, 11, 10]}
{[8, 7, 4, 2, 0]}
34
8 19 25
5 6 23
11 9 7
14 5 7
11 5 17
1 3 4
1 10 22
2 3 10
0 9 12
8 2 31
6 7 21
12 2 4
8 11 16
19 14 15
13 3 18
13 16 17
12 15 20
15 4 18
20 14 17
0 20 13
19 16 18
23 24 10
24 25 6
21 27 1
21 22 26
22 30 0
24 28 32
23 29 32
26 29 30
27 28 31
25 28 33
29 33 9
26 27 33
30 31 32
148
{[15, 13, 12, 11, 10]}
{[9, 7, 3, 2, 0]}
34
8 19 22
5 6 25
11 9 7
14 5 7
11 5 17
1 3 4
1 10 30
2 3 10
0 9 12
8 2 21
6 7 24
12 2 4
8 11 16
19 14 15
13 3 18
13 16 17
12 15 20
15 4 18
20 14 17
0 20 13
19 16 18
23 24 9
23 25 0
21 22 27
21 26 10
22 31 1
24 28 32
23 29 32
26 29 30
27 28 31
28 33 6
25 29 33
26 27 33
30 31 32
149
{[15, 13, 12, 11, 10]}
{[6, 3, 2, 1, 0]}
34
8 19 23
5 6 25
11 9 7
14 5 7
11 5 17
1 3 4
1 10 26
2 3 10
0 9 12
8 2 21
6 7 22
12 2 4
8 11 16
19 14 15
13 3 18
13 16 17
12 15 20
15 4 18
20 14 17
0 20 13
19 16 18
22 24 9
21 27 10
24 25 0
21 23 31
23 30 1
28 32 6
22 29 32
26 29 30
27 28 31
25 28 33
24 29 33
26 27 33
30 31 32
150
{[15, 13, 12, 11, 10]}
{[9, 7, 3, 2, 0]}
34
8 19 24
5 6 25
11 9 7
14 5 7
11 5 17
1 3 4
1 10 21
2 3 10
0 9 12
8 2 30
6 7 22
12 2 4
8 11 16
19 14 15
13 3 18
13 16 17
12 15 20
15 4 18
20 14 17
0 20 13
19 16 18
23 24 6
23 25 10
21 22 27
21 26 0
22 31 1
24 28 32
23 29 32
26 29 30
27 28 31
28 33 9
25 29 33
26 27 33
30 31 32
151
{[15, 13, 12, 11, 10]}
{[5, 4, 2, 1, 0]}
34
8 19 24
5 6 22
11 9 7
14 5 7
11 5 17
1 3 4
1 10 23
2 3 10
0 9 12
8 2 27
6 7 21
12 2 4
8 11 16
19 14 15
13 3 18
13 16 17
12 15 20
15 4 18
20 14 17
0 20 13
19 16 18
22 25 10
21 26 1
24 25 6
23 31 0
21 23 30
22 28 32
29 32 9
26 29 30
27 28 31
25 28 33
24 29 33
26 27 33
30 31 32
152
{[15, 13, 12, 11, 10]}
{[8, 7, 4, 2, 0]}
34
8 19 21
5 6 23
11 9 7
14 5 7
11 5 17
1 3 4
1 10 31
2 3 10
0 9 12
8 2 22
6 7 25
12 2 4
8 11 16
19 14 15
13 3 18
13 16 17
12 15 20
15 4 18
20 14 17
0 20 13
19 16 18
23 24 0
24 25 9
21 27 1
21 22 26
22 30 10
24 28 32
23 29 32
26 29 30
27 28 31
25 28 33
29 33 6
26 27 33
30 31 32
153
{[15, 13, 12, 11, 10]}
{[16, 13, 12, 11, 10]}
34
8 19 27
5 6 32
11 9 7
14 5 7
11 5 17
1 3 4
1 10 26
2 3 10
0 9 12
8 2 31
6 7 33
12 2 4
8 11 16
19 14 15
13 3 18
13 16 17
12 15 20
15 4 18
20 14 17
0 20 13
19 16 18
23 24 25
23 26 27
21 22 28
21 27 30
21 26 29
22 25 6
22 24 0
23 29 30
25 28 32
24 28 31
30 33 9
29 33 1
31 32 10
154
{[15, 13, 12, 11, 10]}
{[17, 16, 14, 12, 10]}
34
8 19 30
5 6 31
11 9 7
14 5 7
11 5 17
1 3 4
1 10 27
2 3 10
0 9 12
8 2 33
6 7 32
12 2 4
8 11 16
19 14 15
13 3 18
13 16 17
12 15 20
15 4 18
20 14 17
0 20 13
19 16 18
23 24 25
23 26 27
21 22 28
21 27 30
21 26 29
22 25 31
22 24 6
23 29 30
25 28 33
24 28 0
26 32 1
31 33 10
29 32 9
155
{[15, 13, 12, 11, 10]}
{[16, 13, 12, 11, 10]}
34
8 19 33
5 6 32
11 9 7
14 5 7
11 5 17
1 3 4
1 10 31
2 3 10
0 9 12
8 2 26
6 7 27
12 2 4
8 11 16
19 14 15
13 3 18
13 16 17
12 15 20
15 4 18
20 14 17
0 20 13
19 16 18
23 24 25
23 26 27
21 22 28
21 27 30
21 26 29
22 25 9
22 24 10
23 29 30
25 28 32
24 28 31
30 33 6
29 33 1
31 32 0
156
{[15, 13, 12, 11, 10]}
{[17, 16, 14, 12, 10]}
34
8 19 32
5 6 31
11 9 7
14 5 7
11 5 17
1 3 4
1 10 33
2 3 10
0 9 12
8 2 27
6 7 30
12 2 4
8 11 16
19 14 15
13 3 18
13 16 17
12 15 20
15 4 18
20 14 17
0 20 13
19 16 18
23 24 25
23 26 27
21 22 28
21 27 30
21 26 29
22 25 31
22 24 9
23 29 30
25 28 33
24 28 10
26 32 1
31 33 0
29 32 6
157
{[15, 13, 12, 11, 10]}
{[17, 16, 15, 13, 11]}
34
8 19 32
5 6 33
11 9 7
14 5 7
11 5 17
1 3 4
1 10 31
2 3 10
0 9 12
8 2 29
6 7 26
12 2 4
8 11 16
19 14 15
13 3 18
13 16 17
12 15 20
15 4 18
20 14 17
0 20 13
19 16 18
23 24 25
23 26 27
21 22 28
21 27 30
21 26 29
22 25 10
22 24 31
23 29 30
25 28 9
24 28 33
27 32 6
31 33 0
30 32 1
158
{[15, 13, 12, 11, 10]}
{[17, 16, 15, 13, 11]}
34
8 19 26
5 6 33
11 9 7
14 5 7
11 5 17
1 3 4
1 10 29
2 3 10
0 9 12
8 2 31
6 7 32
12 2 4
8 11 16
19 14 15
13 3 18
13 16 17
12 15 20
15 4 18
20 14 17
0 20 13
19 16 18
23 24 25
23 26 27
21 22 28
21 27 30
21 26 29
22 25 0
22 24 31
23 29 30
25 28 6
24 28 33
27 32 9
31 33 10
30 32 1
159
{[15, 13, 12, 11, 10]}
{[17, 15, 14, 13, 12]}
34
8 19 33
5 6 31
11 9 7
14 5 7
11 5 17
1 3 4
1 10 32
2 3 10
0 9 12
8 2 30
6 7 29
12 2 4
8 11 16
19 14 15
13 3 18
13 16 17
12 15 20
15 4 18
20 14 17
0 20 13
19 16 18
23 24 25
23 26 27
21 22 28
21 27 30
21 26 29
22 25 32
22 24 31
23 29 30
25 28 10
24 28 9
27 33 1
26 33 6
31 32 0
160
{[15, 13, 12, 11, 10]}
{[17, 15, 14, 13, 12]}
34
8 19 29
5 6 31
11 9 7
14 5 7
11 5 17
1 3 4
1 10 30
2 3 10
0 9 12
8 2 32
6 7 33
12 2 4
8 11 16
19 14 15
13 3 18
13 16 17
12 15 20
15 4 18
20 14 17
0 20 13
19 16 18
23 24 25
23 26 27
21 22 28
21 27 30
21 26 29
22 25 32
22 24 31
23 29 30
25 28 0
24 28 6
27 33 1
26 33 9
31 32 10
161
{[23, 22, 20, 19, 18]}
{[5, 4, 2, 1, 0]}
34
8 19 12
5 6 13
16 9 7
5 7 24
16 5 27
1 3 4
1 10 14
2 3 14
0 9 17
8 2 11
11 12 6
9 10 15
0 10 13
1 12 15
15 6 7
11 13 14
17 2 4
8 16 18
17 20 21
0 20 22
19 18 23
22 25 18
21 26 19
24 25 20
23 31 3
21 23 30
22 28 32
29 32 4
26 29 30
27 28 31
25 28 33
24 29 33
26 27 33
30 31 32
162
{[23, 22, 20, 19, 18]}
{[6, 3, 2, 1, 0]}
34
8 19 12
5 6 13
16 9 7
5 7 23
16 5 21
1 3 4
1 10 14
2 3 14
0 9 17
8 2 11
11 12 6
9 10 15
0 10 13
1 12 15
15 6 7
11 13 14
17 2 4
8 16 18
17 20 22
0 20 25
19 18 26
22 24 4
21 27 18
24 25 3
21 23 31
23 30 19
28 32 20
22 29 32
26 29 30
27 28 31
25 28 33
24 29 33
26 27 33
30 31 32
163
{[23, 22, 20, 19, 18]}
{[8, 7, 4, 2, 0]}
34
8 19 12
5 6 13
16 9 7
5 7 21
16 5 22
1 3 4
1 10 14
2 3 14
0 9 17
8 2 11
11 12 6
9 10 15
0 10 13
1 12 15
15 6 7
11 13 14
17 2 4
8 16 18
17 20 25
0 20 23
19 18 31
23 24 3
24 25 4
21 27 19
21 22 26
22 30 18
24 28 32
23 29 32
26 29 30
27 28 31
25 28 33
29 33 20
26 27 33
30 31 32
164
{[23, 22, 20, 19, 18]}
{[9, 7, 3, 2, 0]}
34
8 19 12
5 6 13
16 9 7
5 7 24
16 5 30
1 3 4
1 10 14
2 3 14
0 9 17
8 2 11
11 12 6
9 10 15
0 10 13
1 12 15
15 6 7
11 13 14
17 2 4
8 16 18
17 20 22
0 20 25
19 18 21
23 24 20
23 25 18
21 22 27
21 26 3
22 31 19
24 28 32
23 29 32
26 29 30
27 28 31
28 33 4
25 29 33
26 27 33
30 31 32
165
{[23, 22, 20, 19, 18]}
{[6, 3, 2, 1, 0]}
34
8 19 12
5 6 13
16 9 7
5 7 22
16 5 26
1 3 4
1 10 14
2 3 14
0 9 17
8 2 11
11 12 6
9 10 15
0 10 13
1 12 15
15 6 7
11 13 14
17 2 4
8 16 18
17 20 23
0 20 25
19 18 21
22 24 20
21 27 3
24 25 18
21 23 31
23 30 19
28 32 4
22 29 32
26 29 30
27 28 31
25 28 33
24 29 33
26 27 33
30 31 32
166
{[23, 22, 20, 19, 18]}
{[9, 7, 3, 2, 0]}
34
8 19 12
5 6 13
16 9 7
5 7 22
16 5 21
1 3 4
1 10 14
2 3 14
0 9 17
8 2 11
11 12 6
9 10 15
0 10 13
1 12 15
15 6 7
11 13 14
17 2 4
8 16 18
17 20 24
0 20 25
19 18 30
23 24 4
23 25 3
21 22 27
21 26 18
22 31 19
24 28 32
23 29 32
26 29 30
27 28 31
28 33 20
25 29 33
26 27 33
30 31 32
167
{[23, 22, 20, 19, 18]}
{[5, 4, 2, 1, 0]}
34
8 19 12
5 6 13
16 9 7
5 7 21
16 5 23
1 3 4
1 10 14
2 3 14
0 9 17
8 2 11
11 12 6
9 10 15
0 10 13
1 12 15
15 6 7
11 13 14
17 2 4
8 16 18
17 20 24
0 20 22
19 18 27
22 25 3
21 26 19
24 25 4
23 31 18
21 23 30
22 28 32
29 32 20
26 29 30
27 28 31
25 28 33
24 29 33
26 27 33
30 31 32
168
{[23, 22, 20, 19, 18]}
{[8, 7, 4, 2, 0]}
34
8 19 12
5 6 13
16 9 7
5 7 25
16 5 31
1 3 4
1 10 14
2 3 14
0 9 17
8 2 11
11 12 6
9 10 15
0 10 13
1 12 15
15 6 7
11 13 14
17 2 4
8 16 18
17 20 21
0 20 23
19 18 22
23 24 18
24 25 20
21 27 19
21 22 26
22 30 3
24 28 32
23 29 32
26 29 30
27 28 31
25 28 33
29 33 4
26 27 33
30 31 32
169
{[23, 22, 20, 19, 18]}
{[16, 13, 12, 11, 10]}
34
8 19 12
5 6 13
16 9 7
5 7 33
16 5 26
1 3 4
1 10 14
2 3 14
0 9 17
8 2 11
11 12 6
9 10 15
0 10 13
1 12 15
15 6 7
11 13 14
17 2 4
8 16 18
17 20 27
0 20 32
19 18 31
23 24 25
23 26 27
21 22 28
21 27 30
21 26 29
22 25 4
22 24 18
23 29 30
25 28 32
24 28 31
30 33 20
29 33 19
31 32 3
170
{[23, 22, 20, 19, 18]}
{[17, 16, 14, 12, 10]}
34
8 19 12
5 6 13
16 9 7
5 7 32
16 5 27
1 3 4
1 10 14
2 3 14
0 9 17
8 2 11
11 12 6
9 10 15
0 10 13
1 12 15
15 6 7
11 13 14
17 2 4
8 16 18
17 20 30
0 20 31
19 18 33
23 24 25
23 26 27
21 22 28
21 27 30
21 26 29
22 25 31
22 24 4
23 29 30
25 28 33
24 28 18
26 32 19
31 33 3
29 32 20
171
{[23, 22, 20, 19, 18]}
{[16, 13, 12, 11, 10]}
34
8 19 12
5 6 13
16 9 7
5 7 27
16 5 31
1 3 4
1 10 14
2 3 14
0 9 17
8 2 11
11 12 6
9 10 15
0 10 13
1 12 15
15 6 7
11 13 14
17 2 4
8 16 18
17 20 33
0 20 32
19 18 26
23 24 25
23 26 27
21 22 28
21 27 30
21 26 29
22 25 20
22 24 3
23 29 30
25 28 32
24 28 31
30 33 4
29 33 19
31 32 18
172
{[23, 22, 20, 19, 18]}
{[17, 16, 14, 12, 10]}
34
8 19 12
5 6 13
16 9 7
5 7 30
16 5 33
1 3 4
1 10 14
2 3 14
0 9 17
8 2 11
11 12 6
9 10 15
0 10 13
1 12 15
15 6 7
11 13 14
17 2 4
8 16 18
17 20 32
0 20 31
19 18 27
23 24 25
23 26 27
21 22 28
21 27 30
21 26 29
22 25 31
22 24 20
23 29 30
25 28 33
24 28 3
26 32 19
31 33 18
29 32 4
173
{[23, 22, 20, 19, 18]}
{[17, 16, 15, 13, 11]}
34
8 19 12
5 6 13
16 9 7
5 7 26
16 5 31
1 3 4
1 10 14
2 3 14
0 9 17
8 2 11
11 12 6
9 10 15
0 10 13
1 12 15
15 6 7
11 13 14
17 2 4
8 16 18
17 20 32
0 20 33
19 18 29
23 24 25
23 26 27
21 22 28
21 27 30
21 26 29
22 25 3
22 24 31
23 29 30
25 28 20
24 28 33
27 32 4
31 33 18
30 32 19
174
{[23, 22, 20, 19, 18]}
{[17, 16, 15, 13, 11]}
34
8 19 12
5 6 13
16 9 7
5 7 32
16 5 29
1 3 4
1 10 14
2 3 14
0 9 17
8 2 11
11 12 6
9 10 15
0 10 13
1 12 15
15 6 7
11 13 14
17 2 4
8 16 18
17 20 26
0 20 33
19 18 31
23 24 25
23 26 27
21 22 28
21 27 30
21 26 29
22 25 18
22 24 31
23 29 30
25 28 4
24 28 33
27 32 20
31 33 3
30 32 19
175
{[23, 22, 20, 19, 18]}
{[17, 15, 14, 13, 12]}
34
8 19 12
5 6 13
16 9 7
5 7 29
16 5 32
1 3 4
1 10 14
2 3 14
0 9 17
8 2 11
11 12 6
9 10 15
0 10 13
1 12 15
15 6 7
11 13 14
17 2 4
8 16 18
17 20 33
0 20 31
19 18 30
23 24 25
23 26 27
21 22 28
21 27 30
21 26 29
22 25 32
22 24 31
23 29 30
25 28 3
24 28 20
27 33 19
26 33 4
31 32 18
176
{[23, 22, 20, 19, 18]}
{[17, 15, 14, 13, 12]}
34
8 19 12
5 6 13
16 9 7
5 7 33
16 5 30
1 3 4
1 10 14
2 3 14
0 9 17
8 2 11
11 12 6
9 10 15
0 10 13
1 12 15
15 6 7
11 13 14
17 2 4
8 16 18
17 20 29
0 20 31
19 18 32
23 24 25
23 26 27
21 22 28
21 27 30
21 26 29
22 25 32
22 24 31
23 29 30
25 28 18
24 28 4
27 33 19
26 33 20
31 32 3
177
{[25, 24, 23, 19, 18]}
{[5, 4, 2, 1, 0]}
34
8 12 24
5 6 13
16 9 7
5 7 27
16 5 20
1 3 4
1 10 14
2 3 14
0 9 17
8 2 11
11 12 6
9 10 15
0 10 13
1 12 15
15 6 7
11 13 14
17 2 4
8 16 19
19 20 23
17 18 22
18 4 21
22 25 20
21 26 19
24 25 18
23 31 0
21 23 30
22 28 32
29 32 3
26 29 30
27 28 31
25 28 33
24 29 33
26 27 33
30 31 32
178
{[25, 24, 23, 19, 18]}
{[6, 3, 2, 1, 0]}
34
8 12 23
5 6 13
16 9 7
5 7 21
16 5 20
1 3 4
1 10 14
2 3 14
0 9 17
8 2 11
11 12 6
9 10 15
0 10 13
1 12 15
15 6 7
11 13 14
17 2 4
8 16 19
19 20 26
17 18 25
18 4 22
22 24 3
21 27 20
24 25 0
21 23 31
23 30 19
28 32 18
22 29 32
26 29 30
27 28 31
25 28 33
24 29 33
26 27 33
30 31 32
179
{[25, 24, 23, 19, 18]}
{[8, 7, 4, 2, 0]}
34
8 12 21
5 6 13
16 9 7
5 7 22
16 5 20
1 3 4
1 10 14
2 3 14
0 9 17
8 2 11
11 12 6
9 10 15
0 10 13
1 12 15
15 6 7
11 13 14
17 2 4
8 16 19
19 20 31
17 18 23
18 4 25
23 24 0
24 25 3
21 27 19
21 22 26
22 30 20
24 28 32
23 29 32
26 29 30
27 28 31
25 28 33
29 33 18
26 27 33
30 31 32
180
{[25, 24, 23, 19, 18]}
{[9, 7, 3, 2, 0]}
34
8 12 24
5 6 13
16 9 7
5 7 30
16 5 20
1 3 4
1 10 14
2 3 14
0 9 17
8 2 11
11 12 6
9 10 15
0 10 13
1 12 15
15 6 7
11 13 14
17 2 4
8 16 19
19 20 21
17 18 25
18 4 22
23 24 18
23 25 20
21 22 27
21 26 0
22 31 19
24 28 32
23 29 32
26 29 30
27 28 31
28 33 3
25 29 33
26 27 33
30 31 32
181
{[25, 24, 23, 19, 18]}
{[6, 3, 2, 1, 0]}
34
8 12 22
5 6 13
16 9 7
5 7 26
16 5 20
1 3 4
1 10 14
2 3 14
0 9 17
8 2 11
11 12 6
9 10 15
0 10 13
1 12 15
15 6 7
11 13 14
17 2 4
8 16 19
19 20 21
17 18 25
18 4 23
22 24 18
21 27 0
24 25 20
21 23 31
23 30 19
28 32 3
22 29 32
26 29 30
27 28 31
25 28 33
24 29 33
26 27 33
30 31 32
182
{[25, 24, 23, 19, 18]}
{[9, 7, 3, 2, 0]}
34
8 12 22
5 6 13
16 9 7
5 7 21
16 5 20
1 3 4
1 10 14
2 3 14
0 9 17
8 2 11
11 12 6
9 10 15
0 10 13
1 12 15
15 6 7
11 13 14
17 2 4
8 16 19
19 20 30
17 18 25
18 4 24
23 24 3
23 25 0
21 22 27
21 26 20
22 31 19
24 28 32
23 29 32
26 29 30
27 28 31
28 33 18
25 29 33
26 27 33
30 31 32
183
{[25, 24, 23, 19, 18]}
{[5, 4, 2, 1, 0]}
34
8 12 21
5 6 13
16 9 7
5 7 23
16 5 20
1 3 4
1 10 14
2 3 14
0 9 17
8 2 11
11 12 6
9 10 15
0 10 13
1 12 15
15 6 7
11 13 14
17 2 4
8 16 19
19 20 27
17 18 22
18 4 24
22 25 0
21 26 19
24 25 3
23 31 20
21 23 30
22 28 32
29 32 18
26 29 30
27 28 31
25 28 33
24 29 33
26 27 33
30 31 32
184
{[25, 24, 23, 19, 18]}
{[8, 7, 4, 2, 0]}
34
8 12 25
5 6 13
16 9 7
5 7 31
16 5 20
1 3 4
1 10 14
2 3 14
0 9 17
8 2 11
11 12 6
9 10 15
0 10 13
1 12 15
15 6 7
11 13 14
17 2 4
8 16 19
19 20 22
17 18 23
18 4 21
23 24 20
24 25 18
21 27 19
21 22 26
22 30 0
24 28 32
23 29 32
26 29 30
27 28 31
25 28 33
29 33 3
26 27 33
30 31 32
185
{[25, 24, 23, 19, 18]}
{[16, 13, 12, 11, 10]}
34
8 12 33
5 6 13
16 9 7
5 7 26
16 5 20
1 3 4
1 10 14
2 3 14
0 9 17
8 2 11
11 12 6
9 10 15
0 10 13
1 12 15
15 6 7
11 13 14
17 2 4
8 16 19
19 20 31
17 18 32
18 4 27
23 24 25
23 26 27
21 22 28
21 27 30
21 26 29
22 25 3
22 24 20
23 29 30
25 28 32
24 28 31
30 33 18
29 33 19
31 32 0
186
{[25, 24, 23, 19, 18]}
{[17, 16, 14, 12, 10]}
34
8 12 32
5 6 13
16 9 7
5 7 27
16 5 20
1 3 4
1 10 14
2 3 14
0 9 17
8 2 11
11 12 6
9 10 15
0 10 13
1 12 15
15 6 7
11 13 14
17 2 4
8 16 19
19 20 33
17 18 31
18 4 30
23 24 25
23 26 27
21 22 28
21 27 30
21 26 29
22 25 31
22 24 3
23 29 30
25 28 33
24 28 20
26 32 19
31 33 0
29 32 18
187
{[25, 24, 23, 19, 18]}
{[16, 13, 12, 11, 10]}
34
8 12 27
5 6 13
16 9 7
5 7 31
16 5 20
1 3 4
1 10 14
2 3 14
0 9 17
8 2 11
11 12 6
9 10 15
0 10 13
1 12 15
15 6 7
11 13 14
17 2 4
8 16 19
19 20 26
17 18 32
18 4 33
23 24 25
23 26 27
21 22 28
21 27 30
21 26 29
22 25 18
22 24 0
23 29 30
25 28 32
24 28 31
30 33 3
29 33 19
31 32 20
188
{[25, 24, 23, 19, 18]}
{[17, 16, 14, 12, 10]}
34
8 12 30
5 6 13
16 9 7
5 7 33
16 5 20
1 3 4
1 10 14
2 3 14
0 9 17
8 2 11
11 12 6
9 10 15
0 10 13
1 12 15
15 6 7
11 13 14
17 2 4
8 16 19
19 20 27
17 18 31
18 4 32
23 24 25
23 26 27
21 22 28
21 27 30
21 26 29
22 25 31
22 24 18
23 29 30
25 28 33
24 28 0
26 32 19
31 33 20
29 32 3
189
{[25, 24, 23, 19, 18]}
{[17, 16, 15, 13, 11]}
34
8 12 26
5 6 13
16 9 7
5 7 31
16 5 20
1 3 4
1 10 14
2 3 14
0 9 17
8 2 11
11 12 6
9 10 15
0 10 13
1 12 15
15 6 7
11 13 14
17 2 4
8 16 19
19 20 29
17 18 33
18 4 32
23 24 25
23 26 27
21 22 28
21 27 30
21 26 29
22 25 0
22 24 31
23 29 30
25 28 18
24 28 33
27 32 3
31 33 20
30 32 19
190
{[25, 24, 23, 19, 18]}
{[17, 16, 15, 13, 11]}
34
8 12 32
5 6 13
16 9 7
5 7 29
16 5 20
1 3 4
1 10 14
2 3 14
0 9 17
8 2 11
11 12 6
9 10 15
0 10 13
1 12 15
15 6 7
11 13 14
17 2 4
8 16 19
19 20 31
17 18 33
18 4 26
23 24 25
23 26 27
21 22 28
21 27 30
21 26 29
22 25 20
22 24 31
23 29 30
25 28 3
24 28 33
27 32 18
31 33 0
30 32 19
191
{[25, 24, 23, 19, 18]}
{[17, 15, 14, 13, 12]}
34
8 12 29
5 6 13
16 9 7
5 7 32
16 5 20
1 3 4
1 10 14
2 3 14
0 9 17
8 2 11
11 12 6
9 10 15
0 10 13
1 12 15
15 6 7
11 13 14
17 2 4
8 16 19
19 20 30
17 18 31
18 4 33
23 24 25
23 26 27
21 22 28
21 27 30
21 26 29
22 25 32
22 24 31
23 29 30
25 28 0
24 28 18
27 33 19
26 33 3
31 32 20
192
{[25, 24, 23, 19, 18]}
{[17, 15, 14, 13, 12]}
34
8 12 33
5 6 13
16 9 7
5 7 30
16 5 20
1 3 4
1 10 14
2 3 14
0 9 17
8 2 11
11 12 6
9 10 15
0 10 13
1 12 15
15 6 7
11 13 14
17 2 4
8 16 19
19 20 32
17 18 31
18 4 29
23 24 25
23 26 27
21 22 28
21 27 30
21 26 29
22 25 32
22 24 31
23 29 30
25 28 20
24 28 3
27 33 19
26 33 18
31 32 0
193
{[25, 24, 21, 20, 18]}
{[5, 4, 2, 1, 0]}
34
8 12 27
5 6 13
16 9 7
18 5 7
16 5 19
1 3 4
1 10 14
2 3 14
0 9 17
8 2 11
11 12 6
9 10 15
0 10 13
1 12 15
15 6 7
11 13 14
17 2 4
8 16 24
3 20 21
4 20 22
18 19 23
22 25 18
21 26 19
24 25 20
23 31 17
21 23 30
22 28 32
29 32 0
26 29 30
27 28 31
25 28 33
24 29 33
26 27 33
30 31 32
194
{[25, 24, 21, 20, 18]}
{[6, 3, 2, 1, 0]}
34
8 12 21
5 6 13
16 9 7
18 5 7
16 5 19
1 3 4
1 10 14
2 3 14
0 9 17
8 2 11
11 12 6
9 10 15
0 10 13
1 12 15
15 6 7
11 13 14
17 2 4
8 16 23
3 20 22
4 20 25
18 19 26
22 24 0
21 27 18
24 25 17
21 23 31
23 30 19
28 32 20
22 29 32
26 29 30
27 28 31
25 28 33
24 29 33
26 27 33
30 31 32
195
{[25, 24, 21, 20, 18]}
{[8, 7, 4, 2, 0]}
34
8 12 22
5 6 13
16 9 7
18 5 7
16 5 19
1 3 4
1 10 14
2 3 14
0 9 17
8 2 11
11 12 6
9 10 15
0 10 13
1 12 15
15 6 7
11 13 14
17 2 4
8 16 21
3 20 25
4 20 23
18 19 31
23 24 17
24 25 0
21 27 19
21 22 26
22 30 18
24 28 32
23 29 32
26 29 30
27 28 31
25 28 33
29 33 20
26 27 33
30 31 32
196
{[25, 24, 21, 20, 18]}
{[9, 7, 3, 2, 0]}
34
8 12 30
5 6 13
16 9 7
18 5 7
16 5 19
1 3 4
1 10 14
2 3 14
0 9 17
8 2 11
11 12 6
9 10 15
0 10 13
1 12 15
15 6 7
11 13 14
17 2 4
8 16 24
3 20 22
4 20 25
18 19 21
23 24 20
23 25 18
21 22 27
21 26 17
22 31 19
24 28 32
23 29 32
26 29 30
27 28 31
28 33 0
25 29 33
26 27 33
30 31 32
197
{[25, 24, 21, 20, 18]}
{[6, 3, 2, 1, 0]}
34
8 12 26
5 6 13
16 9 7
18 5 7
16 5 19
1 3 4
1 10 14
2 3 14
0 9 17
8 2 11
11 12 6
9 10 15
0 10 13
1 12 15
15 6 7
11 13 14
17 2 4
8 16 22
3 20 23
4 20 25
18 19 21
22 24 20
21 27 17
24 25 18
21 23 31
23 30 19
28 32 0
22 29 32
26 29 30
27 28 31
25 28 33
24 29 33
26 27 33
30 31 32
198
{[25, 24, 21, 20, 18]}
{[9, 7, 3, 2, 0]}
34
8 12 21
5 6 13
16 9 7
18 5 7
16 5 19
1 3 4
1 10 14
2 3 14
0 9 17
8 2 11
11 12 6
9 10 15
0 10 13
1 12 15
15 6 7
11 13 14
17 2 4
8 16 22
3 20 24
4 20 25
18 19 30
23 24 0
23 25 17
21 22 27
21 26 18
22 31 19
24 28 32
23 29 32
26 29 30
27 28 31
28 33 20
25 29 33
26 27 33
30 31 32
199
{[25, 24, 21, 20, 18]}
{[5, 4, 2, 1, 0]}
34
8 12 23
5 6 13
16 9 7
18 5 7
16 5 19
1 3 4
1 10 14
2 3 14
0 9 17
8 2 11
11 12 6
9 10 15
0 10 13
1 12 15
15 6 7
11 13 14
17 2 4
8 16 21
3 20 24
4 20 22
18 19 27
22 25 17
21 26 19
24 25 0
23 31 18
21 23 30
22 28 32
29 32 20
26 29 30
27 28 31
25 28 33
24 29 33
26 27 33
30 31 32
200
{[25, 24, 21, 20, 18]}
{[8, 7, 4, 2, 0]}
34
8 12 31
5 6 13
16 9 7
18 5 7
16 5 19
1 3 4
1 10 14
2 3 14
0 9 17
8 2 11
11 12 6
9 10 15
0 10 13
1 12 15
15 6 7
11 13 14
17 2 4
8 16 25
3 20 21
4 20 23
18 19 22
23 24 18
24 25 20
21 27 19
21 22 26
22 30 17
24 28 32
23 29 32
26 29 30
27 28 31
25 28 33
29 33 0
26 27 33
30 31 32
201
{[25, 24, 21, 20, 18]}
{[16, 13, 12, 11, 10]}
34
8 12 26
5 6 13
16 9 7
18 5 7
16 5 19
1 3 4
1 10 14
2 3 14
0 9 17
8 2 11
11 12 6
9 10 15
0 10 13
1 12 15
15 6 7
11 13 14
17 2 4
8 16 33
3 20 27
4 20 32
18 19 31
23 24 25
23 26 27
21 22 28
21 27 30
21 26 29
22 25 0
22 24 18
23 29 30
25 28 32
24 28 31
30 33 20
29 33 19
31 32 17
202
{[25, 24, 21, 20, 18]}
{[17, 16, 14, 12, 10]}
34
8 12 27
5 6 13
16 9 7
18 5 7
16 5 19
1 3 4
1 10 14
2 3 14
0 9 17
8 2 11
11 12 6
9 10 15
0 10 13
1 12 15
15 6 7
11 13 14
17 2 4
8 16 32
3 20 30
4 20 31
18 19 33
23 24 25
23 26 27
21 22 28
21 27 30
21 26 29
22 25 31
22 24 0
23 29 30
25 28 33
24 28 18
26 32 19
31 33 17
29 32 20
203
{[25, 24, 21, 20, 18]}
{[16, 13, 12, 11, 10]}
34
8 12 31
5 6 13
16 9 7
18 5 7
16 5 19
1 3 4
1 10 14
2 3 14
0 9 17
8 2 11
11 12 6
9 10 15
0 10 13
1 12 15
15 6 7
11 13 14
17 2 4
8 16 27
3 20 33
4 20 32
18 19 26
23 24 25
23 26 27
21 22 28
21 27 30
21 26 29
22 25 20
22 24 17
23 29 30
25 28 32
24 28 31
30 33 0
29 33 19
31 32 18
204
{[25, 24, 21, 20, 18]}
{[17, 16, 14, 12, 10]}
34
8 12 33
5 6 13
16 9 7
18 5 7
16 5 19
1 3 4
1 10 14
2 3 14
0 9 17
8 2 11
11 12 6
9 10 15
0 10 13
1 12 15
15 6 7
11 13 14
17 2 4
8 16 30
3 20 32
4 20 31
18 19 27
23 24 25
23 26 27
21 22 28
21 27 30
21 26 29
22 25 31
22 24 20
23 29 30
25 28 33
24 28 17
26 32 19
31 33 18
29 32 0
205
{[25, 24, 21, 20, 18]}
{[17, 16, 15, 13, 11]}
34
8 12 31
5 6 13
16 9 7
18 5 7
16 5 19
1 3 4
1 10 14
2 3 14
0 9 17
8 2 11
11 12 6
9 10 15
0 10 13
1 12 15
15 6 7
11 13 14
17 2 4
8 16 26
3 20 32
4 20 33
18 19 29
23 24 25
23 26 27
21 22 28
21 27 30
21 26 29
22 25 17
22 24 31
23 29 30
25 28 20
24 28 33
27 32 0
31 33 18
30 32 19
206
{[25, 24, 21, 20, 18]}
{[17, 16, 15, 13, 11]}
34
8 12 29
5 6 13
16 9 7
18 5 7
16 5 19
1 3 4
1 10 14
2 3 14
0 9 17
8 2 11
11 12 6
9 10 15
0 10 13
1 12 15
15 6 7
11 13 14
17 2 4
8 16 32
3 20 26
4 20 33
18 19 31
23 24 25
23 26 27
21 22 28
21 27 30
21 26 29
22 25 18
22 24 31
23 29 30
25 28 0
24 28 33
27 32 20
31 33 17
30 32 19
207
{[25, 24, 21, 20, 18]}
{[17, 15, 14, 13, 12]}
34
8 12 32
5 6 13
16 9 7
18 5 7
16 5 19
1 3 4
1 10 14
2 3 14
0 9 17
8 2 11
11 12 6
9 10 15
0 10 13
1 12 15
15 6 7
11 13 14
17 2 4
8 16 29
3 20 33
4 20 31
18 19 30
23 24 25
23 26 27
21 22 28
21 27 30
21 26 29
22 25 32
22 24 31
23 29 30
25 28 17
24 28 20
27 33 19
26 33 0
31 32 18
208
{[25, 24, 21, 20, 18]}
{[17, 15, 14, 13, 12]}
34
8 12 30
5 6 13
16 9 7
18 5 7
16 5 19
1 3 4
1 10 14
2 3 14
0 9 17
8 2 11
11 12 6
9 10 15
0 10 13
1 12 15
15 6 7
11 13 14
17 2 4
8 16 33
3 20 29
4 20 31
18 19 32
23 24 25
23 26 27
21 22 28
21 27 30
21 26 29
22 25 32
22 24 31
23 29 30
25 28 18
24 28 0
27 33 19
26 33 20
31 32 17
209
{[23, 22, 20, 19, 18]}
{[5, 4, 2, 1, 0]}
34
8 19 12
5 6 13
16 9 7
5 7 21
16 5 23
1 3 4
1 10 14
2 3 14
0 9 17
8 2 11
11 12 6
9 10 15
0 10 13
1 12 15
15 6 7
11 13 14
17 2 4
8 16 18
17 20 24
0 20 22
19 18 27
22 25 3
21 26 19
24 25 4
23 31 18
21 23 30
22 28 32
29 32 20
26 29 30
27 28 31
25 28 33
24 29 33
26 27 33
30 31 32
210
{[23, 22, 20, 19, 18]}
{[6, 3, 2, 1, 0]}
34
8 19 12
5 6 13
16 9 7
5 7 22
16 5 26
1 3 4
1 10 14
2 3 14
0 9 17
8 2 11
11 12 6
9 10 15
0 10 13
1 12 15
15 6 7
11 13 14
17 2 4
8 16 18
17 20 23
0 20 25
19 18 21
22 24 20
21 27 3
24 25 18
21 23 31
23 30 19
28 32 4
22 29 32
26 29 30
27 28 31
25 28 33
24 29 33
26 27 33
30 31 32
211
{[23, 22, 20, 19, 18]}
{[8, 7, 4, 2, 0]}
34
8 19 12
5 6 13
16 9 7
5 7 25
16 5 31
1 3 4
1 10 14
2 3 14
0 9 17
8 2 11
11 12 6
9 10 15
0 10 13
1 12 15
15 6 7
11 13 14
17 2 4
8 16 18
17 20 21
0 20 23
19 18 22
23 24 18
24 25 20
21 27 19
21 22 26
22 30 3
24 28 32
23 29 32
26 29 30
27 28 31
25 28 33
29 33 4
26 27 33
30 31 32
212
{[23, 22, 20, 19, 18]}
{[9, 7, 3, 2, 0]}
34
8 19 12
5 6 13
16 9 7
5 7 22
16 5 21
1 3 4
1 10 14
2 3 14
0 9 17
8 2 11
11 12 6
9 10 15
0 10 13
1 12 15
15 6 7
11 13 14
17 2 4
8 16 18
17 20 24
0 20 25
19 18 30
23 24 4
23 25 3
21 22 27
21 26 18
22 31 19
24 28 32
23 29 32
26 29 30
27 28 31
28 33 20
25 29 33
26 27 33
30 31 32
213
{[23, 22, 20, 19, 18]}
{[6, 3, 2, 1, 0]}
34
8 19 12
5 6 13
16 9 7
5 7 23
16 5 21
1 3 4
1 10 14
2 3 14
0 9 17
8 2 11
11 12 6
9 10 15
0 10 13
1 12 15
15 6 7
11 13 14
17 2 4
8 16 18
17 20 22
0 20 25
19 18 26
22 24 4
21 27 18
24 25 3
21 23 31
23 30 19
28 32 20
22 29 32
26 29 30
27 28 31
25 28 33
24 29 33
26 27 33
30 31 32
214
{[23, 22, 20, 19, 18]}
{[9, 7, 3, 2, 0]}
34
8 19 12
5 6 13
16 9 7
5 7 24
16 5 30
1 3 4
1 10 14
2 3 14
0 9 17
8 2 11
11 12 6
9 10 15
0 10 13
1 12 15
15 6 7
11 13 14
17 2 4
8 16 18
17 20 22
0 20 25
19 18 21
23 24 20
23 25 18
21 22 27
21 26 3
22 31 19
24 28 32
23 29 32
26 29 30
27 28 31
28 33 4
25 29 33
26 27 33
30 31 32
215
{[23, 22, 20, 19, 18]}
{[5, 4, 2, 1, 0]}
34
8 19 12
5 6 13
16 9 7
5 7 24
16 5 27
1 3 4
1 10 14
2 3 14
0 9 17
8 2 11
11 12 6
9 10 15
0 10 13
1 12 15
15 6 7
11 13 14
17 2 4
8 16 18
17 20 21
0 20 22
19 18 23
22 25 18
21 26 19
24 25 20
23 31 3
21 23 30
22 28 32
29 32 4
26 29 30
27 28 31
25 28 33
24 29 33
26 27 33
30 31 32
216
{[23, 22, 20, 19, 18]}
{[8, 7, 4, 2, 0]}
34
8 19 12
5 6 13
16 9 7
5 7 21
16 5 22
1 3 4
1 10 14
2 3 14
0 9 17
8 2 11
11 12 6
9 10 15
0 10 13
1 12 15
15 6 7
11 13 14
17 2 4
8 16 18
17 20 25
0 20 23
19 18 31
23 24 3
24 25 4
21 27 19
21 22 26
22 30 18
24 28 32
23 29 32
26 29 30
27 28 31
25 28 33
29 33 20
26 27 33
30 31 32
217
{[23, 22, 20, 19, 18]}
{[16, 13, 12, 11, 10]}
34
8 19 12
5 6 13
16 9 7
5 7 27
16 5 31
1 3 4
1 10 14
2 3 14
0 9 17
8 2 11
11 12 6
9 10 15
0 10 13
1 12 15
15 6 7
11 13 14
17 2 4
8 16 18
17 20 33
0 20 32
19 18 26
23 24 25
23 26 27
21 22 28
21 27 30
21 26 29
22 25 20
22 24 3
23 29 30
25 28 32
24 28 31
30 33 4
29 33 19
31 32 18
218
{[23, 22, 20, 19, 18]}
{[17, 16, 14, 12, 10]}
34
8 19 12
5 6 13
16 9 7
5 7 30
16 5 33
1 3 4
1 10 14
2 3 14
0 9 17
8 2 11
11 12 6
9 10 15
0 10 13
1 12 15
15 6 7
11 13 14
17 2 4
8 16 18
17 20 32
0 20 31
19 18 27
23 24 25
23 26 27
21 22 28
21 27 30
21 26 29
22 25 31
22 24 20
23 29 30
25 28 33
24 28 3
26 32 19
31 33 18
29 32 4
219
{[23, 22, 20, 19, 18]}
{[16, 13, 12, 11, 10]}
34
8 19 12
5 6 13
16 9 7
5 7 33
16 5 26
1 3 4
1 10 14
2 3 14
0 9 17
8 2 11
11 12 6
9 10 15
0 10 13
1 12 15
15 6 7
11 13 14
17 2 4
8 16 18
17 20 27
0 20 32
19 18 31
23 24 25
23 26 27
21 22 28
21 27 30
21 26 29
22 25 4
22 24 18
23 29 30
25 28 32
24 28 31
30 33 20
29 33 19
31 32 3
220
{[23, 22, 20, 19, 18]}
{[17, 16, 14, 12, 10]}
34
8 19 12
5 6 13
16 9 7
5 7 32
16 5 27
1 3 4
1 10 14
2 3 14
0 9 17
8 2 11
11 12 6
9 10 15
0 10 13
1 12 15
15 6 7
11 13 14
17 2 4
8 16 18
17 20 30
0 20 31
19 18 33
23 24 25
23 26 27
21 22 28
21 27 30
21 26 29
22 25 31
22 24 4
23 29 30
25 28 33
24 28 18
26 32 19
31 33 3
29 32 20
221
{[23, 22, 20, 19, 18]}
{[17, 16, 15, 13, 11]}
34
8 19 12
5 6 13
16 9 7
5 7 32
16 5 29
1 3 4
1 10 14
2 3 14
0 9 17
8 2 11
11 12 6
9 10 15
0 10 13
1 12 15
15 6 7
11 13 14
17 2 4
8 16 18
17 20 26
0 20 33
19 18 31
23 24 25
23 26 27
21 22 28
21 27 30
21 26 29
22 25 18
22 24 31
23 29 30
25 28 4
24 28 33
27 32 20
31 33 3
30 32 19
222
{[23, 22, 20, 19, 18]}
{[17, 16, 15, 13, 11]}
34
8 19 12
5 6 13
16 9 7
5 7 26
16 5 31
1 3 4
1 10 14
2 3 14
0 9 17
8 2 11
11 12 6
9 10 15
0 10 13
1 12 15
15 6 7
11 13 14
17 2 4
8 16 18
17 20 32
0 20 33
19 18 29
23 24 25
23 26 27
21 22 28
21 27 30
21 26 29
22 25 3
22 24 31
23 29 30
25 28 20
24 28 33
27 32 4
31 33 18
30 32 19
223
{[23, 22, 20, 19, 18]}
{[17, 15, 14, 13, 12]}
34
8 19 12
5 6 13
16 9 7
5 7 33
16 5 30
1 3 4
1 10 14
2 3 14
0 9 17
8 2 11
11 12 6
9 10 15
0 10 13
1 12 15
15 6 7
11 13 14
17 2 4
8 16 18
17 20 29
0 20 31
19 18 32
23 24 25
23 26 27
21 22 28
21 27 30
21 26 29
22 25 32
22 24 31
23 29 30
25 28 18
24 28 4
27 33 19
26 33 20
31 32 3
224
{[23, 22, 20, 19, 18]}
{[17, 15, 14, 13, 12]}
34
8 19 12
5 6 13
16 9 7
5 7 29
16 5 32
1 3 4
1 10 14
2 3 14
0 9 17
8 2 11
11 12 6
9 10 15
0 10 13
1 12 15
15 6 7
11 13 14
17 2 4
8 16 18
17 20 33
0 20 31
19 18 30
23 24 25
23 26 27
21 22 28
21 27 30
21 26 29
22 25 32
22 24 31
23 29 30
25 28 3
24 28 20
27 33 19
26 33 4
31 32 18
225
{[25, 24, 21, 20, 18]}
{[5, 4, 2, 1, 0]}
34
8 12 23
5 6 13
16 9 7
18 5 7
16 5 19
1 3 4
1 10 14
2 3 14
0 9 17
8 2 11
11 12 6
9 10 15
0 10 13
1 12 15
15 6 7
11 13 14
17 2 4
8 16 21
3 20 24
4 20 22
18 19 27
22 25 17
21 26 19
24 25 0
23 31 18
21 23 30
22 28 32
29 32 20
26 29 30
27 28 31
25 28 33
24 29 33
26 27 33
30 31 32
226
{[25, 24, 21, 20, 18]}
{[6, 3, 2, 1, 0]}
34
8 12 26
5 6 13
16 9 7
18 5 7
16 5 19
1 3 4
1 10 14
2 3 14
0 9 17
8 2 11
11 12 6
9 10 15
0 10 13
1 12 15
15 6 7
11 13 14
17 2 4
8 16 22
3 20 23
4 20 25
18 19 21
22 24 20
21 27 17
24 25 18
21 23 31
23 30 19
28 32 0
22 29 32
26 29 30
27 28 31
25 28 33
24 29 33
26 27 33
30 31 32
227
{[25, 24, 21, 20, 18]}
{[8, 7, 4, 2, 0]}
34
8 12 31
5 6 13
16 9 7
18 5 7
16 5 19
1 3 4
1 10 14
2 3 14
0 9 17
8 2 11
11 12 6
9 10 15
0 10 13
1 12 15
15 6 7
11 13 14
17 2 4
8 16 25
3 20 21
4 20 23
18 19 22
23 24 18
24 25 20
21 27 19
21 22 26
22 30 17
24 28 32
23 29 32
26 29 30
27 28 31
25 28 33
29 33 0
26 27 33
30 31 32
228
{[25, 24, 21, 20, 18]}
{[9, 7, 3, 2, 0]}
34
8 12 21
5 6 13
16 9 7
18 5 7
16 5 19
1 3 4
1 10 14
2 3 14
0 9 17
8 2 11
11 12 6
9 10 15
0 10 13
1 12 15
15 6 7
11 13 14
17 2 4
8 16 22
3 20 24
4 20 25
18 19 30
23 24 0
23 25 17
21 22 27
21 26 18
22 31 19
24 28 32
23 29 32
26 29 30
27 28 31
28 33 20
25 29 33
26 27 33
30 31 32
229
{[25, 24, 21, 20, 18]}
{[6, 3, 2, 1, 0]}
34
8 12 21
5 6 13
16 9 7
18 5 7
16 5 19
1 3 4
1 10 14
2 3 14
0 9 17
8 2 11
11 12 6
9 10 15
0 10 13
1 12 15
15 6 7
11 13 14
17 2 4
8 16 23
3 20 22
4 20 25
18 19 26
22 24 0
21 27 18
24 25 17
21 23 31
23 30 19
28 32 20
22 29 32
26 29 30
27 28 31
25 28 33
24 29 33
26 27 33
30 31 32
230
{[25, 24, 21, 20, 18]}
{[9, 7, 3, 2, 0]}
34
8 12 30
5 6 13
16 9 7
18 5 7
16 5 19
1 3 4
1 10 14
2 3 14
0 9 17
8 2 11
11 12 6
9 10 15
0 10 13
1 12 15
15 6 7
11 13 14
17 2 4
8 16 24
3 20 22
4 20 25
18 19 21
23 24 20
23 25 18
21 22 27
21 26 17
22 31 19
24 28 32
23 29 32
26 29 30
27 28 31
28 33 0
25 29 33
26 27 33
30 31 32
231
{[25, 24, 21, 20, 18]}
{[5, 4, 2, 1, 0]}
34
8 12 27
5 6 13
16 9 7
18 5 7
16 5 19
1 3 4
1 10 14
2 3 14
0 9 17
8 2 11
11 12 6
9 10 15
0 10 13
1 12 15
15 6 7
11 13 14
17 2 4
8 16 24
3 20 21
4 20 22
18 19 23
22 25 18
21 26 19
24 25 20
23 31 17
21 23 30
22 28 32
29 32 0
26 29 30
27 28 31
25 28 33
24 29 33
26 27 33
30 31 32
232
{[25, 24, 21, 20, 18]}
{[8, 7, 4, 2, 0]}
34
8 12 22
5 6 13
16 9 7
18 5 7
16 5 19
1 3 4
1 10 14
2 3 14
0 9 17
8 2 11
11 12 6
9 10 15
0 10 13
1 12 15
15 6 7
11 13 14
17 2 4
8 16 21
3 20 25
4 20 23
18 19 31
23 24 17
24 25 0
21 27 19
21 22 26
22 30 18
24 28 32
23 29 32
26 29 30
27 28 31
25 28 33
29 33 20
26 27 33
30 31 32
233
{[25, 24, 21, 20, 18]}
{[16, 13, 12, 11, 10]}
34
8 12 31
5 6 13
16 9 7
18 5 7
16 5 19
1 3 4
1 10 14
2 3 14
0 9 17
8 2 11
11 12 6
9 10 15
0 10 13
1 12 15
15 6 7
11 13 14
17 2 4
8 16 27
3 20 33
4 20 32
18 19 26
23 24 25
23 26 27
21 22 28
21 27 30
21 26 29
22 25 20
22 24 17
23 29 30
25 28 32
24 28 31
30 33 0
29 33 19
31 32 18
234
{[25, 24, 21, 20, 18]}
{[17, 16, 14, 12, 10]}
34
8 12 33
5 6 13
16 9 7
18 5 7
16 5 19
1 3 4
1 10 14
2 3 14
0 9 17
8 2 11
11 12 6
9 10 15
0 10 13
1 12 15
15 6 7
11 13 14
17 2 4
8 16 30
3 20 32
4 20 31
18 19 27
23 24 25
23 26 27
21 22 28
21 27 30
21 26 29
22 25 31
22 24 20
23 29 30
25 28 33
24 28 17
26 32 19
31 33 18
29 32 0
235
{[25, 24, 21, 20, 18]}
{[16, 13, 12, 11, 10]}
34
8 12 26
5 6 13
16 9 7
18 5 7
16 5 19
1 3 4
1 10 14
2 3 14
0 9 17
8 2 11
11 12 6
9 10 15
0 10 13
1 12 15
15 6 7
11 13 14
17 2 4
8 16 33
3 20 27
4 20 32
18 19 31
23 24 25
23 26 27
21 22 28
21 27 30
21 26 29
22 25 0
22 24 18
23 29 30
25 28 32
24 28 31
30 33 20
29 33 19
31 32 17
236
{[25, 24, 21, 20, 18]}
{[17, 16, 14, 12, 10]}
34
8 12 27
5 6 13
16 9 7
18 5 7
16 5 19
1 3 4
1 10 14
2 3 14
0 9 17
8 2 11
11 12 6
9 10 15
0 10 13
1 12 15
15 6 7
11 13 14
17 2 4
8 16 32
3 20 30
4 20 31
18 19 33
23 24 25
23 26 27
21 22 28
21 27 30
21 26 29
22 25 31
22 24 0
23 29 30
25 28 33
24 28 18
26 32 19
31 33 17
29 32 20
237
{[25, 24, 21, 20, 18]}
{[17, 16, 15, 13, 11]}
34
8 12 29
5 6 13
16 9 7
18 5 7
16 5 19
1 3 4
1 10 14
2 3 14
0 9 17
8 2 11
11 12 6
9 10 15
0 10 13
1 12 15
15 6 7
11 13 14
17 2 4
8 16 32
3 20 26
4 20 33
18 19 31
23 24 25
23 26 27
21 22 28
21 27 30
21 26 29
22 25 18
22 24 31
23 29 30
25 28 0
24 28 33
27 32 20
31 33 17
30 32 19
238
{[25, 24, 21, 20, 18]}
{[17, 16, 15, 13, 11]}
34
8 12 31
5 6 13
16 9 7
18 5 7
16 5 19
1 3 4
1 10 14
2 3 14
0 9 17
8 2 11
11 12 6
9 10 15
0 10 13
1 12 15
15 6 7
11 13 14
17 2 4
8 16 26
3 20 32
4 20 33
18 19 29
23 24 25
23 26 27
21 22 28
21 27 30
21 26 29
22 25 17
22 24 31
23 29 30
25 28 20
24 28 33
27 32 0
31 33 18
30 32 19
239
{[25, 24, 21, 20, 18]}
{[17, 15, 14, 13, 12]}
34
8 12 30
5 6 13
16 9 7
18 5 7
16 5 19
1 3 4
1 10 14
2 3 14
0 9 17
8 2 11
11 12 6
9 10 15
0 10 13
1 12 15
15 6 7
11 13 14
17 2 4
8 16 33
3 20 29
4 20 31
18 19 32
23 24 25
23 26 27
21 22 28
21 27 30
21 26 29
22 25 32
22 24 31
23 29 30
25 28 18
24 28 0
27 33 19
26 33 20
31 32 17
240
{[25, 24, 21, 20, 18]}
{[17, 15, 14, 13, 12]}
34
8 12 32
5 6 13
16 9 7
18 5 7
16 5 19
1 3 4
1 10 14
2 3 14
0 9 17
8 2 11
11 12 6
9 10 15
0 10 13
1 12 15
15 6 7
11 13 14
17 2 4
8 16 29
3 20 33
4 20 31
18 19 30
23 24 25
23 26 27
21 22 28
21 27 30
21 26 29
22 25 32
22 24 31
23 29 30
25 28 17
24 28 20
27 33 19
26 33 0
31 32 18
241
{[25, 24, 23, 19, 18]}
{[5, 4, 2, 1, 0]}
34
8 12 21
5 6 13
16 9 7
5 7 23
16 5 20
1 3 4
1 10 14
2 3 14
0 9 17
8 2 11
11 12 6
9 10 15
0 10 13
1 12 15
15 6 7
11 13 14
17 2 4
8 16 19
19 20 27
17 18 22
18 4 24
22 25 0
21 26 19
24 25 3
23 31 20
21 23 30
22 28 32
29 32 18
26 29 30
27 28 31
25 28 33
24 29 33
26 27 33
30 31 32
242
{[25, 24, 23, 19, 18]}
{[6, 3, 2, 1, 0]}
34
8 12 22
5 6 13
16 9 7
5 7 26
16 5 20
1 3 4
1 10 14
2 3 14
0 9 17
8 2 11
11 12 6
9 10 15
0 10 13
1 12 15
15 6 7
11 13 14
17 2 4
8 16 19
19 20 21
17 18 25
18 4 23
22 24 18
21 27 0
24 25 20
21 23 31
23 30 19
28 32 3
22 29 32
26 29 30
27 28 31
25 28 33
24 29 33
26 27 33
30 31 32
243
{[25, 24, 23, 19, 18]}
{[8, 7, 4, 2, 0]}
34
8 12 25
5 6 13
16 9 7
5 7 31
16 5 20
1 3 4
1 10 14
2 3 14
0 9 17
8 2 11
11 12 6
9 10 15
0 10 13
1 12 15
15 6 7
11 13 14
17 2 4
8 16 19
19 20 22
17 18 23
18 4 21
23 24 20
24 25 18
21 27 19
21 22 26
22 30 0
24 28 32
23 29 32
26 29 30
27 28 31
25 28 33
29 33 3
26 27 33
30 31 32
244
{[25, 24, 23, 19, 18]}
{[9, 7, 3, 2, 0]}
34
8 12 22
5 6 13
16 9 7
5 7 21
16 5 20
1 3 4
1 10 14
2 3 14
0 9 17
8 2 11
11 12 6
9 10 15
0 10 13
1 12 15
15 6 7
11 13 14
17 2 4
8 16 19
19 20 30
17 18 25
18 4 24
23 24 3
23 25 0
21 22 27
21 26 20
22 31 19
24 28 32
23 29 32
26 29 30
27 28 31
28 33 18
25 29 33
26 27 33
30 31 32
245
{[25, 24, 23, 19, 18]}
{[6, 3, 2, 1, 0]}
34
8 12 23
5 6 13
16 9 7
5 7 21
16 5 20
1 3 4
1 10 14
2 3 14
0 9 17
8 2 11
11 12 6
9 10 15
0 10 13
1 12 15
15 6 7
11 13 14
17 2 4
8 16 19
19 20 26
17 18 25
18 4 22
22 24 3
21 27 20
24 25 0
21 23 31
23 30 19
28 32 18
22 29 32
26 29 30
27 28 31
25 28 33
24 29 33
26 27 33
30 31 32
246
{[25, 24, 23, 19, 18]}
{[9, 7, 3, 2, 0]}
34
8 12 24
5 6 13
16 9 7
5 7 30
16 5 20
1 3 4
1 10 14
2 3 14
0 9 17
8 2 11
11 12 6
9 10 15
0 10 13
1 12 15
15 6 7
11 13 14
17 2 4
8 16 19
19 20 21
17 18 25
18 4 22
23 24 18
23 25 20
21 22 27
21 26 0
22 31 19
24 28 32
23 29 32
26 29 30
27 28 31
28 33 3
25 29 33
26 27 33
30 31 32
247
{[25, 24, 23, 19, 18]}
{[5, 4, 2, 1, 0]}
34
8 12 24
5 6 13
16 9 7
5 7 27
16 5 20
1 3 4
1 10 14
2 3 14
0 9 17
8 2 11
11 12 6
9 10 15
0 10 13
1 12 15
15 6 7
11 13 14
17 2 4
8 16 19
19 20 23
17 18 22
18 4 21
22 25 20
21 26 19
24 25 18
23 31 0
21 23 30
22 28 32
29 32 3
26 29 30
27 28 31
25 28 33
24 29 33
26 27 33
30 31 32
248
{[25, 24, 23, 19, 18]}
{[8, 7, 4, 2, 0]}
34
8 12 21
5 6 13
16 9 7
5 7 22
16 5 20
1 3 4
1 10 14
2 3 14
0 9 17
8 2 11
11 12 6
9 10 15
0 10 13
1 12 15
15 6 7
11 13 14
17 2 4
8 16 19
19 20 31
17 18 23
18 4 25
23 24 0
24 25 3
21 27 19
21 22 26
22 30 20
24 28 32
23 29 32
26 29 30
27 28 31
25 28 33
29 33 18
26 27 33
30 31 32
249
{[25, 24, 23, 19, 18]}
{[16, 13, 12, 11, 10]}
34
8 12 27
5 6 13
16 9 7
5 7 31
16 5 20
1 3 4
1 10 14
2 3 14
0 9 17
8 2 11
11 12 6
9 10 15
0 10 13
1 12 15
15 6 7
11 13 14
17 2 4
8 16 19
19 20 26
17 18 32
18 4 33
23 24 25
23 26 27
21 22 28
21 27 30
21 26 29
22 25 18
22 24 0
23 29 30
25 28 32
24 28 31
30 33 3
29 33 19
31 32 20
250
{[25, 24, 23, 19, 18]}
{[17, 16, 14, 12, 10]}
34
8 12 30
5 6 13
16 9 7
5 7 33
16 5 20
1 3 4
1 10 14
2 3 14
0 9 17
8 2 11
11 12 6
9 10 15
0 10 13
1 12 15
15 6 7
11 13 14
17 2 4
8 16 19
19 20 27
17 18 31
18 4 32
23 24 25
23 26 27
21 22 28
21 27 30
21 26 29
22 25 31
22 24 18
23 29 30
25 28 33
24 28 0
26 32 19
31 33 20
29 32 3
251
{[25, 24, 23, 19, 18]}
{[16, 13, 12, 11, 10]}
34
8 12 33
5 6 13
16 9 7
5 7 26
16 5 20
1 3 4
1 10 14
2 3 14
0 9 17
8 2 11
11 12 6
9 10 15
0 10 13
1 12 15
15 6 7
11 13 14
17 2 4
8 16 19
19 20 31
17 18 32
18 4 27
23 24 25
23 26 27
21 22 28
21 27 30
21 26 29
22 25 3
22 24 20
23 29 30
25 28 32
24 28 31
30 33 18
29 33 19
31 32 0
252
{[25, 24, 23, 19, 18]}
{[17, 16, 14, 12, 10]}
34
8 12 32
5 6 13
16 9 7
5 7 27
16 5 20
1 3 4
1 10 14
2 3 14
0 9 17
8 2 11
11 12 6
9 10 15
0 10 13
1 12 15
15 6 7
11 13 14
17 2 4
8 16 19
19 20 33
17 18 31
18 4 30
23 24 25
23 26 27
21 22 28
21 27 30
21 26 29
22 25 31
22 24 3
23 29 30
25 28 33
24 28 20
26 32 19
31 33 0
29 32 18
253
{[25, 24, 23, 19, 18]}
{[17, 16, 15, 13, 11]}
34
8 12 32
5 6 13
16 9 7
5 7 29
16 5 20
1 3 4
1 10 14
2 3 14
0 9 17
8 2 11
11 12 6
9 10 15
0 10 13
1 12 15
15 6 7
11 13 14
17 2 4
8 16 19
19 20 31
17 18 33
18 4 26
23 24 25
23 26 27
21 22 28
21 27 30
21 26 29
22 25 20
22 24 31
23 29 30
25 28 3
24 28 33
27 32 18
31 33 0
30 32 19
254
{[25, 24, 23, 19, 18]}
{[17, 16, 15, 13, 11]}
34
8 12 26
5 6 13
16 9 7
5 7 31
16 5 20
1 3 4
1 10 14
2 3 14
0 9 17
8 2 11
11 12 6
9 10 15
0 10 13
1 12 15
15 6 7
11 13 14
17 2 4
8 16 19
19 20 29
17 18 33
18 4 32
23 24 25
23 26 27
21 22 28
21 27 30
21 26 29
22 25 0
22 24 31
23 29 30
25 28 18
24 28 33
27 32 3
31 33 20
30 32 19
255
{[25, 24, 23, 19, 18]}
{[17, 15, 14, 13, 12]}
34
8 12 33
5 6 13
16 9 7
5 7 30
16 5 20
1 3 4
1 10 14
2 3 14
0 9 17
8 2 11
11 12 6
9 10 15
0 10 13
1 12 15
15 6 7
11 13 14
17 2 4
8 16 19
19 20 32
17 18 31
18 4 29
23 24 25
23 26 27
21 22 28
21 27 30
21 26 29
22 25 32
22 24 31
23 29 30
25 28 20
24 28 3
27 33 19
26 33 18
31 32 0
256
{[25, 24, 23, 19, 18]}
{[17, 15, 14, 13, 12]}
34
8 12 29
5 6 13
16 9 7
5 7 32
16 5 20
1 3 4
1 10 14
2 3 14
0 9 17
8 2 11
11 12 6
9 10 15
0 10 13
1 12 15
15 6 7
11 13 14
17 2 4
8 16 19
19 20 30
17 18 31
18 4 33
23 24 25
23 26 27
21 22 28
21 27 30
21 26 29
22 25 32
22 24 31
23 29 30
25 28 0
24 28 18
27 33 19
26 33 3
31 32 20
257
{[25, 23, 22, 21, 20]}
{[5, 4, 2, 1, 0]}
34
8 20 12
5 6 13
16 9 7
19 5 7
16 5 24
1 3 4
1 10 14
2 3 14
0 9 17
8 2 11
11 12 6
9 10 15
0 10 13
1 12 15
15 6 7
11 13 14
17 2 4
8 16 27
20 19 23
18 3 22
0 18 21
22 25 20
21 26 19
24 25 18
23 31 4
21 23 30
22 28 32
29 32 17
26 29 30
27 28 31
25 28 33
24 29 33
26 27 33
30 31 32
258
{[25, 23, 22, 21, 20]}
{[6, 3, 2, 1, 0]}
34
8 20 12
5 6 13
16 9 7
19 5 7
16 5 23
1 3 4
1 10 14
2 3 14
0 9 17
8 2 11
11 12 6
9 10 15
0 10 13
1 12 15
15 6 7
11 13 14
17 2 4
8 16 21
20 19 26
18 3 25
0 18 22
22 24 17
21 27 20
24 25 4
21 23 31
23 30 19
28 32 18
22 29 32
26 29 30
27 28 31
25 28 33
24 29 33
26 27 33
30 31 32
259
{[25, 23, 22, 21, 20]}
{[8, 7, 4, 2, 0]}
34
8 20 12
5 6 13
16 9 7
19 5 7
16 5 21
1 3 4
1 10 14
2 3 14
0 9 17
8 2 11
11 12 6
9 10 15
0 10 13
1 12 15
15 6 7
11 13 14
17 2 4
8 16 22
20 19 31
18 3 23
0 18 25
23 24 4
24 25 17
21 27 19
21 22 26
22 30 20
24 28 32
23 29 32
26 29 30
27 28 31
25 28 33
29 33 18
26 27 33
30 31 32
260
{[25, 23, 22, 21, 20]}
{[9, 7, 3, 2, 0]}
34
8 20 12
5 6 13
16 9 7
19 5 7
16 5 24
1 3 4
1 10 14
2 3 14
0 9 17
8 2 11
11 12 6
9 10 15
0 10 13
1 12 15
15 6 7
11 13 14
17 2 4
8 16 30
20 19 21
18 3 25
0 18 22
23 24 18
23 25 20
21 22 27
21 26 4
22 31 19
24 28 32
23 29 32
26 29 30
27 28 31
28 33 17
25 29 33
26 27 33
30 31 32
261
{[25, 23, 22, 21, 20]}
{[6, 3, 2, 1, 0]}
34
8 20 12
5 6 13
16 9 7
19 5 7
16 5 22
1 3 4
1 10 14
2 3 14
0 9 17
8 2 11
11 12 6
9 10 15
0 10 13
1 12 15
15 6 7
11 13 14
17 2 4
8 16 26
20 19 21
18 3 25
0 18 23
22 24 18
21 27 4
24 25 20
21 23 31
23 30 19
28 32 17
22 29 32
26 29 30
27 28 31
25 28 33
24 29 33
26 27 33
30 31 32
262
{[25, 23, 22, 21, 20]}
{[9, 7, 3, 2, 0]}
34
8 20 12
5 6 13
16 9 7
19 5 7
16 5 22
1 3 4
1 10 14
2 3 14
0 9 17
8 2 11
11 12 6
9 10 15
0 10 13
1 12 15
15 6 7
11 13 14
17 2 4
8 16 21
20 19 30
18 3 25
0 18 24
23 24 17
23 25 4
21 22 27
21 26 20
22 31 19
24 28 32
23 29 32
26 29 30
27 28 31
28 33 18
25 29 33
26 27 33
30 31 32
263
{[25, 23, 22, 21, 20]}
{[5, 4, 2, 1, 0]}
34
8 20 12
5 6 13
16 9 7
19 5 7
16 5 21
1 3 4
1 10 14
2 3 14
0 9 17
8 2 11
11 12 6
9 10 15
0 10 13
1 12 15
15 6 7
11 13 14
17 2 4
8 16 23
20 19 27
18 3 22
0 18 24
22 25 4
21 26 19
24 25 17
23 31 20
21 23 30
22 28 32
29 32 18
26 29 30
27 28 31
25 28 33
24 29 33
26 27 33
30 31 32
264
{[25, 23, 22, 21, 20]}
{[8, 7, 4, 2, 0]}
34
8 20 12
5 6 13
16 9 7
19 5 7
16 5 25
1 3 4
1 10 14
2 3 14
0 9 17
8 2 11
11 12 6
9 10 15
0 10 13
1 12 15
15 6 7
11 13 14
17 2 4
8 16 31
20 19 22
18 3 23
0 18 21
23 24 20
24 25 18
21 27 19
21 22 26
22 30 4
24 28 32
23 29 32
26 29 30
27 28 31
25 28 33
29 33 17
26 27 33
30 31 32
265
{[25, 23, 22, 21, 20]}
{[16, 13, 12, 11, 10]}
34
8 20 12
5 6 13
16 9 7
19 5 7
16 5 33
1 3 4
1 10 14
2 3 14
0 9 17
8 2 11
11 12 6
9 10 15
0 10 13
1 12 15
15 6 7
11 13 14
17 2 4
8 16 26
20 19 31
18 3 32
0 18 27
23 24 25
23 26 27
21 22 28
21 27 30
21 26 29
22 25 17
22 24 20
23 29 30
25 28 32
24 28 31
30 33 18
29 33 19
31 32 4
266
{[25, 23, 22, 21, 20]}
{[17, 16, 14, 12, 10]}
34
8 20 12
5 6 13
16 9 7
19 5 7
16 5 32
1 3 4
1 10 14
2 3 14
0 9 17
8 2 11
11 12 6
9 10 15
0 10 13
1 12 15
15 6 7
11 13 14
17 2 4
8 16 27
20 19 33
18 3 31
0 18 30
23 24 25
23 26 27
21 22 28
21 27 30
21 26 29
22 25 31
22 24 17
23 29 30
25 28 33
24 28 20
26 32 19
31 33 4
29 32 18
267
{[25, 23, 22, 21, 20]}
{[16, 13, 12, 11, 10]}
34
8 20 12
5 6 13
16 9 7
19 5 7
16 5 27
1 3 4
1 10 14
2 3 14
0 9 17
8 2 11
11 12 6
9 10 15
0 10 13
1 12 15
15 6 7
11 13 14
17 2 4
8 16 31
20 19 26
18 3 32
0 18 33
23 24 25
23 26 27
21 22 28
21 27 30
21 26 29
22 25 18
22 24 4
23 29 30
25 28 32
24 28 31
30 33 17
29 33 19
31 32 20
268
{[25, 23, 22, 21, 20]}
{[17, 16, 14, 12, 10]}
34
8 20 12
5 6 13
16 9 7
19 5 7
16 5 30
1 3 4
1 10 14
2 3 14
0 9 17
8 2 11
11 12 6
9 10 15
0 10 13
1 12 15
15 6 7
11 13 14
17 2 4
8 16 33
20 19 27
18 3 31
0 18 32
23 24 25
23 26 27
21 22 28
21 27 30
21 26 29
22 25 31
22 24 18
23 29 30
25 28 33
24 28 4
26 32 19
31 33 20
29 32 17
269
{[25, 23, 22, 21, 20]}
{[17, 16, 15, 13, 11]}
34
8 20 12
5 6 13
16 9 7
19 5 7
16 5 26
1 3 4
1 10 14
2 3 14
0 9 17
8 2 11
11 12 6
9 10 15
0 10 13
1 12 15
15 6 7
11 13 14
17 2 4
8 16 31
20 19 29
18 3 33
0 18 32
23 24 25
23 26 27
21 22 28
21 27 30
21 26 29
22 25 4
22 24 31
23 29 30
25 28 18
24 28 33
27 32 17
31 33 20
30 32 19
270
{[25, 23, 22, 21, 20]}
{[17, 16, 15, 13, 11]}
34
8 20 12
5 6 13
16 9 7
19 5 7
16 5 32
1 3 4
1 10 14
2 3 14
0 9 17
8 2 11
11 12 6
9 10 15
0 10 13
1 12 15
15 6 7
11 13 14
17 2 4
8 16 29
20 19 31
18 3 33
0 18 26
23 24 25
23 26 27
21 22 28
21 27 30
21 26 29
22 25 20
22 24 31
23 29 30
25 28 17
24 28 33
27 32 18
31 33 4
30 32 19
271
{[25, 23, 22, 21, 20]}
{[17, 15, 14, 13, 12]}
34
8 20 12
5 6 13
16 9 7
19 5 7
16 5 29
1 3 4
1 10 14
2 3 14
0 9 17
8 2 11
11 12 6
9 10 15
0 10 13
1 12 15
15 6 7
11 13 14
17 2 4
8 16 32
20 19 30
18 3 31
0 18 33
23 24 25
23 26 27
21 22 28
21 27 30
21 26 29
22 25 32
22 24 31
23 29 30
25 28 4
24 28 18
27 33 19
26 33 17
31 32 20
272
{[25, 23, 22, 21, 20]}
{[17, 15, 14, 13, 12]}
34
8 20 12
5 6 13
16 9 7
19 5 7
16 5 33
1 3 4
1 10 14
2 3 14
0 9 17
8 2 11
11 12 6
9 10 15
0 10 13
1 12 15
15 6 7
11 13 14
17 2 4
8 16 30
20 19 32
18 3 31
0 18 29
23 24 25
23 26 27
21 22 28
21 27 30
21 26 29
22 25 32
22 24 31
23 29 30
25 28 20
24 28 17
27 33 19
26 33 18
31 32 4
273
{[25, 23, 22, 21, 20]}
{[5, 4, 2, 1, 0]}
34
8 20 12
5 6 13
16 9 7
19 5 7
16 5 21
1 3 4
1 10 14
2 3 14
0 9 17
8 2 11
11 12 6
9 10 15
0 10 13
1 12 15
15 6 7
11 13 14
17 2 4
8 16 23
20 19 27
18 3 22
0 18 24
22 25 4
21 26 19
24 25 17
23 31 20
21 23 30
22 28 32
29 32 18
26 29 30
27 28 31
25 28 33
24 29 33
26 27 33
30 31 32
274
{[25, 23, 22, 21, 20]}
{[6, 3, 2, 1, 0]}
34
8 20 12
5 6 13
16 9 7
19 5 7
16 5 22
1 3 4
1 10 14
2 3 14
0 9 17
8 2 11
11 12 6
9 10 15
0 10 13
1 12 15
15 6 7
11 13 14
17 2 4
8 16 26
20 19 21
18 3 25
0 18 23
22 24 18
21 27 4
24 25 20
21 23 31
23 30 19
28 32 17
22 29 32
26 29 30
27 28 31
25 28 33
24 29 33
26 27 33
30 31 32
275
{[25, 23, 22, 21, 20]}
{[8, 7, 4, 2, 0]}
34
8 20 12
5 6 13
16 9 7
19 5 7
16 5 25
1 3 4
1 10 14
2 3 14
0 9 17
8 2 11
11 12 6
9 10 15
0 10 13
1 12 15
15 6 7
11 13 14
17 2 4
8 16 31
20 19 22
18 3 23
0 18 21
23 24 20
24 25 18
21 27 19
21 22 26
22 30 4
24 28 32
23 29 32
26 29 30
27 28 31
25 28 33
29 33 17
26 27 33
30 31 32
276
{[25, 23, 22, 21, 20]}
{[9, 7, 3, 2, 0]}
34
8 20 12
5 6 13
16 9 7
19 5 7
16 5 22
1 3 4
1 10 14
2 3 14
0 9 17
8 2 11
11 12 6
9 10 15
0 10 13
1 12 15
15 6 7
11 13 14
17 2 4
8 16 21
20 19 30
18 3 25
0 18 24
23 24 17
23 25 4
21 22 27
21 26 20
22 31 19
24 28 32
23 29 32
26 29 30
27 28 31
28 33 18
25 29 33
26 27 33
30 31 32
277
{[25, 23, 22, 21, 20]}
{[6, 3, 2, 1, 0]}
34
8 20 12
5 6 13
16 9 7
19 5 7
16 5 23
1 3 4
1 10 14
2 3 14
0 9 17
8 2 11
11 12 6
9 10 15
0 10 13
1 12 15
15 6 7
11 13 14
17 2 4
8 16 21
20 19 26
18 3 25
0 18 22
22 24 17
21 27 20
24 25 4
21 23 31
23 30 19
28 32 18
22 29 32
26 29 30
27 28 31
25 28 33
24 29 33
26 27 33
30 31 32
278
{[25, 23, 22, 21, 20]}
{[9, 7, 3, 2, 0]}
34
8 20 12
5 6 13
16 9 7
19 5 7
16 5 24
1 3 4
1 10 14
2 3 14
0 9 17
8 2 11
11 12 6
9 10 15
0 10 13
1 12 15
15 6 7
11 13 14
17 2 4
8 16 30
20 19 21
18 3 25
0 18 22
23 24 18
23 25 20
21 22 27
21 26 4
22 31 19
24 28 32
23 29 32
26 29 30
27 28 31
28 33 17
25 29 33
26 27 33
30 31 32
279
{[25, 23, 22, 21, 20]}
{[5, 4, 2, 1, 0]}
34
8 20 12
5 6 13
16 9 7
19 5 7
16 5 24
1 3 4
1 10 14
2 3 14
0 9 17
8 2 11
11 12 6
9 10 15
0 10 13
1 12 15
15 6 7
11 13 14
17 2 4
8 16 27
20 19 23
18 3 22
0 18 21
22 25 20
21 26 19
24 25 18
23 31 4
21 23 30
22 28 32
29 32 17
26 29 30
27 28 31
25 28 33
24 29 33
26 27 33
30 31 32
280
{[25, 23, 22, 21, 20]}
{[8, 7, 4, 2, 0]}
34
8 20 12
5 6 13
16 9 7
19 5 7
16 5 21
1 3 4
1 10 14
2 3 14
0 9 17
8 2 11
11 12 6
9 10 15
0 10 13
1 12 15
15 6 7
11 13 14
17 2 4
8 16 22
20 19 31
18 3 23
0 18 25
23 24 4
24 25 17
21 27 19
21 22 26
22 30 20
24 28 32
23 29 32
26 29 30
27 28 31
25 28 33
29 33 18
26 27 33
30 31 32
281
{[25, 23, 22, 21, 20]}
{[16, 13, 12, 11, 10]}
34
8 20 12
5 6 13
16 9 7
19 5 7
16 5 27
1 3 4
1 10 14
2 3 14
0 9 17
8 2 11
11 12 6
9 10 15
0 10 13
1 12 15
15 6 7
11 13 14
17 2 4
8 16 31
20 19 26
18 3 32
0 18 33
23 24 25
23 26 27
21 22 28
21 27 30
21 26 29
22 25 18
22 24 4
23 29 30
25 28 32
24 28 31
30 33 17
29 33 19
31 32 20
282
{[25, 23, 22, 21, 20]}
{[17, 16, 14, 12, 10]}
34
8 20 12
5 6 13
16 9 7
19 5 7
16 5 30
1 3 4
1 10 14
2 3 14
0 9 17
8 2 11
11 12 6
9 10 15
0 10 13
1 12 15
15 6 7
11 13 14
17 2 4
8 16 33
20 19 27
18 3 31
0 18 32
23 24 25
23 26 27
21 22 28
21 27 30
21 26 29
22 25 31
22 24 18
23 29 30
25 28 33
24 28 4
26 32 19
31 33 20
29 32 17
283
{[25, 23, 22, 21, 20]}
{[16, 13, 12, 11, 10]}
34
8 20 12
5 6 13
16 9 7
19 5 7
16 5 33
1 3 4
1 10 14
2 3 14
0 9 17
8 2 11
11 12 6
9 10 15
0 10 13
1 12 15
15 6 7
11 13 14
17 2 4
8 16 26
20 19 31
18 3 32
0 18 27
23 24 25
23 26 27
21 22 28
21 27 30
21 26 29
22 25 17
22 24 20
23 29 30
25 28 32
24 28 31
30 33 18
29 33 19
31 32 4
284
{[25, 23, 22, 21, 20]}
{[17, 16, 14, 12, 10]}
34
8 20 12
5 6 13
16 9 7
19 5 7
16 5 32
1 3 4
1 10 14
2 3 14
0 9 17
8 2 11
11 12 6
9 10 15
0 10 13
1 12 15
15 6 7
11 13 14
17 2 4
8 16 27
20 19 33
18 3 31
0 18 30
23 24 25
23 26 27
21 22 28
21 27 30
21 26 29
22 25 31
22 24 17
23 29 30
25 28 33
24 28 20
26 32 19
31 33 4
29 32 18
285
{[25, 23, 22, 21, 20]}
{[17, 16, 15, 13, 11]}
34
8 20 12
5 6 13
16 9 7
19 5 7
16 5 32
1 3 4
1 10 14
2 3 14
0 9 17
8 2 11
11 12 6
9 10 15
0 10 13
1 12 15
15 6 7
11 13 14
17 2 4
8 16 29
20 19 31
18 3 33
0 18 26
23 24 25
23 26 27
21 22 28
21 27 30
21 26 29
22 25 20
22 24 31
23 29 30
25 28 17
24 28 33
27 32 18
31 33 4
30 32 19
286
{[25, 23, 22, 21, 20]}
{[17, 16, 15, 13, 11]}
34
8 20 12
5 6 13
16 9 7
19 5 7
16 5 26
1 3 4
1 10 14
2 3 14
0 9 17
8 2 11
11 12 6
9 10 15
0 10 13
1 12 15
15 6 7
11 13 14
17 2 4
8 16 31
20 19 29
18 3 33
0 18 32
23 24 25
23 26 27
21 22 28
21 27 30
21 26 29
22 25 4
22 24 31
23 29 30
25 28 18
24 28 33
27 32 17
31 33 20
30 32 19
287
{[25, 23, 22, 21, 20]}
{[17, 15, 14, 13, 12]}
34
8 20 12
5 6 13
16 9 7
19 5 7
16 5 33
1 3 4
1 10 14
2 3 14
0 9 17
8 2 11
11 12 6
9 10 15
0 10 13
1 12 15
15 6 7
11 13 14
17 2 4
8 16 30
20 19 32
18 3 31
0 18 29
23 24 25
23 26 27
21 22 28
21 27 30
21 26 29
22 25 32
22 24 31
23 29 30
25 28 20
24 28 17
27 33 19
26 33 18
31 32 4
288
{[25, 23, 22, 21, 20]}
{[17, 15, 14, 13, 12]}
34
8 20 12
5 6 13
16 9 7
19 5 7
16 5 29
1 3 4
1 10 14
2 3 14
0 9 17
8 2 11
11 12 6
9 10 15
0 10 13
1 12 15
15 6 7
11 13 14
17 2 4
8 16 32
20 19 30
18 3 31
0 18 33
23 24 25
23 26 27
21 22 28
21 27 30
21 26 29
22 25 32
22 24 31
23 29 30
25 28 4
24 28 18
27 33 19
26 33 17
31 32 20
