288
1
{[9, 8, 4, 2, 0]}
{[5, 4, 2, 1, 0]}
34
11 2 9
2 4 23
0 1 21
11 19 4
1 3 22
19 13 17
15 8 24
12 8 27
14 6 7
0 14 10
15 17 9
0 3 18
20 13 7
12 5 16
8 9 16
6 16 10
13 14 15
5 18 10
11 20 17
20 5 3
19 12 18
22 25 2
21 26 4
24 25 1
23 31 6
21 23 30
22 28 32
29 32 7
26 29 30
27 28 31
25 28 33
24 29 33
26 27 33
30 31 32
2
{[9, 8, 4, 2, 0]}
{[6, 3, 2, 1, 0]}
34
11 2 9
2 4 26
0 1 22
11 19 4
1 3 25
19 13 17
15 8 23
12 8 21
14 6 7
0 14 10
15 17 9
0 3 18
20 13 7
12 5 16
8 9 16
6 16 10
13 14 15
5 18 10
11 20 17
20 5 3
19 12 18
22 24 7
21 27 2
24 25 6
21 23 31
23 30 4
28 32 1
22 29 32
26 29 30
27 28 31
25 28 33
24 29 33
26 27 33
30 31 32
3
{[9, 8, 4, 2, 0]}
{[8, 7, 4, 2, 0]}
34
11 2 9
2 4 31
0 1 25
11 19 4
1 3 23
19 13 17
15 8 21
12 8 22
14 6 7
0 14 10
15 17 9
0 3 18
20 13 7
12 5 16
8 9 16
6 16 10
13 14 15
5 18 10
11 20 17
20 5 3
19 12 18
23 24 6
24 25 7
21 27 4
21 22 26
22 30 2
24 28 32
23 29 32
26 29 30
27 28 31
25 28 33
29 33 1
26 27 33
30 31 32
4
{[9, 8, 4, 2, 0]}
{[9, 7, 3, 2, 0]}
34
11 2 9
2 4 21
0 1 22
11 19 4
1 3 25
19 13 17
15 8 24
12 8 30
14 6 7
0 14 10
15 17 9
0 3 18
20 13 7
12 5 16
8 9 16
6 16 10
13 14 15
5 18 10
11 20 17
20 5 3
19 12 18
23 24 1
23 25 2
21 22 27
21 26 6
22 31 4
24 28 32
23 29 32
26 29 30
27 28 31
28 33 7
25 29 33
26 27 33
30 31 32
5
{[9, 8, 4, 2, 0]}
{[6, 3, 2, 1, 0]}
34
11 2 9
2 4 21
0 1 23
11 19 4
1 3 25
19 13 17
15 8 22
12 8 26
14 6 7
0 14 10
15 17 9
0 3 18
20 13 7
12 5 16
8 9 16
6 16 10
13 14 15
5 18 10
11 20 17
20 5 3
19 12 18
22 24 1
21 27 6
24 25 2
21 23 31
23 30 4
28 32 7
22 29 32
26 29 30
27 28 31
25 28 33
24 29 33
26 27 33
30 31 32
6
{[9, 8, 4, 2, 0]}
{[9, 7, 3, 2, 0]}
34
11 2 9
2 4 30
0 1 24
11 19 4
1 3 25
19 13 17
15 8 22
12 8 21
14 6 7
0 14 10
15 17 9
0 3 18
20 13 7
12 5 16
8 9 16
6 16 10
13 14 15
5 18 10
11 20 17
20 5 3
19 12 18
23 24 7
23 25 6
21 22 27
21 26 2
22 31 4
24 28 32
23 29 32
26 29 30
27 28 31
28 33 1
25 29 33
26 27 33
30 31 32
7
{[9, 8, 4, 2, 0]}
{[5, 4, 2, 1, 0]}
34
11 2 9
2 4 27
0 1 24
11 19 4
1 3 22
19 13 17
15 8 21
12 8 23
14 6 7
0 14 10
15 17 9
0 3 18
20 13 7
12 5 16
8 9 16
6 16 10
13 14 15
5 18 10
11 20 17
20 5 3
19 12 18
22 25 6
21 26 4
24 25 7
23 31 2
21 23 30
22 28 32
29 32 1
26 29 30
27 28 31
25 28 33
24 29 33
26 27 33
30 31 32
8
{[9, 8, 4, 2, 0]}
{[8, 7, 4, 2, 0]}
34
11 2 9
2 4 22
0 1 21
11 19 4
1 3 23
19 13 17
15 8 25
12 8 31
14 6 7
0 14 10
15 17 9
0 3 18
20 13 7
12 5 16
8 9 16
6 16 10
13 14 15
5 18 10
11 20 17
20 5 3
19 12 18
23 24 2
24 25 1
21 27 4
21 22 26
22 30 6
24 28 32
23 29 32
26 29 30
27 28 31
25 28 33
29 33 7
26 27 33
30 31 32
9
{[9, 8, 4, 2, 0]}
{[16, 13, 12, 11, 10]}
34
11 2 9
2 4 31
0 1 27
11 19 4
1 3 32
19 13 17
15 8 33
12 8 26
14 6 7
0 14 10
15 17 9
0 3 18
20 13 7
12 5 16
8 9 16
6 16 10
13 14 15
5 18 10
11 20 17
20 5 3
19 12 18
23 24 25
23 26 27
21 22 28
21 27 30
21 26 29
22 25 7
22 24 2
23 29 30
25 28 32
24 28 31
30 33 1
29 33 4
31 32 6
10
{[9, 8, 4, 2, 0]}
{[17, 16, 14, 12, 10]}
34
11 2 9
2 4 33
0 1 30
11 19 4
1 3 31
19 13 17
15 8 32
12 8 27
14 6 7
0 14 10
15 17 9
0 3 18
20 13 7
12 5 16
8 9 16
6 16 10
13 14 15
5 18 10
11 20 17
20 5 3
19 12 18
23 24 25
23 26 27
21 22 28
21 27 30
21 26 29
22 25 31
22 24 7
23 29 30
25 28 33
24 28 2
26 32 4
31 33 6
29 32 1
11
{[9, 8, 4, 2, 0]}
{[16, 13, 12, 11, 10]}
34
11 2 9
2 4 26
0 1 33
11 19 4
1 3 32
19 13 17
15 8 27
12 8 31
14 6 7
0 14 10
15 17 9
0 3 18
20 13 7
12 5 16
8 9 16
6 16 10
13 14 15
5 18 10
11 20 17
20 5 3
19 12 18
23 24 25
23 26 27
21 22 28
21 27 30
21 26 29
22 25 1
22 24 6
23 29 30
25 28 32
24 28 31
30 33 7
29 33 4
31 32 2
12
{[9, 8, 4, 2, 0]}
{[17, 16, 14, 12, 10]}
34
11 2 9
2 4 27
0 1 32
11 19 4
1 3 31
19 13 17
15 8 30
12 8 33
14 6 7
0 14 10
15 17 9
0 3 18
20 13 7
12 5 16
8 9 16
6 16 10
13 14 15
5 18 10
11 20 17
20 5 3
19 12 18
23 24 25
23 26 27
21 22 28
21 27 30
21 26 29
22 25 31
22 24 1
23 29 30
25 28 33
24 28 6
26 32 4
31 33 2
29 32 7
13
{[9, 8, 4, 2, 0]}
{[17, 16, 15, 13, 11]}
34
11 2 9
2 4 29
0 1 32
11 19 4
1 3 33
19 13 17
15 8 26
12 8 31
14 6 7
0 14 10
15 17 9
0 3 18
20 13 7
12 5 16
8 9 16
6 16 10
13 14 15
5 18 10
11 20 17
20 5 3
19 12 18
23 24 25
23 26 27
21 22 28
21 27 30
21 26 29
22 25 6
22 24 31
23 29 30
25 28 1
24 28 33
27 32 7
31 33 2
30 32 4
14
{[9, 8, 4, 2, 0]}
{[17, 16, 15, 13, 11]}
34
11 2 9
2 4 31
0 1 26
11 19 4
1 3 33
19 13 17
15 8 32
12 8 29
14 6 7
0 14 10
15 17 9
0 3 18
20 13 7
12 5 16
8 9 16
6 16 10
13 14 15
5 18 10
11 20 17
20 5 3
19 12 18
23 24 25
23 26 27
21 22 28
21 27 30
21 26 29
22 25 2
22 24 31
23 29 30
25 28 7
24 28 33
27 32 1
31 33 6
30 32 4
15
{[9, 8, 4, 2, 0]}
{[17, 15, 14, 13, 12]}
34
11 2 9
2 4 30
0 1 33
11 19 4
1 3 31
19 13 17
15 8 29
12 8 32
14 6 7
0 14 10
15 17 9
0 3 18
20 13 7
12 5 16
8 9 16
6 16 10
13 14 15
5 18 10
11 20 17
20 5 3
19 12 18
23 24 25
23 26 27
21 22 28
21 27 30
21 26 29
22 25 32
22 24 31
23 29 30
25 28 6
24 28 1
27 33 4
26 33 7
31 32 2
16
{[9, 8, 4, 2, 0]}
{[17, 15, 14, 13, 12]}
34
11 2 9
2 4 32
0 1 29
11 19 4
1 3 31
19 13 17
15 8 33
12 8 30
14 6 7
0 14 10
15 17 9
0 3 18
20 13 7
12 5 16
8 9 16
6 16 10
13 14 15
5 18 10
11 20 17
20 5 3
19 12 18
23 24 25
23 26 27
21 22 28
21 27 30
21 26 29
22 25 32
22 24 31
23 29 30
25 28 2
24 28 7
27 33 4
26 33 1
31 32 6
17
{[8, 5, 4, 3, 0]}
{[5, 4, 2, 1, 0]}
34
11 9 27
4 3 23
11 19 3
1 2 21
1 6 22
19 13 17
4 15 8
12 8 24
14 6 7
0 14 10
15 17 9
0 2 18
20 13 7
12 5 16
8 9 16
6 16 10
13 14 15
5 18 10
11 20 17
20 5 2
19 12 18
22 25 3
21 26 4
24 25 1
23 31 7
21 23 30
22 28 32
29 32 0
26 29 30
27 28 31
25 28 33
24 29 33
26 27 33
30 31 32
18
{[8, 5, 4, 3, 0]}
{[6, 3, 2, 1, 0]}
34
11 9 21
4 3 26
11 19 3
1 2 22
1 6 25
19 13 17
4 15 8
12 8 23
14 6 7
0 14 10
15 17 9
0 2 18
20 13 7
12 5 16
8 9 16
6 16 10
13 14 15
5 18 10
11 20 17
20 5 2
19 12 18
22 24 0
21 27 3
24 25 7
21 23 31
23 30 4
28 32 1
22 29 32
26 29 30
27 28 31
25 28 33
24 29 33
26 27 33
30 31 32
19
{[8, 5, 4, 3, 0]}
{[8, 7, 4, 2, 0]}
34
11 9 22
4 3 31
11 19 3
1 2 25
1 6 23
19 13 17
4 15 8
12 8 21
14 6 7
0 14 10
15 17 9
0 2 18
20 13 7
12 5 16
8 9 16
6 16 10
13 14 15
5 18 10
11 20 17
20 5 2
19 12 18
23 24 7
24 25 0
21 27 4
21 22 26
22 30 3
24 28 32
23 29 32
26 29 30
27 28 31
25 28 33
29 33 1
26 27 33
30 31 32
20
{[8, 5, 4, 3, 0]}
{[9, 7, 3, 2, 0]}
34
11 9 30
4 3 21
11 19 3
1 2 22
1 6 25
19 13 17
4 15 8
12 8 24
14 6 7
0 14 10
15 17 9
0 2 18
20 13 7
12 5 16
8 9 16
6 16 10
13 14 15
5 18 10
11 20 17
20 5 2
19 12 18
23 24 1
23 25 3
21 22 27
21 26 7
22 31 4
24 28 32
23 29 32
26 29 30
27 28 31
28 33 0
25 29 33
26 27 33
30 31 32
21
{[8, 5, 4, 3, 0]}
{[6, 3, 2, 1, 0]}
34
11 9 26
4 3 21
11 19 3
1 2 23
1 6 25
19 13 17
4 15 8
12 8 22
14 6 7
0 14 10
15 17 9
0 2 18
20 13 7
12 5 16
8 9 16
6 16 10
13 14 15
5 18 10
11 20 17
20 5 2
19 12 18
22 24 1
21 27 7
24 25 3
21 23 31
23 30 4
28 32 0
22 29 32
26 29 30
27 28 31
25 28 33
24 29 33
26 27 33
30 31 32
22
{[8, 5, 4, 3, 0]}
{[9, 7, 3, 2, 0]}
34
11 9 21
4 3 30
11 19 3
1 2 24
1 6 25
19 13 17
4 15 8
12 8 22
14 6 7
0 14 10
15 17 9
0 2 18
20 13 7
12 5 16
8 9 16
6 16 10
13 14 15
5 18 10
11 20 17
20 5 2
19 12 18
23 24 0
23 25 7
21 22 27
21 26 3
22 31 4
24 28 32
23 29 32
26 29 30
27 28 31
28 33 1
25 29 33
26 27 33
30 31 32
23
{[8, 5, 4, 3, 0]}
{[5, 4, 2, 1, 0]}
34
11 9 23
4 3 27
11 19 3
1 2 24
1 6 22
19 13 17
4 15 8
12 8 21
14 6 7
0 14 10
15 17 9
0 2 18
20 13 7
12 5 16
8 9 16
6 16 10
13 14 15
5 18 10
11 20 17
20 5 2
19 12 18
22 25 7
21 26 4
24 25 0
23 31 3
21 23 30
22 28 32
29 32 1
26 29 30
27 28 31
25 28 33
24 29 33
26 27 33
30 31 32
24
{[8, 5, 4, 3, 0]}
{[8, 7, 4, 2, 0]}
34
11 9 31
4 3 22
11 19 3
1 2 21
1 6 23
19 13 17
4 15 8
12 8 25
14 6 7
0 14 10
15 17 9
0 2 18
20 13 7
12 5 16
8 9 16
6 16 10
13 14 15
5 18 10
11 20 17
20 5 2
19 12 18
23 24 3
24 25 1
21 27 4
21 22 26
22 30 7
24 28 32
23 29 32
26 29 30
27 28 31
25 28 33
29 33 0
26 27 33
30 31 32
25
{[8, 5, 4, 3, 0]}
{[16, 13, 12, 11, 10]}
34
11 9 26
4 3 31
11 19 3
1 2 27
1 6 32
19 13 17
4 15 8
12 8 33
14 6 7
0 14 10
15 17 9
0 2 18
20 13 7
12 5 16
8 9 16
6 16 10
13 14 15
5 18 10
11 20 17
20 5 2
19 12 18
23 24 25
23 26 27
21 22 28
21 27 30
21 26 29
22 25 0
22 24 3
23 29 30
25 28 32
24 28 31
30 33 1
29 33 4
31 32 7
26
{[8, 5, 4, 3, 0]}
{[17, 16, 14, 12, 10]}
34
11 9 27
4 3 33
11 19 3
1 2 30
1 6 31
19 13 17
4 15 8
12 8 32
14 6 7
0 14 10
15 17 9
0 2 18
20 13 7
12 5 16
8 9 16
6 16 10
13 14 15
5 18 10
11 20 17
20 5 2
19 12 18
23 24 25
23 26 27
21 22 28
21 27 30
21 26 29
22 25 31
22 24 0
23 29 30
25 28 33
24 28 3
26 32 4
31 33 7
29 32 1
27
{[8, 5, 4, 3, 0]}
{[16, 13, 12, 11, 10]}
34
11 9 31
4 3 26
11 19 3
1 2 33
1 6 32
19 13 17
4 15 8
12 8 27
14 6 7
0 14 10
15 17 9
0 2 18
20 13 7
12 5 16
8 9 16
6 16 10
13 14 15
5 18 10
11 20 17
20 5 2
19 12 18
23 24 25
23 26 27
21 22 28
21 27 30
21 26 29
22 25 1
22 24 7
23 29 30
25 28 32
24 28 31
30 33 0
29 33 4
31 32 3
28
{[8, 5, 4, 3, 0]}
{[17, 16, 14, 12, 10]}
34
11 9 33
4 3 27
11 19 3
1 2 32
1 6 31
19 13 17
4 15 8
12 8 30
14 6 7
0 14 10
15 17 9
0 2 18
20 13 7
12 5 16
8 9 16
6 16 10
13 14 15
5 18 10
11 20 17
20 5 2
19 12 18
23 24 25
23 26 27
21 22 28
21 27 30
21 26 29
22 25 31
22 24 1
23 29 30
25 28 33
24 28 7
26 32 4
31 33 3
29 32 0
29
{[8, 5, 4, 3, 0]}
{[17, 16, 15, 13, 11]}
34
11 9 31
4 3 29
11 19 3
1 2 32
1 6 33
19 13 17
4 15 8
12 8 26
14 6 7
0 14 10
15 17 9
0 2 18
20 13 7
12 5 16
8 9 16
6 16 10
13 14 15
5 18 10
11 20 17
20 5 2
19 12 18
23 24 25
23 26 27
21 22 28
21 27 30
21 26 29
22 25 7
22 24 31
23 29 30
25 28 1
24 28 33
27 32 0
31 33 3
30 32 4
30
{[8, 5, 4, 3, 0]}
{[17, 16, 15, 13, 11]}
34
11 9 29
4 3 31
11 19 3
1 2 26
1 6 33
19 13 17
4 15 8
12 8 32
14 6 7
0 14 10
15 17 9
0 2 18
20 13 7
12 5 16
8 9 16
6 16 10
13 14 15
5 18 10
11 20 17
20 5 2
19 12 18
23 24 25
23 26 27
21 22 28
21 27 30
21 26 29
22 25 3
22 24 31
23 29 30
25 28 0
24 28 33
27 32 1
31 33 7
30 32 4
31
{[8, 5, 4, 3, 0]}
{[17, 15, 14, 13, 12]}
34
11 9 32
4 3 30
11 19 3
1 2 33
1 6 31
19 13 17
4 15 8
12 8 29
14 6 7
0 14 10
15 17 9
0 2 18
20 13 7
12 5 16
8 9 16
6 16 10
13 14 15
5 18 10
11 20 17
20 5 2
19 12 18
23 24 25
23 26 27
21 22 28
21 27 30
21 26 29
22 25 32
22 24 31
23 29 30
25 28 7
24 28 1
27 33 4
26 33 0
31 32 3
32
{[8, 5, 4, 3, 0]}
{[17, 15, 14, 13, 12]}
34
11 9 30
4 3 32
11 19 3
1 2 29
1 6 31
19 13 17
4 15 8
12 8 33
14 6 7
0 14 10
15 17 9
0 2 18
20 13 7
12 5 16
8 9 16
6 16 10
13 14 15
5 18 10
11 20 17
20 5 2
19 12 18
23 24 25
23 26 27
21 22 28
21 27 30
21 26 29
22 25 32
22 24 31
23 29 30
25 28 3
24 28 0
27 33 4
26 33 1
31 32 7
33
{[8, 5, 4, 3, 0]}
{[5, 4, 2, 1, 0]}
34
11 9 23
4 3 27
11 19 3
1 2 24
1 6 22
19 13 17
4 15 8
12 8 21
14 6 7
0 14 10
15 17 9
0 2 18
20 13 7
12 5 16
8 9 16
6 16 10
13 14 15
5 18 10
11 20 17
20 5 2
19 12 18
22 25 7
21 26 4
24 25 0
23 31 3
21 23 30
22 28 32
29 32 1
26 29 30
27 28 31
25 28 33
24 29 33
26 27 33
30 31 32
34
{[8, 5, 4, 3, 0]}
{[6, 3, 2, 1, 0]}
34
11 9 26
4 3 21
11 19 3
1 2 23
1 6 25
19 13 17
4 15 8
12 8 22
14 6 7
0 14 10
15 17 9
0 2 18
20 13 7
12 5 16
8 9 16
6 16 10
13 14 15
5 18 10
11 20 17
20 5 2
19 12 18
22 24 1
21 27 7
24 25 3
21 23 31
23 30 4
28 32 0
22 29 32
26 29 30
27 28 31
25 28 33
24 29 33
26 27 33
30 31 32
35
{[8, 5, 4, 3, 0]}
{[8, 7, 4, 2, 0]}
34
11 9 31
4 3 22
11 19 3
1 2 21
1 6 23
19 13 17
4 15 8
12 8 25
14 6 7
0 14 10
15 17 9
0 2 18
20 13 7
12 5 16
8 9 16
6 16 10
13 14 15
5 18 10
11 20 17
20 5 2
19 12 18
23 24 3
24 25 1
21 27 4
21 22 26
22 30 7
24 28 32
23 29 32
26 29 30
27 28 31
25 28 33
29 33 0
26 27 33
30 31 32
36
{[8, 5, 4, 3, 0]}
{[9, 7, 3, 2, 0]}
34
11 9 21
4 3 30
11 19 3
1 2 24
1 6 25
19 13 17
4 15 8
12 8 22
14 6 7
0 14 10
15 17 9
0 2 18
20 13 7
12 5 16
8 9 16
6 16 10
13 14 15
5 18 10
11 20 17
20 5 2
19 12 18
23 24 0
23 25 7
21 22 27
21 26 3
22 31 4
24 28 32
23 29 32
26 29 30
27 28 31
28 33 1
25 29 33
26 27 33
30 31 32
37
{[8, 5, 4, 3, 0]}
{[6, 3, 2, 1, 0]}
34
11 9 21
4 3 26
11 19 3
1 2 22
1 6 25
19 13 17
4 15 8
12 8 23
14 6 7
0 14 10
15 17 9
0 2 18
20 13 7
12 5 16
8 9 16
6 16 10
13 14 15
5 18 10
11 20 17
20 5 2
19 12 18
22 24 0
21 27 3
24 25 7
21 23 31
23 30 4
28 32 1
22 29 32
26 29 30
27 28 31
25 28 33
24 29 33
26 27 33
30 31 32
38
{[8, 5, 4, 3, 0]}
{[9, 7, 3, 2, 0]}
34
11 9 30
4 3 21
11 19 3
1 2 22
1 6 25
19 13 17
4 15 8
12 8 24
14 6 7
0 14 10
15 17 9
0 2 18
20 13 7
12 5 16
8 9 16
6 16 10
13 14 15
5 18 10
11 20 17
20 5 2
19 12 18
23 24 1
23 25 3
21 22 27
21 26 7
22 31 4
24 28 32
23 29 32
26 29 30
27 28 31
28 33 0
25 29 33
26 27 33
30 31 32
39
{[8, 5, 4, 3, 0]}
{[5, 4, 2, 1, 0]}
34
11 9 27
4 3 23
11 19 3
1 2 21
1 6 22
19 13 17
4 15 8
12 8 24
14 6 7
0 14 10
15 17 9
0 2 18
20 13 7
12 5 16
8 9 16
6 16 10
13 14 15
5 18 10
11 20 17
20 5 2
19 12 18
22 25 3
21 26 4
24 25 1
23 31 7
21 23 30
22 28 32
29 32 0
26 29 30
27 28 31
25 28 33
24 29 33
26 27 33
30 31 32
40
{[8, 5, 4, 3, 0]}
{[8, 7, 4, 2, 0]}
34
11 9 22
4 3 31
11 19 3
1 2 25
1 6 23
19 13 17
4 15 8
12 8 21
14 6 7
0 14 10
15 17 9
0 2 18
20 13 7
12 5 16
8 9 16
6 16 10
13 14 15
5 18 10
11 20 17
20 5 2
19 12 18
23 24 7
24 25 0
21 27 4
21 22 26
22 30 3
24 28 32
23 29 32
26 29 30
27 28 31
25 28 33
29 33 1
26 27 33
30 31 32
41
{[8, 5, 4, 3, 0]}
{[16, 13, 12, 11, 10]}
34
11 9 31
4 3 26
11 19 3
1 2 33
1 6 32
19 13 17
4 15 8
12 8 27
14 6 7
0 14 10
15 17 9
0 2 18
20 13 7
12 5 16
8 9 16
6 16 10
13 14 15
5 18 10
11 20 17
20 5 2
19 12 18
23 24 25
23 26 27
21 22 28
21 27 30
21 26 29
22 25 1
22 24 7
23 29 30
25 28 32
24 28 31
30 33 0
29 33 4
31 32 3
42
{[8, 5, 4, 3, 0]}
{[17, 16, 14, 12, 10]}
34
11 9 33
4 3 27
11 19 3
1 2 32
1 6 31
19 13 17
4 15 8
12 8 30
14 6 7
0 14 10
15 17 9
0 2 18
20 13 7
12 5 16
8 9 16
6 16 10
13 14 15
5 18 10
11 20 17
20 5 2
19 12 18
23 24 25
23 26 27
21 22 28
21 27 30
21 26 29
22 25 31
22 24 1
23 29 30
25 28 33
24 28 7
26 32 4
31 33 3
29 32 0
43
{[8, 5, 4, 3, 0]}
{[16, 13, 12, 11, 10]}
34
11 9 26
4 3 31
11 19 3
1 2 27
1 6 32
19 13 17
4 15 8
12 8 33
14 6 7
0 14 10
15 17 9
0 2 18
20 13 7
12 5 16
8 9 16
6 16 10
13 14 15
5 18 10
11 20 17
20 5 2
19 12 18
23 24 25
23 26 27
21 22 28
21 27 30
21 26 29
22 25 0
22 24 3
23 29 30
25 28 32
24 28 31
30 33 1
29 33 4
31 32 7
44
{[8, 5, 4, 3, 0]}
{[17, 16, 14, 12, 10]}
34
11 9 27
4 3 33
11 19 3
1 2 30
1 6 31
19 13 17
4 15 8
12 8 32
14 6 7
0 14 10
15 17 9
0 2 18
20 13 7
12 5 16
8 9 16
6 16 10
13 14 15
5 18 10
11 20 17
20 5 2
19 12 18
23 24 25
23 26 27
21 22 28
21 27 30
21 26 29
22 25 31
22 24 0
23 29 30
25 28 33
24 28 3
26 32 4
31 33 7
29 32 1
45
{[8, 5, 4, 3, 0]}
{[17, 16, 15, 13, 11]}
34
11 9 29
4 3 31
11 19 3
1 2 26
1 6 33
19 13 17
4 15 8
12 8 32
14 6 7
0 14 10
15 17 9
0 2 18
20 13 7
12 5 16
8 9 16
6 16 10
13 14 15
5 18 10
11 20 17
20 5 2
19 12 18
23 24 25
23 26 27
21 22 28
21 27 30
21 26 29
22 25 3
22 24 31
23 29 30
25 28 0
24 28 33
27 32 1
31 33 7
30 32 4
46
{[8, 5, 4, 3, 0]}
{[17, 16, 15, 13, 11]}
34
11 9 31
4 3 29
11 19 3
1 2 32
1 6 33
19 13 17
4 15 8
12 8 26
14 6 7
0 14 10
15 17 9
0 2 18
20 13 7
12 5 16
8 9 16
6 16 10
13 14 15
5 18 10
11 20 17
20 5 2
19 12 18
23 24 25
23 26 27
21 22 28
21 27 30
21 26 29
22 25 7
22 24 31
23 29 30
25 28 1
24 28 33
27 32 0
31 33 3
30 32 4
47
{[8, 5, 4, 3, 0]}
{[17, 15, 14, 13, 12]}
34
11 9 30
4 3 32
11 19 3
1 2 29
1 6 31
19 13 17
4 15 8
12 8 33
14 6 7
0 14 10
15 17 9
0 2 18
20 13 7
12 5 16
8 9 16
6 16 10
13 14 15
5 18 10
11 20 17
20 5 2
19 12 18
23 24 25
23 26 27
21 22 28
21 27 30
21 26 29
22 25 32
22 24 31
23 29 30
25 28 3
24 28 0
27 33 4
26 33 1
31 32 7
48
{[8, 5, 4, 3, 0]}
{[17, 15, 14, 13, 12]}
34
11 9 32
4 3 30
11 19 3
1 2 33
1 6 31
19 13 17
4 15 8
12 8 29
14 6 7
0 14 10
15 17 9
0 2 18
20 13 7
12 5 16
8 9 16
6 16 10
13 14 15
5 18 10
11 20 17
20 5 2
19 12 18
23 24 25
23 26 27
21 22 28
21 27 30
21 26 29
22 25 32
22 24 31
23 29 30
25 28 7
24 28 1
27 33 4
26 33 0
31 32 3
49
{[9, 8, 4, 2, 0]}
{[5, 4, 2, 1, 0]}
34
11 2 9
2 4 27
0 1 24
11 19 4
1 3 22
19 13 17
15 8 21
12 8 23
14 6 7
0 14 10
15 17 9
0 3 18
20 13 7
12 5 16
8 9 16
6 16 10
13 14 15
5 18 10
11 20 17
20 5 3
19 12 18
22 25 6
21 26 4
24 25 7
23 31 2
21 23 30
22 28 32
29 32 1
26 29 30
27 28 31
25 28 33
24 29 33
26 27 33
30 31 32
50
{[9, 8, 4, 2, 0]}
{[6, 3, 2, 1, 0]}
34
11 2 9
2 4 21
0 1 23
11 19 4
1 3 25
19 13 17
15 8 22
12 8 26
14 6 7
0 14 10
15 17 9
0 3 18
20 13 7
12 5 16
8 9 16
6 16 10
13 14 15
5 18 10
11 20 17
20 5 3
19 12 18
22 24 1
21 27 6
24 25 2
21 23 31
23 30 4
28 32 7
22 29 32
26 29 30
27 28 31
25 28 33
24 29 33
26 27 33
30 31 32
51
{[9, 8, 4, 2, 0]}
{[8, 7, 4, 2, 0]}
34
11 2 9
2 4 22
0 1 21
11 19 4
1 3 23
19 13 17
15 8 25
12 8 31
14 6 7
0 14 10
15 17 9
0 3 18
20 13 7
12 5 16
8 9 16
6 16 10
13 14 15
5 18 10
11 20 17
20 5 3
19 12 18
23 24 2
24 25 1
21 27 4
21 22 26
22 30 6
24 28 32
23 29 32
26 29 30
27 28 31
25 28 33
29 33 7
26 27 33
30 31 32
52
{[9, 8, 4, 2, 0]}
{[9, 7, 3, 2, 0]}
34
11 2 9
2 4 30
0 1 24
11 19 4
1 3 25
19 13 17
15 8 22
12 8 21
14 6 7
0 14 10
15 17 9
0 3 18
20 13 7
12 5 16
8 9 16
6 16 10
13 14 15
5 18 10
11 20 17
20 5 3
19 12 18
23 24 7
23 25 6
21 22 27
21 26 2
22 31 4
24 28 32
23 29 32
26 29 30
27 28 31
28 33 1
25 29 33
26 27 33
30 31 32
53
{[9, 8, 4, 2, 0]}
{[6, 3, 2, 1, 0]}
34
11 2 9
2 4 26
0 1 22
11 19 4
1 3 25
19 13 17
15 8 23
12 8 21
14 6 7
0 14 10
15 17 9
0 3 18
20 13 7
12 5 16
8 9 16
6 16 10
13 14 15
5 18 10
11 20 17
20 5 3
19 12 18
22 24 7
21 27 2
24 25 6
21 23 31
23 30 4
28 32 1
22 29 32
26 29 30
27 28 31
25 28 33
24 29 33
26 27 33
30 31 32
54
{[9, 8, 4, 2, 0]}
{[9, 7, 3, 2, 0]}
34
11 2 9
2 4 21
0 1 22
11 19 4
1 3 25
19 13 17
15 8 24
12 8 30
14 6 7
0 14 10
15 17 9
0 3 18
20 13 7
12 5 16
8 9 16
6 16 10
13 14 15
5 18 10
11 20 17
20 5 3
19 12 18
23 24 1
23 25 2
21 22 27
21 26 6
22 31 4
24 28 32
23 29 32
26 29 30
27 28 31
28 33 7
25 29 33
26 27 33
30 31 32
55
{[9, 8, 4, 2, 0]}
{[5, 4, 2, 1, 0]}
34
11 2 9
2 4 23
0 1 21
11 19 4
1 3 22
19 13 17
15 8 24
12 8 27
14 6 7
0 14 10
15 17 9
0 3 18
20 13 7
12 5 16
8 9 16
6 16 10
13 14 15
5 18 10
11 20 17
20 5 3
19 12 18
22 25 2
21 26 4
24 25 1
23 31 6
21 23 30
22 28 32
29 32 7
26 29 30
27 28 31
25 28 33
24 29 33
26 27 33
30 31 32
56
{[9, 8, 4, 2, 0]}
{[8, 7, 4, 2, 0]}
34
11 2 9
2 4 31
0 1 25
11 19 4
1 3 23
19 13 17
15 8 21
12 8 22
14 6 7
0 14 10
15 17 9
0 3 18
20 13 7
12 5 16
8 9 16
6 16 10
13 14 15
5 18 10
11 20 17
20 5 3
19 12 18
23 24 6
24 25 7
21 27 4
21 22 26
22 30 2
24 28 32
23 29 32
26 29 30
27 28 31
25 28 33
29 33 1
26 27 33
30 31 32
57
{[9, 8, 4, 2, 0]}
{[16, 13, 12, 11, 10]}
34
11 2 9
2 4 26
0 1 33
11 19 4
1 3 32
19 13 17
15 8 27
12 8 31
14 6 7
0 14 10
15 17 9
0 3 18
20 13 7
12 5 16
8 9 16
6 16 10
13 14 15
5 18 10
11 20 17
20 5 3
19 12 18
23 24 25
23 26 27
21 22 28
21 27 30
21 26 29
22 25 1
22 24 6
23 29 30
25 28 32
24 28 31
30 33 7
29 33 4
31 32 2
58
{[9, 8, 4, 2, 0]}
{[17, 16, 14, 12, 10]}
34
11 2 9
2 4 27
0 1 32
11 19 4
1 3 31
19 13 17
15 8 30
12 8 33
14 6 7
0 14 10
15 17 9
0 3 18
20 13 7
12 5 16
8 9 16
6 16 10
13 14 15
5 18 10
11 20 17
20 5 3
19 12 18
23 24 25
23 26 27
21 22 28
21 27 30
21 26 29
22 25 31
22 24 1
23 29 30
25 28 33
24 28 6
26 32 4
31 33 2
29 32 7
59
{[9, 8, 4, 2, 0]}
{[16, 13, 12, 11, 10]}
34
11 2 9
2 4 31
0 1 27
11 19 4
1 3 32
19 13 17
15 8 33
12 8 26
14 6 7
0 14 10
15 17 9
0 3 18
20 13 7
12 5 16
8 9 16
6 16 10
13 14 15
5 18 10
11 20 17
20 5 3
19 12 18
23 24 25
23 26 27
21 22 28
21 27 30
21 26 29
22 25 7
22 24 2
23 29 30
25 28 32
24 28 31
30 33 1
29 33 4
31 32 6
60
{[9, 8, 4, 2, 0]}
{[17, 16, 14, 12, 10]}
34
11 2 9
2 4 33
0 1 30
11 19 4
1 3 31
19 13 17
15 8 32
12 8 27
14 6 7
0 14 10
15 17 9
0 3 18
20 13 7
12 5 16
8 9 16
6 16 10
13 14 15
5 18 10
11 20 17
20 5 3
19 12 18
23 24 25
23 26 27
21 22 28
21 27 30
21 26 29
22 25 31
22 24 7
23 29 30
25 28 33
24 28 2
26 32 4
31 33 6
29 32 1
61
{[9, 8, 4, 2, 0]}
{[17, 16, 15, 13, 11]}
34
11 2 9
2 4 31
0 1 26
11 19 4
1 3 33
19 13 17
15 8 32
12 8 29
14 6 7
0 14 10
15 17 9
0 3 18
20 13 7
12 5 16
8 9 16
6 16 10
13 14 15
5 18 10
11 20 17
20 5 3
19 12 18
23 24 25
23 26 27
21 22 28
21 27 30
21 26 29
22 25 2
22 24 31
23 29 30
25 28 7
24 28 33
27 32 1
31 33 6
30 32 4
62
{[9, 8, 4, 2, 0]}
{[17, 16, 15, 13, 11]}
34
11 2 9
2 4 29
0 1 32
11 19 4
1 3 33
19 13 17
15 8 26
12 8 31
14 6 7
0 14 10
15 17 9
0 3 18
20 13 7
12 5 16
8 9 16
6 16 10
13 14 15
5 18 10
11 20 17
20 5 3
19 12 18
23 24 25
23 26 27
21 22 28
21 27 30
21 26 29
22 25 6
22 24 31
23 29 30
25 28 1
24 28 33
27 32 7
31 33 2
30 32 4
63
{[9, 8, 4, 2, 0]}
{[17, 15, 14, 13, 12]}
34
11 2 9
2 4 32
0 1 29
11 19 4
1 3 31
19 13 17
15 8 33
12 8 30
14 6 7
0 14 10
15 17 9
0 3 18
20 13 7
12 5 16
8 9 16
6 16 10
13 14 15
5 18 10
11 20 17
20 5 3
19 12 18
23 24 25
23 26 27
21 22 28
21 27 30
21 26 29
22 25 32
22 24 31
23 29 30
25 28 2
24 28 7
27 33 4
26 33 1
31 32 6
64
{[9, 8, 4, 2, 0]}
{[17, 15, 14, 13, 12]}
34
11 2 9
2 4 30
0 1 33
11 19 4
1 3 31
19 13 17
15 8 29
12 8 32
14 6 7
0 14 10
15 17 9
0 3 18
20 13 7
12 5 16
8 9 16
6 16 10
13 14 15
5 18 10
11 20 17
20 5 3
19 12 18
23 24 25
23 26 27
21 22 28
21 27 30
21 26 29
22 25 32
22 24 31
23 29 30
25 28 6
24 28 1
27 33 4
26 33 7
31 32 2
65
{[7, 5, 4, 3, 2]}
{[5, 4, 2, 1, 0]}
34
3 7 22
11 9 24
11 19 27
0 4 23
3 6 21
19 13 17
4 15 8
0 12 8
14 6 7
1 14 10
15 17 9
1 2 18
20 13 7
12 5 16
8 9 16
6 16 10
13 14 15
5 18 10
11 20 17
20 5 2
19 12 18
22 25 4
21 26 0
24 25 3
23 31 1
21 23 30
22 28 32
29 32 2
26 29 30
27 28 31
25 28 33
24 29 33
26 27 33
30 31 32
66
{[7, 5, 4, 3, 2]}
{[6, 3, 2, 1, 0]}
34
3 7 25
11 9 23
11 19 21
0 4 26
3 6 22
19 13 17
4 15 8
0 12 8
14 6 7
1 14 10
15 17 9
1 2 18
20 13 7
12 5 16
8 9 16
6 16 10
13 14 15
5 18 10
11 20 17
20 5 2
19 12 18
22 24 2
21 27 4
24 25 1
21 23 31
23 30 0
28 32 3
22 29 32
26 29 30
27 28 31
25 28 33
24 29 33
26 27 33
30 31 32
67
{[7, 5, 4, 3, 2]}
{[8, 7, 4, 2, 0]}
34
3 7 23
11 9 21
11 19 22
0 4 31
3 6 25
19 13 17
4 15 8
0 12 8
14 6 7
1 14 10
15 17 9
1 2 18
20 13 7
12 5 16
8 9 16
6 16 10
13 14 15
5 18 10
11 20 17
20 5 2
19 12 18
23 24 1
24 25 2
21 27 0
21 22 26
22 30 4
24 28 32
23 29 32
26 29 30
27 28 31
25 28 33
29 33 3
26 27 33
30 31 32
68
{[7, 5, 4, 3, 2]}
{[9, 7, 3, 2, 0]}
34
3 7 25
11 9 24
11 19 30
0 4 21
3 6 22
19 13 17
4 15 8
0 12 8
14 6 7
1 14 10
15 17 9
1 2 18
20 13 7
12 5 16
8 9 16
6 16 10
13 14 15
5 18 10
11 20 17
20 5 2
19 12 18
23 24 3
23 25 4
21 22 27
21 26 1
22 31 0
24 28 32
23 29 32
26 29 30
27 28 31
28 33 2
25 29 33
26 27 33
30 31 32
69
{[7, 5, 4, 3, 2]}
{[6, 3, 2, 1, 0]}
34
3 7 25
11 9 22
11 19 26
0 4 21
3 6 23
19 13 17
4 15 8
0 12 8
14 6 7
1 14 10
15 17 9
1 2 18
20 13 7
12 5 16
8 9 16
6 16 10
13 14 15
5 18 10
11 20 17
20 5 2
19 12 18
22 24 3
21 27 1
24 25 4
21 23 31
23 30 0
28 32 2
22 29 32
26 29 30
27 28 31
25 28 33
24 29 33
26 27 33
30 31 32
70
{[7, 5, 4, 3, 2]}
{[9, 7, 3, 2, 0]}
34
3 7 25
11 9 22
11 19 21
0 4 30
3 6 24
19 13 17
4 15 8
0 12 8
14 6 7
1 14 10
15 17 9
1 2 18
20 13 7
12 5 16
8 9 16
6 16 10
13 14 15
5 18 10
11 20 17
20 5 2
19 12 18
23 24 2
23 25 1
21 22 27
21 26 4
22 31 0
24 28 32
23 29 32
26 29 30
27 28 31
28 33 3
25 29 33
26 27 33
30 31 32
71
{[7, 5, 4, 3, 2]}
{[5, 4, 2, 1, 0]}
34
3 7 22
11 9 21
11 19 23
0 4 27
3 6 24
19 13 17
4 15 8
0 12 8
14 6 7
1 14 10
15 17 9
1 2 18
20 13 7
12 5 16
8 9 16
6 16 10
13 14 15
5 18 10
11 20 17
20 5 2
19 12 18
22 25 1
21 26 0
24 25 2
23 31 4
21 23 30
22 28 32
29 32 3
26 29 30
27 28 31
25 28 33
24 29 33
26 27 33
30 31 32
72
{[7, 5, 4, 3, 2]}
{[8, 7, 4, 2, 0]}
34
3 7 23
11 9 25
11 19 31
0 4 22
3 6 21
19 13 17
4 15 8
0 12 8
14 6 7
1 14 10
15 17 9
1 2 18
20 13 7
12 5 16
8 9 16
6 16 10
13 14 15
5 18 10
11 20 17
20 5 2
19 12 18
23 24 4
24 25 3
21 27 0
21 22 26
22 30 1
24 28 32
23 29 32
26 29 30
27 28 31
25 28 33
29 33 2
26 27 33
30 31 32
73
{[7, 5, 4, 3, 2]}
{[16, 13, 12, 11, 10]}
34
3 7 32
11 9 33
11 19 26
0 4 31
3 6 27
19 13 17
4 15 8
0 12 8
14 6 7
1 14 10
15 17 9
1 2 18
20 13 7
12 5 16
8 9 16
6 16 10
13 14 15
5 18 10
11 20 17
20 5 2
19 12 18
23 24 25
23 26 27
21 22 28
21 27 30
21 26 29
22 25 2
22 24 4
23 29 30
25 28 32
24 28 31
30 33 3
29 33 0
31 32 1
74
{[7, 5, 4, 3, 2]}
{[17, 16, 14, 12, 10]}
34
3 7 31
11 9 32
11 19 27
0 4 33
3 6 30
19 13 17
4 15 8
0 12 8
14 6 7
1 14 10
15 17 9
1 2 18
20 13 7
12 5 16
8 9 16
6 16 10
13 14 15
5 18 10
11 20 17
20 5 2
19 12 18
23 24 25
23 26 27
21 22 28
21 27 30
21 26 29
22 25 31
22 24 2
23 29 30
25 28 33
24 28 4
26 32 0
31 33 1
29 32 3
75
{[7, 5, 4, 3, 2]}
{[16, 13, 12, 11, 10]}
34
3 7 32
11 9 27
11 19 31
0 4 26
3 6 33
19 13 17
4 15 8
0 12 8
14 6 7
1 14 10
15 17 9
1 2 18
20 13 7
12 5 16
8 9 16
6 16 10
13 14 15
5 18 10
11 20 17
20 5 2
19 12 18
23 24 25
23 26 27
21 22 28
21 27 30
21 26 29
22 25 3
22 24 1
23 29 30
25 28 32
24 28 31
30 33 2
29 33 0
31 32 4
76
{[7, 5, 4, 3, 2]}
{[17, 16, 14, 12, 10]}
34
3 7 31
11 9 30
11 19 33
0 4 27
3 6 32
19 13 17
4 15 8
0 12 8
14 6 7
1 14 10
15 17 9
1 2 18
20 13 7
12 5 16
8 9 16
6 16 10
13 14 15
5 18 10
11 20 17
20 5 2
19 12 18
23 24 25
23 26 27
21 22 28
21 27 30
21 26 29
22 25 31
22 24 3
23 29 30
25 28 33
24 28 1
26 32 0
31 33 4
29 32 2
77
{[7, 5, 4, 3, 2]}
{[17, 16, 15, 13, 11]}
34
3 7 33
11 9 26
11 19 31
0 4 29
3 6 32
19 13 17
4 15 8
0 12 8
14 6 7
1 14 10
15 17 9
1 2 18
20 13 7
12 5 16
8 9 16
6 16 10
13 14 15
5 18 10
11 20 17
20 5 2
19 12 18
23 24 25
23 26 27
21 22 28
21 27 30
21 26 29
22 25 1
22 24 31
23 29 30
25 28 3
24 28 33
27 32 2
31 33 4
30 32 0
78
{[7, 5, 4, 3, 2]}
{[17, 16, 15, 13, 11]}
34
3 7 33
11 9 32
11 19 29
0 4 31
3 6 26
19 13 17
4 15 8
0 12 8
14 6 7
1 14 10
15 17 9
1 2 18
20 13 7
12 5 16
8 9 16
6 16 10
13 14 15
5 18 10
11 20 17
20 5 2
19 12 18
23 24 25
23 26 27
21 22 28
21 27 30
21 26 29
22 25 4
22 24 31
23 29 30
25 28 2
24 28 33
27 32 3
31 33 1
30 32 0
79
{[7, 5, 4, 3, 2]}
{[17, 15, 14, 13, 12]}
34
3 7 31
11 9 29
11 19 32
0 4 30
3 6 33
19 13 17
4 15 8
0 12 8
14 6 7
1 14 10
15 17 9
1 2 18
20 13 7
12 5 16
8 9 16
6 16 10
13 14 15
5 18 10
11 20 17
20 5 2
19 12 18
23 24 25
23 26 27
21 22 28
21 27 30
21 26 29
22 25 32
22 24 31
23 29 30
25 28 1
24 28 3
27 33 0
26 33 2
31 32 4
80
{[7, 5, 4, 3, 2]}
{[17, 15, 14, 13, 12]}
34
3 7 31
11 9 33
11 19 30
0 4 32
3 6 29
19 13 17
4 15 8
0 12 8
14 6 7
1 14 10
15 17 9
1 2 18
20 13 7
12 5 16
8 9 16
6 16 10
13 14 15
5 18 10
11 20 17
20 5 2
19 12 18
23 24 25
23 26 27
21 22 28
21 27 30
21 26 29
22 25 32
22 24 31
23 29 30
25 28 4
24 28 2
27 33 0
26 33 3
31 32 1
81
{[7, 5, 4, 3, 2]}
{[5, 4, 2, 1, 0]}
34
3 7 22
11 9 21
11 19 23
0 4 27
3 6 24
19 13 17
4 15 8
0 12 8
14 6 7
1 14 10
15 17 9
1 2 18
20 13 7
12 5 16
8 9 16
6 16 10
13 14 15
5 18 10
11 20 17
20 5 2
19 12 18
22 25 1
21 26 0
24 25 2
23 31 4
21 23 30
22 28 32
29 32 3
26 29 30
27 28 31
25 28 33
24 29 33
26 27 33
30 31 32
82
{[7, 5, 4, 3, 2]}
{[6, 3, 2, 1, 0]}
34
3 7 25
11 9 22
11 19 26
0 4 21
3 6 23
19 13 17
4 15 8
0 12 8
14 6 7
1 14 10
15 17 9
1 2 18
20 13 7
12 5 16
8 9 16
6 16 10
13 14 15
5 18 10
11 20 17
20 5 2
19 12 18
22 24 3
21 27 1
24 25 4
21 23 31
23 30 0
28 32 2
22 29 32
26 29 30
27 28 31
25 28 33
24 29 33
26 27 33
30 31 32
83
{[7, 5, 4, 3, 2]}
{[8, 7, 4, 2, 0]}
34
3 7 23
11 9 25
11 19 31
0 4 22
3 6 21
19 13 17
4 15 8
0 12 8
14 6 7
1 14 10
15 17 9
1 2 18
20 13 7
12 5 16
8 9 16
6 16 10
13 14 15
5 18 10
11 20 17
20 5 2
19 12 18
23 24 4
24 25 3
21 27 0
21 22 26
22 30 1
24 28 32
23 29 32
26 29 30
27 28 31
25 28 33
29 33 2
26 27 33
30 31 32
84
{[7, 5, 4, 3, 2]}
{[9, 7, 3, 2, 0]}
34
3 7 25
11 9 22
11 19 21
0 4 30
3 6 24
19 13 17
4 15 8
0 12 8
14 6 7
1 14 10
15 17 9
1 2 18
20 13 7
12 5 16
8 9 16
6 16 10
13 14 15
5 18 10
11 20 17
20 5 2
19 12 18
23 24 2
23 25 1
21 22 27
21 26 4
22 31 0
24 28 32
23 29 32
26 29 30
27 28 31
28 33 3
25 29 33
26 27 33
30 31 32
85
{[7, 5, 4, 3, 2]}
{[6, 3, 2, 1, 0]}
34
3 7 25
11 9 23
11 19 21
0 4 26
3 6 22
19 13 17
4 15 8
0 12 8
14 6 7
1 14 10
15 17 9
1 2 18
20 13 7
12 5 16
8 9 16
6 16 10
13 14 15
5 18 10
11 20 17
20 5 2
19 12 18
22 24 2
21 27 4
24 25 1
21 23 31
23 30 0
28 32 3
22 29 32
26 29 30
27 28 31
25 28 33
24 29 33
26 27 33
30 31 32
86
{[7, 5, 4, 3, 2]}
{[9, 7, 3, 2, 0]}
34
3 7 25
11 9 24
11 19 30
0 4 21
3 6 22
19 13 17
4 15 8
0 12 8
14 6 7
1 14 10
15 17 9
1 2 18
20 13 7
12 5 16
8 9 16
6 16 10
13 14 15
5 18 10
11 20 17
20 5 2
19 12 18
23 24 3
23 25 4
21 22 27
21 26 1
22 31 0
24 28 32
23 29 32
26 29 30
27 28 31
28 33 2
25 29 33
26 27 33
30 31 32
87
{[7, 5, 4, 3, 2]}
{[5, 4, 2, 1, 0]}
34
3 7 22
11 9 24
11 19 27
0 4 23
3 6 21
19 13 17
4 15 8
0 12 8
14 6 7
1 14 10
15 17 9
1 2 18
20 13 7
12 5 16
8 9 16
6 16 10
13 14 15
5 18 10
11 20 17
20 5 2
19 12 18
22 25 4
21 26 0
24 25 3
23 31 1
21 23 30
22 28 32
29 32 2
26 29 30
27 28 31
25 28 33
24 29 33
26 27 33
30 31 32
88
{[7, 5, 4, 3, 2]}
{[8, 7, 4, 2, 0]}
34
3 7 23
11 9 21
11 19 22
0 4 31
3 6 25
19 13 17
4 15 8
0 12 8
14 6 7
1 14 10
15 17 9
1 2 18
20 13 7
12 5 16
8 9 16
6 16 10
13 14 15
5 18 10
11 20 17
20 5 2
19 12 18
23 24 1
24 25 2
21 27 0
21 22 26
22 30 4
24 28 32
23 29 32
26 29 30
27 28 31
25 28 33
29 33 3
26 27 33
30 31 32
89
{[7, 5, 4, 3, 2]}
{[16, 13, 12, 11, 10]}
34
3 7 32
11 9 27
11 19 31
0 4 26
3 6 33
19 13 17
4 15 8
0 12 8
14 6 7
1 14 10
15 17 9
1 2 18
20 13 7
12 5 16
8 9 16
6 16 10
13 14 15
5 18 10
11 20 17
20 5 2
19 12 18
23 24 25
23 26 27
21 22 28
21 27 30
21 26 29
22 25 3
22 24 1
23 29 30
25 28 32
24 28 31
30 33 2
29 33 0
31 32 4
90
{[7, 5, 4, 3, 2]}
{[17, 16, 14, 12, 10]}
34
3 7 31
11 9 30
11 19 33
0 4 27
3 6 32
19 13 17
4 15 8
0 12 8
14 6 7
1 14 10
15 17 9
1 2 18
20 13 7
12 5 16
8 9 16
6 16 10
13 14 15
5 18 10
11 20 17
20 5 2
19 12 18
23 24 25
23 26 27
21 22 28
21 27 30
21 26 29
22 25 31
22 24 3
23 29 30
25 28 33
24 28 1
26 32 0
31 33 4
29 32 2
91
{[7, 5, 4, 3, 2]}
{[16, 13, 12, 11, 10]}
34
3 7 32
11 9 33
11 19 26
0 4 31
3 6 27
19 13 17
4 15 8
0 12 8
14 6 7
1 14 10
15 17 9
1 2 18
20 13 7
12 5 16
8 9 16
6 16 10
13 14 15
5 18 10
11 20 17
20 5 2
19 12 18
23 24 25
23 26 27
21 22 28
21 27 30
21 26 29
22 25 2
22 24 4
23 29 30
25 28 32
24 28 31
30 33 3
29 33 0
31 32 1
92
{[7, 5, 4, 3, 2]}
{[17, 16, 14, 12, 10]}
34
3 7 31
11 9 32
11 19 27
0 4 33
3 6 30
19 13 17
4 15 8
0 12 8
14 6 7
1 14 10
15 17 9
1 2 18
20 13 7
12 5 16
8 9 16
6 16 10
13 14 15
5 18 10
11 20 17
20 5 2
19 12 18
23 24 25
23 26 27
21 22 28
21 27 30
21 26 29
22 25 31
22 24 2
23 29 30
25 28 33
24 28 4
26 32 0
31 33 1
29 32 3
93
{[7, 5, 4, 3, 2]}
{[17, 16, 15, 13, 11]}
34
3 7 33
11 9 32
11 19 29
0 4 31
3 6 26
19 13 17
4 15 8
0 12 8
14 6 7
1 14 10
15 17 9
1 2 18
20 13 7
12 5 16
8 9 16
6 16 10
13 14 15
5 18 10
11 20 17
20 5 2
19 12 18
23 24 25
23 26 27
21 22 28
21 27 30
21 26 29
22 25 4
22 24 31
23 29 30
25 28 2
24 28 33
27 32 3
31 33 1
30 32 0
94
{[7, 5, 4, 3, 2]}
{[17, 16, 15, 13, 11]}
34
3 7 33
11 9 26
11 19 31
0 4 29
3 6 32
19 13 17
4 15 8
0 12 8
14 6 7
1 14 10
15 17 9
1 2 18
20 13 7
12 5 16
8 9 16
6 16 10
13 14 15
5 18 10
11 20 17
20 5 2
19 12 18
23 24 25
23 26 27
21 22 28
21 27 30
21 26 29
22 25 1
22 24 31
23 29 30
25 28 3
24 28 33
27 32 2
31 33 4
30 32 0
95
{[7, 5, 4, 3, 2]}
{[17, 15, 14, 13, 12]}
34
3 7 31
11 9 33
11 19 30
0 4 32
3 6 29
19 13 17
4 15 8
0 12 8
14 6 7
1 14 10
15 17 9
1 2 18
20 13 7
12 5 16
8 9 16
6 16 10
13 14 15
5 18 10
11 20 17
20 5 2
19 12 18
23 24 25
23 26 27
21 22 28
21 27 30
21 26 29
22 25 32
22 24 31
23 29 30
25 28 4
24 28 2
27 33 0
26 33 3
31 32 1
96
{[7, 5, 4, 3, 2]}
{[17, 15, 14, 13, 12]}
34
3 7 31
11 9 29
11 19 32
0 4 30
3 6 33
19 13 17
4 15 8
0 12 8
14 6 7
1 14 10
15 17 9
1 2 18
20 13 7
12 5 16
8 9 16
6 16 10
13 14 15
5 18 10
11 20 17
20 5 2
19 12 18
23 24 25
23 26 27
21 22 28
21 27 30
21 26 29
22 25 32
22 24 31
23 29 30
25 28 1
24 28 3
27 33 0
26 33 2
31 32 4
97
{[9, 8, 7, 3, 2]}
{[5, 4, 2, 1, 0]}
34
7 2 24
11 3 9
0 3 27
1 2 22
11 19 21
19 13 17
15 8 23
0 12 8
14 6 7
1 14 10
15 17 9
1 4 18
20 13 7
12 5 16
8 9 16
6 16 10
13 14 15
5 18 10
11 20 17
20 5 4
19 12 18
22 25 4
21 26 3
24 25 6
23 31 0
21 23 30
22 28 32
29 32 2
26 29 30
27 28 31
25 28 33
24 29 33
26 27 33
30 31 32
98
{[9, 8, 7, 3, 2]}
{[6, 3, 2, 1, 0]}
34
7 2 23
11 3 9
0 3 21
1 2 25
11 19 22
19 13 17
15 8 26
0 12 8
14 6 7
1 14 10
15 17 9
1 4 18
20 13 7
12 5 16
8 9 16
6 16 10
13 14 15
5 18 10
11 20 17
20 5 4
19 12 18
22 24 2
21 27 4
24 25 0
21 23 31
23 30 3
28 32 6
22 29 32
26 29 30
27 28 31
25 28 33
24 29 33
26 27 33
30 31 32
99
{[9, 8, 7, 3, 2]}
{[8, 7, 4, 2, 0]}
34
7 2 21
11 3 9
0 3 22
1 2 23
11 19 25
19 13 17
15 8 31
0 12 8
14 6 7
1 14 10
15 17 9
1 4 18
20 13 7
12 5 16
8 9 16
6 16 10
13 14 15
5 18 10
11 20 17
20 5 4
19 12 18
23 24 0
24 25 2
21 27 3
21 22 26
22 30 4
24 28 32
23 29 32
26 29 30
27 28 31
25 28 33
29 33 6
26 27 33
30 31 32
100
{[9, 8, 7, 3, 2]}
{[9, 7, 3, 2, 0]}
34
7 2 24
11 3 9
0 3 30
1 2 25
11 19 22
19 13 17
15 8 21
0 12 8
14 6 7
1 14 10
15 17 9
1 4 18
20 13 7
12 5 16
8 9 16
6 16 10
13 14 15
5 18 10
11 20 17
20 5 4
19 12 18
23 24 6
23 25 4
21 22 27
21 26 0
22 31 3
24 28 32
23 29 32
26 29 30
27 28 31
28 33 2
25 29 33
26 27 33
30 31 32
101
{[9, 8, 7, 3, 2]}
{[6, 3, 2, 1, 0]}
34
7 2 22
11 3 9
0 3 26
1 2 25
11 19 23
19 13 17
15 8 21
0 12 8
14 6 7
1 14 10
15 17 9
1 4 18
20 13 7
12 5 16
8 9 16
6 16 10
13 14 15
5 18 10
11 20 17
20 5 4
19 12 18
22 24 6
21 27 0
24 25 4
21 23 31
23 30 3
28 32 2
22 29 32
26 29 30
27 28 31
25 28 33
24 29 33
26 27 33
30 31 32
102
{[9, 8, 7, 3, 2]}
{[9, 7, 3, 2, 0]}
34
7 2 22
11 3 9
0 3 21
1 2 25
11 19 24
19 13 17
15 8 30
0 12 8
14 6 7
1 14 10
15 17 9
1 4 18
20 13 7
12 5 16
8 9 16
6 16 10
13 14 15
5 18 10
11 20 17
20 5 4
19 12 18
23 24 2
23 25 0
21 22 27
21 26 4
22 31 3
24 28 32
23 29 32
26 29 30
27 28 31
28 33 6
25 29 33
26 27 33
30 31 32
103
{[9, 8, 7, 3, 2]}
{[5, 4, 2, 1, 0]}
34
7 2 21
11 3 9
0 3 23
1 2 22
11 19 24
19 13 17
15 8 27
0 12 8
14 6 7
1 14 10
15 17 9
1 4 18
20 13 7
12 5 16
8 9 16
6 16 10
13 14 15
5 18 10
11 20 17
20 5 4
19 12 18
22 25 0
21 26 3
24 25 2
23 31 4
21 23 30
22 28 32
29 32 6
26 29 30
27 28 31
25 28 33
24 29 33
26 27 33
30 31 32
104
{[9, 8, 7, 3, 2]}
{[8, 7, 4, 2, 0]}
34
7 2 25
11 3 9
0 3 31
1 2 23
11 19 21
19 13 17
15 8 22
0 12 8
14 6 7
1 14 10
15 17 9
1 4 18
20 13 7
12 5 16
8 9 16
6 16 10
13 14 15
5 18 10
11 20 17
20 5 4
19 12 18
23 24 4
24 25 6
21 27 3
21 22 26
22 30 0
24 28 32
23 29 32
26 29 30
27 28 31
25 28 33
29 33 2
26 27 33
30 31 32
105
{[9, 8, 7, 3, 2]}
{[16, 13, 12, 11, 10]}
34
7 2 33
11 3 9
0 3 26
1 2 32
11 19 27
19 13 17
15 8 31
0 12 8
14 6 7
1 14 10
15 17 9
1 4 18
20 13 7
12 5 16
8 9 16
6 16 10
13 14 15
5 18 10
11 20 17
20 5 4
19 12 18
23 24 25
23 26 27
21 22 28
21 27 30
21 26 29
22 25 2
22 24 4
23 29 30
25 28 32
24 28 31
30 33 6
29 33 3
31 32 0
106
{[9, 8, 7, 3, 2]}
{[17, 16, 14, 12, 10]}
34
7 2 32
11 3 9
0 3 27
1 2 31
11 19 30
19 13 17
15 8 33
0 12 8
14 6 7
1 14 10
15 17 9
1 4 18
20 13 7
12 5 16
8 9 16
6 16 10
13 14 15
5 18 10
11 20 17
20 5 4
19 12 18
23 24 25
23 26 27
21 22 28
21 27 30
21 26 29
22 25 31
22 24 2
23 29 30
25 28 33
24 28 4
26 32 3
31 33 0
29 32 6
107
{[9, 8, 7, 3, 2]}
{[16, 13, 12, 11, 10]}
34
7 2 27
11 3 9
0 3 31
1 2 32
11 19 33
19 13 17
15 8 26
0 12 8
14 6 7
1 14 10
15 17 9
1 4 18
20 13 7
12 5 16
8 9 16
6 16 10
13 14 15
5 18 10
11 20 17
20 5 4
19 12 18
23 24 25
23 26 27
21 22 28
21 27 30
21 26 29
22 25 6
22 24 0
23 29 30
25 28 32
24 28 31
30 33 2
29 33 3
31 32 4
108
{[9, 8, 7, 3, 2]}
{[17, 16, 14, 12, 10]}
34
7 2 30
11 3 9
0 3 33
1 2 31
11 19 32
19 13 17
15 8 27
0 12 8
14 6 7
1 14 10
15 17 9
1 4 18
20 13 7
12 5 16
8 9 16
6 16 10
13 14 15
5 18 10
11 20 17
20 5 4
19 12 18
23 24 25
23 26 27
21 22 28
21 27 30
21 26 29
22 25 31
22 24 6
23 29 30
25 28 33
24 28 0
26 32 3
31 33 4
29 32 2
109
{[9, 8, 7, 3, 2]}
{[17, 16, 15, 13, 11]}
34
7 2 26
11 3 9
0 3 31
1 2 33
11 19 32
19 13 17
15 8 29
0 12 8
14 6 7
1 14 10
15 17 9
1 4 18
20 13 7
12 5 16
8 9 16
6 16 10
13 14 15
5 18 10
11 20 17
20 5 4
19 12 18
23 24 25
23 26 27
21 22 28
21 27 30
21 26 29
22 25 0
22 24 31
23 29 30
25 28 6
24 28 33
27 32 2
31 33 4
30 32 3
110
{[9, 8, 7, 3, 2]}
{[17, 16, 15, 13, 11]}
34
7 2 32
11 3 9
0 3 29
1 2 33
11 19 26
19 13 17
15 8 31
0 12 8
14 6 7
1 14 10
15 17 9
1 4 18
20 13 7
12 5 16
8 9 16
6 16 10
13 14 15
5 18 10
11 20 17
20 5 4
19 12 18
23 24 25
23 26 27
21 22 28
21 27 30
21 26 29
22 25 4
22 24 31
23 29 30
25 28 2
24 28 33
27 32 6
31 33 0
30 32 3
111
{[9, 8, 7, 3, 2]}
{[17, 15, 14, 13, 12]}
34
7 2 29
11 3 9
0 3 32
1 2 31
11 19 33
19 13 17
15 8 30
0 12 8
14 6 7
1 14 10
15 17 9
1 4 18
20 13 7
12 5 16
8 9 16
6 16 10
13 14 15
5 18 10
11 20 17
20 5 4
19 12 18
23 24 25
23 26 27
21 22 28
21 27 30
21 26 29
22 25 32
22 24 31
23 29 30
25 28 0
24 28 6
27 33 3
26 33 2
31 32 4
112
{[9, 8, 7, 3, 2]}
{[17, 15, 14, 13, 12]}
34
7 2 33
11 3 9
0 3 30
1 2 31
11 19 29
19 13 17
15 8 32
0 12 8
14 6 7
1 14 10
15 17 9
1 4 18
20 13 7
12 5 16
8 9 16
6 16 10
13 14 15
5 18 10
11 20 17
20 5 4
19 12 18
23 24 25
23 26 27
21 22 28
21 27 30
21 26 29
22 25 32
22 24 31
23 29 30
25 28 4
24 28 2
27 33 3
26 33 6
31 32 0
113
{[9, 8, 7, 3, 2]}
{[5, 4, 2, 1, 0]}
34
7 2 21
11 3 9
0 3 23
1 2 22
11 19 24
19 13 17
15 8 27
0 12 8
14 6 7
1 14 10
15 17 9
1 4 18
20 13 7
12 5 16
8 9 16
6 16 10
13 14 15
5 18 10
11 20 17
20 5 4
19 12 18
22 25 0
21 26 3
24 25 2
23 31 4
21 23 30
22 28 32
29 32 6
26 29 30
27 28 31
25 28 33
24 29 33
26 27 33
30 31 32
114
{[9, 8, 7, 3, 2]}
{[6, 3, 2, 1, 0]}
34
7 2 22
11 3 9
0 3 26
1 2 25
11 19 23
19 13 17
15 8 21
0 12 8
14 6 7
1 14 10
15 17 9
1 4 18
20 13 7
12 5 16
8 9 16
6 16 10
13 14 15
5 18 10
11 20 17
20 5 4
19 12 18
22 24 6
21 27 0
24 25 4
21 23 31
23 30 3
28 32 2
22 29 32
26 29 30
27 28 31
25 28 33
24 29 33
26 27 33
30 31 32
115
{[9, 8, 7, 3, 2]}
{[8, 7, 4, 2, 0]}
34
7 2 25
11 3 9
0 3 31
1 2 23
11 19 21
19 13 17
15 8 22
0 12 8
14 6 7
1 14 10
15 17 9
1 4 18
20 13 7
12 5 16
8 9 16
6 16 10
13 14 15
5 18 10
11 20 17
20 5 4
19 12 18
23 24 4
24 25 6
21 27 3
21 22 26
22 30 0
24 28 32
23 29 32
26 29 30
27 28 31
25 28 33
29 33 2
26 27 33
30 31 32
116
{[9, 8, 7, 3, 2]}
{[9, 7, 3, 2, 0]}
34
7 2 22
11 3 9
0 3 21
1 2 25
11 19 24
19 13 17
15 8 30
0 12 8
14 6 7
1 14 10
15 17 9
1 4 18
20 13 7
12 5 16
8 9 16
6 16 10
13 14 15
5 18 10
11 20 17
20 5 4
19 12 18
23 24 2
23 25 0
21 22 27
21 26 4
22 31 3
24 28 32
23 29 32
26 29 30
27 28 31
28 33 6
25 29 33
26 27 33
30 31 32
117
{[9, 8, 7, 3, 2]}
{[6, 3, 2, 1, 0]}
34
7 2 23
11 3 9
0 3 21
1 2 25
11 19 22
19 13 17
15 8 26
0 12 8
14 6 7
1 14 10
15 17 9
1 4 18
20 13 7
12 5 16
8 9 16
6 16 10
13 14 15
5 18 10
11 20 17
20 5 4
19 12 18
22 24 2
21 27 4
24 25 0
21 23 31
23 30 3
28 32 6
22 29 32
26 29 30
27 28 31
25 28 33
24 29 33
26 27 33
30 31 32
118
{[9, 8, 7, 3, 2]}
{[9, 7, 3, 2, 0]}
34
7 2 24
11 3 9
0 3 30
1 2 25
11 19 22
19 13 17
15 8 21
0 12 8
14 6 7
1 14 10
15 17 9
1 4 18
20 13 7
12 5 16
8 9 16
6 16 10
13 14 15
5 18 10
11 20 17
20 5 4
19 12 18
23 24 6
23 25 4
21 22 27
21 26 0
22 31 3
24 28 32
23 29 32
26 29 30
27 28 31
28 33 2
25 29 33
26 27 33
30 31 32
119
{[9, 8, 7, 3, 2]}
{[5, 4, 2, 1, 0]}
34
7 2 24
11 3 9
0 3 27
1 2 22
11 19 21
19 13 17
15 8 23
0 12 8
14 6 7
1 14 10
15 17 9
1 4 18
20 13 7
12 5 16
8 9 16
6 16 10
13 14 15
5 18 10
11 20 17
20 5 4
19 12 18
22 25 4
21 26 3
24 25 6
23 31 0
21 23 30
22 28 32
29 32 2
26 29 30
27 28 31
25 28 33
24 29 33
26 27 33
30 31 32
120
{[9, 8, 7, 3, 2]}
{[8, 7, 4, 2, 0]}
34
7 2 21
11 3 9
0 3 22
1 2 23
11 19 25
19 13 17
15 8 31
0 12 8
14 6 7
1 14 10
15 17 9
1 4 18
20 13 7
12 5 16
8 9 16
6 16 10
13 14 15
5 18 10
11 20 17
20 5 4
19 12 18
23 24 0
24 25 2
21 27 3
21 22 26
22 30 4
24 28 32
23 29 32
26 29 30
27 28 31
25 28 33
29 33 6
26 27 33
30 31 32
121
{[9, 8, 7, 3, 2]}
{[16, 13, 12, 11, 10]}
34
7 2 27
11 3 9
0 3 31
1 2 32
11 19 33
19 13 17
15 8 26
0 12 8
14 6 7
1 14 10
15 17 9
1 4 18
20 13 7
12 5 16
8 9 16
6 16 10
13 14 15
5 18 10
11 20 17
20 5 4
19 12 18
23 24 25
23 26 27
21 22 28
21 27 30
21 26 29
22 25 6
22 24 0
23 29 30
25 28 32
24 28 31
30 33 2
29 33 3
31 32 4
122
{[9, 8, 7, 3, 2]}
{[17, 16, 14, 12, 10]}
34
7 2 30
11 3 9
0 3 33
1 2 31
11 19 32
19 13 17
15 8 27
0 12 8
14 6 7
1 14 10
15 17 9
1 4 18
20 13 7
12 5 16
8 9 16
6 16 10
13 14 15
5 18 10
11 20 17
20 5 4
19 12 18
23 24 25
23 26 27
21 22 28
21 27 30
21 26 29
22 25 31
22 24 6
23 29 30
25 28 33
24 28 0
26 32 3
31 33 4
29 32 2
123
{[9, 8, 7, 3, 2]}
{[16, 13, 12, 11, 10]}
34
7 2 33
11 3 9
0 3 26
1 2 32
11 19 27
19 13 17
15 8 31
0 12 8
14 6 7
1 14 10
15 17 9
1 4 18
20 13 7
12 5 16
8 9 16
6 16 10
13 14 15
5 18 10
11 20 17
20 5 4
19 12 18
23 24 25
23 26 27
21 22 28
21 27 30
21 26 29
22 25 2
22 24 4
23 29 30
25 28 32
24 28 31
30 33 6
29 33 3
31 32 0
124
{[9, 8, 7, 3, 2]}
{[17, 16, 14, 12, 10]}
34
7 2 32
11 3 9
0 3 27
1 2 31
11 19 30
19 13 17
15 8 33
0 12 8
14 6 7
1 14 10
15 17 9
1 4 18
20 13 7
12 5 16
8 9 16
6 16 10
13 14 15
5 18 10
11 20 17
20 5 4
19 12 18
23 24 25
23 26 27
21 22 28
21 27 30
21 26 29
22 25 31
22 24 2
23 29 30
25 28 33
24 28 4
26 32 3
31 33 0
29 32 6
125
{[9, 8, 7, 3, 2]}
{[17, 16, 15, 13, 11]}
34
7 2 32
11 3 9
0 3 29
1 2 33
11 19 26
19 13 17
15 8 31
0 12 8
14 6 7
1 14 10
15 17 9
1 4 18
20 13 7
12 5 16
8 9 16
6 16 10
13 14 15
5 18 10
11 20 17
20 5 4
19 12 18
23 24 25
23 26 27
21 22 28
21 27 30
21 26 29
22 25 4
22 24 31
23 29 30
25 28 2
24 28 33
27 32 6
31 33 0
30 32 3
126
{[9, 8, 7, 3, 2]}
{[17, 16, 15, 13, 11]}
34
7 2 26
11 3 9
0 3 31
1 2 33
11 19 32
19 13 17
15 8 29
0 12 8
14 6 7
1 14 10
15 17 9
1 4 18
20 13 7
12 5 16
8 9 16
6 16 10
13 14 15
5 18 10
11 20 17
20 5 4
19 12 18
23 24 25
23 26 27
21 22 28
21 27 30
21 26 29
22 25 0
22 24 31
23 29 30
25 28 6
24 28 33
27 32 2
31 33 4
30 32 3
127
{[9, 8, 7, 3, 2]}
{[17, 15, 14, 13, 12]}
34
7 2 33
11 3 9
0 3 30
1 2 31
11 19 29
19 13 17
15 8 32
0 12 8
14 6 7
1 14 10
15 17 9
1 4 18
20 13 7
12 5 16
8 9 16
6 16 10
13 14 15
5 18 10
11 20 17
20 5 4
19 12 18
23 24 25
23 26 27
21 22 28
21 27 30
21 26 29
22 25 32
22 24 31
23 29 30
25 28 4
24 28 2
27 33 3
26 33 6
31 32 0
128
{[9, 8, 7, 3, 2]}
{[17, 15, 14, 13, 12]}
34
7 2 29
11 3 9
0 3 32
1 2 31
11 19 33
19 13 17
15 8 30
0 12 8
14 6 7
1 14 10
15 17 9
1 4 18
20 13 7
12 5 16
8 9 16
6 16 10
13 14 15
5 18 10
11 20 17
20 5 4
19 12 18
23 24 25
23 26 27
21 22 28
21 27 30
21 26 29
22 25 32
22 24 31
23 29 30
25 28 0
24 28 6
27 33 3
26 33 2
31 32 4
129
{[25, 24, 23, 16, 6]}
{[5, 4, 2, 1, 0]}
34
7 11 4
5 13 21
8 4 6
7 5 6
0 2 5
1 3 4
2 3 27
0 8 3
7 2 10
16 20 23
8 18 12
0 15 12
17 10 11
1 17 14
18 20 13
16 11 24
15 9 19
12 13 19
10 19 14
16 17 18
9 14 22
22 25 1
21 26 20
24 25 9
23 31 15
21 23 30
22 28 32
29 32 6
26 29 30
27 28 31
25 28 33
24 29 33
26 27 33
30 31 32
130
{[25, 24, 23, 16, 6]}
{[6, 3, 2, 1, 0]}
34
7 11 4
5 13 22
8 4 6
7 5 6
0 2 5
1 3 4
2 3 21
0 8 3
7 2 10
16 20 26
8 18 12
0 15 12
17 10 11
1 17 14
18 20 13
16 11 23
15 9 19
12 13 19
10 19 14
16 17 18
9 14 25
22 24 6
21 27 1
24 25 15
21 23 31
23 30 20
28 32 9
22 29 32
26 29 30
27 28 31
25 28 33
24 29 33
26 27 33
30 31 32
131
{[25, 24, 23, 16, 6]}
{[8, 7, 4, 2, 0]}
34
7 11 4
5 13 25
8 4 6
7 5 6
0 2 5
1 3 4
2 3 22
0 8 3
7 2 10
16 20 31
8 18 12
0 15 12
17 10 11
1 17 14
18 20 13
16 11 21
15 9 19
12 13 19
10 19 14
16 17 18
9 14 23
23 24 15
24 25 6
21 27 20
21 22 26
22 30 1
24 28 32
23 29 32
26 29 30
27 28 31
25 28 33
29 33 9
26 27 33
30 31 32
132
{[25, 24, 23, 16, 6]}
{[9, 7, 3, 2, 0]}
34
7 11 4
5 13 22
8 4 6
7 5 6
0 2 5
1 3 4
2 3 30
0 8 3
7 2 10
16 20 21
8 18 12
0 15 12
17 10 11
1 17 14
18 20 13
16 11 24
15 9 19
12 13 19
10 19 14
16 17 18
9 14 25
23 24 9
23 25 1
21 22 27
21 26 15
22 31 20
24 28 32
23 29 32
26 29 30
27 28 31
28 33 6
25 29 33
26 27 33
30 31 32
133
{[25, 24, 23, 16, 6]}
{[6, 3, 2, 1, 0]}
34
7 11 4
5 13 23
8 4 6
7 5 6
0 2 5
1 3 4
2 3 26
0 8 3
7 2 10
16 20 21
8 18 12
0 15 12
17 10 11
1 17 14
18 20 13
16 11 22
15 9 19
12 13 19
10 19 14
16 17 18
9 14 25
22 24 9
21 27 15
24 25 1
21 23 31
23 30 20
28 32 6
22 29 32
26 29 30
27 28 31
25 28 33
24 29 33
26 27 33
30 31 32
134
{[25, 24, 23, 16, 6]}
{[9, 7, 3, 2, 0]}
34
7 11 4
5 13 24
8 4 6
7 5 6
0 2 5
1 3 4
2 3 21
0 8 3
7 2 10
16 20 30
8 18 12
0 15 12
17 10 11
1 17 14
18 20 13
16 11 22
15 9 19
12 13 19
10 19 14
16 17 18
9 14 25
23 24 6
23 25 15
21 22 27
21 26 1
22 31 20
24 28 32
23 29 32
26 29 30
27 28 31
28 33 9
25 29 33
26 27 33
30 31 32
135
{[25, 24, 23, 16, 6]}
{[5, 4, 2, 1, 0]}
34
7 11 4
5 13 24
8 4 6
7 5 6
0 2 5
1 3 4
2 3 23
0 8 3
7 2 10
16 20 27
8 18 12
0 15 12
17 10 11
1 17 14
18 20 13
16 11 21
15 9 19
12 13 19
10 19 14
16 17 18
9 14 22
22 25 15
21 26 20
24 25 6
23 31 1
21 23 30
22 28 32
29 32 9
26 29 30
27 28 31
25 28 33
24 29 33
26 27 33
30 31 32
136
{[25, 24, 23, 16, 6]}
{[8, 7, 4, 2, 0]}
34
7 11 4
5 13 21
8 4 6
7 5 6
0 2 5
1 3 4
2 3 31
0 8 3
7 2 10
16 20 22
8 18 12
0 15 12
17 10 11
1 17 14
18 20 13
16 11 25
15 9 19
12 13 19
10 19 14
16 17 18
9 14 23
23 24 1
24 25 9
21 27 20
21 22 26
22 30 15
24 28 32
23 29 32
26 29 30
27 28 31
25 28 33
29 33 6
26 27 33
30 31 32
137
{[25, 24, 23, 16, 6]}
{[16, 13, 12, 11, 10]}
34
7 11 4
5 13 27
8 4 6
7 5 6
0 2 5
1 3 4
2 3 26
0 8 3
7 2 10
16 20 31
8 18 12
0 15 12
17 10 11
1 17 14
18 20 13
16 11 33
15 9 19
12 13 19
10 19 14
16 17 18
9 14 32
23 24 25
23 26 27
21 22 28
21 27 30
21 26 29
22 25 6
22 24 1
23 29 30
25 28 32
24 28 31
30 33 9
29 33 20
31 32 15
138
{[25, 24, 23, 16, 6]}
{[17, 16, 14, 12, 10]}
34
7 11 4
5 13 30
8 4 6
7 5 6
0 2 5
1 3 4
2 3 27
0 8 3
7 2 10
16 20 33
8 18 12
0 15 12
17 10 11
1 17 14
18 20 13
16 11 32
15 9 19
12 13 19
10 19 14
16 17 18
9 14 31
23 24 25
23 26 27
21 22 28
21 27 30
21 26 29
22 25 31
22 24 6
23 29 30
25 28 33
24 28 1
26 32 20
31 33 15
29 32 9
139
{[25, 24, 23, 16, 6]}
{[16, 13, 12, 11, 10]}
34
7 11 4
5 13 33
8 4 6
7 5 6
0 2 5
1 3 4
2 3 31
0 8 3
7 2 10
16 20 26
8 18 12
0 15 12
17 10 11
1 17 14
18 20 13
16 11 27
15 9 19
12 13 19
10 19 14
16 17 18
9 14 32
23 24 25
23 26 27
21 22 28
21 27 30
21 26 29
22 25 9
22 24 15
23 29 30
25 28 32
24 28 31
30 33 6
29 33 20
31 32 1
140
{[25, 24, 23, 16, 6]}
{[17, 16, 14, 12, 10]}
34
7 11 4
5 13 32
8 4 6
7 5 6
0 2 5
1 3 4
2 3 33
0 8 3
7 2 10
16 20 27
8 18 12
0 15 12
17 10 11
1 17 14
18 20 13
16 11 30
15 9 19
12 13 19
10 19 14
16 17 18
9 14 31
23 24 25
23 26 27
21 22 28
21 27 30
21 26 29
22 25 31
22 24 9
23 29 30
25 28 33
24 28 15
26 32 20
31 33 1
29 32 6
141
{[25, 24, 23, 16, 6]}
{[17, 16, 15, 13, 11]}
34
7 11 4
5 13 32
8 4 6
7 5 6
0 2 5
1 3 4
2 3 31
0 8 3
7 2 10
16 20 29
8 18 12
0 15 12
17 10 11
1 17 14
18 20 13
16 11 26
15 9 19
12 13 19
10 19 14
16 17 18
9 14 33
23 24 25
23 26 27
21 22 28
21 27 30
21 26 29
22 25 15
22 24 31
23 29 30
25 28 9
24 28 33
27 32 6
31 33 1
30 32 20
142
{[25, 24, 23, 16, 6]}
{[17, 16, 15, 13, 11]}
34
7 11 4
5 13 26
8 4 6
7 5 6
0 2 5
1 3 4
2 3 29
0 8 3
7 2 10
16 20 31
8 18 12
0 15 12
17 10 11
1 17 14
18 20 13
16 11 32
15 9 19
12 13 19
10 19 14
16 17 18
9 14 33
23 24 25
23 26 27
21 22 28
21 27 30
21 26 29
22 25 1
22 24 31
23 29 30
25 28 6
24 28 33
27 32 9
31 33 15
30 32 20
143
{[25, 24, 23, 16, 6]}
{[17, 15, 14, 13, 12]}
34
7 11 4
5 13 33
8 4 6
7 5 6
0 2 5
1 3 4
2 3 32
0 8 3
7 2 10
16 20 30
8 18 12
0 15 12
17 10 11
1 17 14
18 20 13
16 11 29
15 9 19
12 13 19
10 19 14
16 17 18
9 14 31
23 24 25
23 26 27
21 22 28
21 27 30
21 26 29
22 25 32
22 24 31
23 29 30
25 28 15
24 28 9
27 33 20
26 33 6
31 32 1
144
{[25, 24, 23, 16, 6]}
{[17, 15, 14, 13, 12]}
34
7 11 4
5 13 29
8 4 6
7 5 6
0 2 5
1 3 4
2 3 30
0 8 3
7 2 10
16 20 32
8 18 12
0 15 12
17 10 11
1 17 14
18 20 13
16 11 33
15 9 19
12 13 19
10 19 14
16 17 18
9 14 31
23 24 25
23 26 27
21 22 28
21 27 30
21 26 29
22 25 32
22 24 31
23 29 30
25 28 1
24 28 6
27 33 20
26 33 9
31 32 15
145
{[25, 24, 23, 16, 6]}
{[5, 4, 2, 1, 0]}
34
7 11 4
5 13 24
8 4 6
7 5 6
0 2 5
1 3 4
2 3 23
0 8 3
7 2 10
16 20 27
8 18 12
0 15 12
17 10 11
1 17 14
18 20 13
16 11 21
15 9 19
12 13 19
10 19 14
16 17 18
9 14 22
22 25 15
21 26 20
24 25 6
23 31 1
21 23 30
22 28 32
29 32 9
26 29 30
27 28 31
25 28 33
24 29 33
26 27 33
30 31 32
146
{[25, 24, 23, 16, 6]}
{[6, 3, 2, 1, 0]}
34
7 11 4
5 13 23
8 4 6
7 5 6
0 2 5
1 3 4
2 3 26
0 8 3
7 2 10
16 20 21
8 18 12
0 15 12
17 10 11
1 17 14
18 20 13
16 11 22
15 9 19
12 13 19
10 19 14
16 17 18
9 14 25
22 24 9
21 27 15
24 25 1
21 23 31
23 30 20
28 32 6
22 29 32
26 29 30
27 28 31
25 28 33
24 29 33
26 27 33
30 31 32
147
{[25, 24, 23, 16, 6]}
{[8, 7, 4, 2, 0]}
34
7 11 4
5 13 21
8 4 6
7 5 6
0 2 5
1 3 4
2 3 31
0 8 3
7 2 10
16 20 22
8 18 12
0 15 12
17 10 11
1 17 14
18 20 13
16 11 25
15 9 19
12 13 19
10 19 14
16 17 18
9 14 23
23 24 1
24 25 9
21 27 20
21 22 26
22 30 15
24 28 32
23 29 32
26 29 30
27 28 31
25 28 33
29 33 6
26 27 33
30 31 32
148
{[25, 24, 23, 16, 6]}
{[9, 7, 3, 2, 0]}
34
7 11 4
5 13 24
8 4 6
7 5 6
0 2 5
1 3 4
2 3 21
0 8 3
7 2 10
16 20 30
8 18 12
0 15 12
17 10 11
1 17 14
18 20 13
16 11 22
15 9 19
12 13 19
10 19 14
16 17 18
9 14 25
23 24 6
23 25 15
21 22 27
21 26 1
22 31 20
24 28 32
23 29 32
26 29 30
27 28 31
28 33 9
25 29 33
26 27 33
30 31 32
149
{[25, 24, 23, 16, 6]}
{[6, 3, 2, 1, 0]}
34
7 11 4
5 13 22
8 4 6
7 5 6
0 2 5
1 3 4
2 3 21
0 8 3
7 2 10
16 20 26
8 18 12
0 15 12
17 10 11
1 17 14
18 20 13
16 11 23
15 9 19
12 13 19
10 19 14
16 17 18
9 14 25
22 24 6
21 27 1
24 25 15
21 23 31
23 30 20
28 32 9
22 29 32
26 29 30
27 28 31
25 28 33
24 29 33
26 27 33
30 31 32
150
{[25, 24, 23, 16, 6]}
{[9, 7, 3, 2, 0]}
34
7 11 4
5 13 22
8 4 6
7 5 6
0 2 5
1 3 4
2 3 30
0 8 3
7 2 10
16 20 21
8 18 12
0 15 12
17 10 11
1 17 14
18 20 13
16 11 24
15 9 19
12 13 19
10 19 14
16 17 18
9 14 25
23 24 9
23 25 1
21 22 27
21 26 15
22 31 20
24 28 32
23 29 32
26 29 30
27 28 31
28 33 6
25 29 33
26 27 33
30 31 32
151
{[25, 24, 23, 16, 6]}
{[5, 4, 2, 1, 0]}
34
7 11 4
5 13 21
8 4 6
7 5 6
0 2 5
1 3 4
2 3 27
0 8 3
7 2 10
16 20 23
8 18 12
0 15 12
17 10 11
1 17 14
18 20 13
16 11 24
15 9 19
12 13 19
10 19 14
16 17 18
9 14 22
22 25 1
21 26 20
24 25 9
23 31 15
21 23 30
22 28 32
29 32 6
26 29 30
27 28 31
25 28 33
24 29 33
26 27 33
30 31 32
152
{[25, 24, 23, 16, 6]}
{[8, 7, 4, 2, 0]}
34
7 11 4
5 13 25
8 4 6
7 5 6
0 2 5
1 3 4
2 3 22
0 8 3
7 2 10
16 20 31
8 18 12
0 15 12
17 10 11
1 17 14
18 20 13
16 11 21
15 9 19
12 13 19
10 19 14
16 17 18
9 14 23
23 24 15
24 25 6
21 27 20
21 22 26
22 30 1
24 28 32
23 29 32
26 29 30
27 28 31
25 28 33
29 33 9
26 27 33
30 31 32
153
{[25, 24, 23, 16, 6]}
{[16, 13, 12, 11, 10]}
34
7 11 4
5 13 33
8 4 6
7 5 6
0 2 5
1 3 4
2 3 31
0 8 3
7 2 10
16 20 26
8 18 12
0 15 12
17 10 11
1 17 14
18 20 13
16 11 27
15 9 19
12 13 19
10 19 14
16 17 18
9 14 32
23 24 25
23 26 27
21 22 28
21 27 30
21 26 29
22 25 9
22 24 15
23 29 30
25 28 32
24 28 31
30 33 6
29 33 20
31 32 1
154
{[25, 24, 23, 16, 6]}
{[17, 16, 14, 12, 10]}
34
7 11 4
5 13 32
8 4 6
7 5 6
0 2 5
1 3 4
2 3 33
0 8 3
7 2 10
16 20 27
8 18 12
0 15 12
17 10 11
1 17 14
18 20 13
16 11 30
15 9 19
12 13 19
10 19 14
16 17 18
9 14 31
23 24 25
23 26 27
21 22 28
21 27 30
21 26 29
22 25 31
22 24 9
23 29 30
25 28 33
24 28 15
26 32 20
31 33 1
29 32 6
155
{[25, 24, 23, 16, 6]}
{[16, 13, 12, 11, 10]}
34
7 11 4
5 13 27
8 4 6
7 5 6
0 2 5
1 3 4
2 3 26
0 8 3
7 2 10
16 20 31
8 18 12
0 15 12
17 10 11
1 17 14
18 20 13
16 11 33
15 9 19
12 13 19
10 19 14
16 17 18
9 14 32
23 24 25
23 26 27
21 22 28
21 27 30
21 26 29
22 25 6
22 24 1
23 29 30
25 28 32
24 28 31
30 33 9
29 33 20
31 32 15
156
{[25, 24, 23, 16, 6]}
{[17, 16, 14, 12, 10]}
34
7 11 4
5 13 30
8 4 6
7 5 6
0 2 5
1 3 4
2 3 27
0 8 3
7 2 10
16 20 33
8 18 12
0 15 12
17 10 11
1 17 14
18 20 13
16 11 32
15 9 19
12 13 19
10 19 14
16 17 18
9 14 31
23 24 25
23 26 27
21 22 28
21 27 30
21 26 29
22 25 31
22 24 6
23 29 30
25 28 33
24 28 1
26 32 20
31 33 15
29 32 9
157
{[25, 24, 23, 16, 6]}
{[17, 16, 15, 13, 11]}
34
7 11 4
5 13 26
8 4 6
7 5 6
0 2 5
1 3 4
2 3 29
0 8 3
7 2 10
16 20 31
8 18 12
0 15 12
17 10 11
1 17 14
18 20 13
16 11 32
15 9 19
12 13 19
10 19 14
16 17 18
9 14 33
23 24 25
23 26 27
21 22 28
21 27 30
21 26 29
22 25 1
22 24 31
23 29 30
25 28 6
24 28 33
27 32 9
31 33 15
30 32 20
158
{[25, 24, 23, 16, 6]}
{[17, 16, 15, 13, 11]}
34
7 11 4
5 13 32
8 4 6
7 5 6
0 2 5
1 3 4
2 3 31
0 8 3
7 2 10
16 20 29
8 18 12
0 15 12
17 10 11
1 17 14
18 20 13
16 11 26
15 9 19
12 13 19
10 19 14
16 17 18
9 14 33
23 24 25
23 26 27
21 22 28
21 27 30
21 26 29
22 25 15
22 24 31
23 29 30
25 28 9
24 28 33
27 32 6
31 33 1
30 32 20
159
{[25, 24, 23, 16, 6]}
{[17, 15, 14, 13, 12]}
34
7 11 4
5 13 29
8 4 6
7 5 6
0 2 5
1 3 4
2 3 30
0 8 3
7 2 10
16 20 32
8 18 12
0 15 12
17 10 11
1 17 14
18 20 13
16 11 33
15 9 19
12 13 19
10 19 14
16 17 18
9 14 31
23 24 25
23 26 27
21 22 28
21 27 30
21 26 29
22 25 32
22 24 31
23 29 30
25 28 1
24 28 6
27 33 20
26 33 9
31 32 15
160
{[25, 24, 23, 16, 6]}
{[17, 15, 14, 13, 12]}
34
7 11 4
5 13 33
8 4 6
7 5 6
0 2 5
1 3 4
2 3 32
0 8 3
7 2 10
16 20 30
8 18 12
0 15 12
17 10 11
1 17 14
18 20 13
16 11 29
15 9 19
12 13 19
10 19 14
16 17 18
9 14 31
23 24 25
23 26 27
21 22 28
21 27 30
21 26 29
22 25 32
22 24 31
23 29 30
25 28 15
24 28 9
27 33 20
26 33 6
31 32 1
161
{[25, 24, 18, 17, 10]}
{[5, 4, 2, 1, 0]}
34
8 11 4
15 5 13
9 4 7
8 5 7
0 2 5
1 3 4
15 7 23
2 3 6
0 9 3
8 2 10
9 17 12
0 12 22
16 10 11
1 16 14
17 19 13
1 6 20
12 13 18
10 18 14
16 17 21
20 14 27
15 19 24
22 25 18
21 26 11
24 25 6
23 31 20
21 23 30
22 28 32
29 32 19
26 29 30
27 28 31
25 28 33
24 29 33
26 27 33
30 31 32
162
{[25, 24, 18, 17, 10]}
{[6, 3, 2, 1, 0]}
34
8 11 4
15 5 13
9 4 7
8 5 7
0 2 5
1 3 4
15 7 26
2 3 6
0 9 3
8 2 10
9 17 12
0 12 25
16 10 11
1 16 14
17 19 13
1 6 20
12 13 18
10 18 14
16 17 22
20 14 21
15 19 23
22 24 19
21 27 18
24 25 20
21 23 31
23 30 11
28 32 6
22 29 32
26 29 30
27 28 31
25 28 33
24 29 33
26 27 33
30 31 32
163
{[25, 24, 18, 17, 10]}
{[8, 7, 4, 2, 0]}
34
8 11 4
15 5 13
9 4 7
8 5 7
0 2 5
1 3 4
15 7 31
2 3 6
0 9 3
8 2 10
9 17 12
0 12 23
16 10 11
1 16 14
17 19 13
1 6 20
12 13 18
10 18 14
16 17 25
20 14 22
15 19 21
23 24 20
24 25 19
21 27 11
21 22 26
22 30 18
24 28 32
23 29 32
26 29 30
27 28 31
25 28 33
29 33 6
26 27 33
30 31 32
164
{[25, 24, 18, 17, 10]}
{[9, 7, 3, 2, 0]}
34
8 11 4
15 5 13
9 4 7
8 5 7
0 2 5
1 3 4
15 7 21
2 3 6
0 9 3
8 2 10
9 17 12
0 12 25
16 10 11
1 16 14
17 19 13
1 6 20
12 13 18
10 18 14
16 17 22
20 14 30
15 19 24
23 24 6
23 25 18
21 22 27
21 26 20
22 31 11
24 28 32
23 29 32
26 29 30
27 28 31
28 33 19
25 29 33
26 27 33
30 31 32
165
{[25, 24, 18, 17, 10]}
{[6, 3, 2, 1, 0]}
34
8 11 4
15 5 13
9 4 7
8 5 7
0 2 5
1 3 4
15 7 21
2 3 6
0 9 3
8 2 10
9 17 12
0 12 25
16 10 11
1 16 14
17 19 13
1 6 20
12 13 18
10 18 14
16 17 23
20 14 26
15 19 22
22 24 6
21 27 20
24 25 18
21 23 31
23 30 11
28 32 19
22 29 32
26 29 30
27 28 31
25 28 33
24 29 33
26 27 33
30 31 32
166
{[25, 24, 18, 17, 10]}
{[9, 7, 3, 2, 0]}
34
8 11 4
15 5 13
9 4 7
8 5 7
0 2 5
1 3 4
15 7 30
2 3 6
0 9 3
8 2 10
9 17 12
0 12 25
16 10 11
1 16 14
17 19 13
1 6 20
12 13 18
10 18 14
16 17 24
20 14 21
15 19 22
23 24 19
23 25 20
21 22 27
21 26 18
22 31 11
24 28 32
23 29 32
26 29 30
27 28 31
28 33 6
25 29 33
26 27 33
30 31 32
167
{[25, 24, 18, 17, 10]}
{[5, 4, 2, 1, 0]}
34
8 11 4
15 5 13
9 4 7
8 5 7
0 2 5
1 3 4
15 7 27
2 3 6
0 9 3
8 2 10
9 17 12
0 12 22
16 10 11
1 16 14
17 19 13
1 6 20
12 13 18
10 18 14
16 17 24
20 14 23
15 19 21
22 25 20
21 26 11
24 25 19
23 31 18
21 23 30
22 28 32
29 32 6
26 29 30
27 28 31
25 28 33
24 29 33
26 27 33
30 31 32
168
{[25, 24, 18, 17, 10]}
{[8, 7, 4, 2, 0]}
34
8 11 4
15 5 13
9 4 7
8 5 7
0 2 5
1 3 4
15 7 22
2 3 6
0 9 3
8 2 10
9 17 12
0 12 23
16 10 11
1 16 14
17 19 13
1 6 20
12 13 18
10 18 14
16 17 21
20 14 31
15 19 25
23 24 18
24 25 6
21 27 11
21 22 26
22 30 20
24 28 32
23 29 32
26 29 30
27 28 31
25 28 33
29 33 19
26 27 33
30 31 32
169
{[25, 24, 18, 17, 10]}
{[16, 13, 12, 11, 10]}
34
8 11 4
15 5 13
9 4 7
8 5 7
0 2 5
1 3 4
15 7 31
2 3 6
0 9 3
8 2 10
9 17 12
0 12 32
16 10 11
1 16 14
17 19 13
1 6 20
12 13 18
10 18 14
16 17 27
20 14 26
15 19 33
23 24 25
23 26 27
21 22 28
21 27 30
21 26 29
22 25 19
22 24 18
23 29 30
25 28 32
24 28 31
30 33 6
29 33 11
31 32 20
170
{[25, 24, 18, 17, 10]}
{[17, 16, 14, 12, 10]}
34
8 11 4
15 5 13
9 4 7
8 5 7
0 2 5
1 3 4
15 7 33
2 3 6
0 9 3
8 2 10
9 17 12
0 12 31
16 10 11
1 16 14
17 19 13
1 6 20
12 13 18
10 18 14
16 17 30
20 14 27
15 19 32
23 24 25
23 26 27
21 22 28
21 27 30
21 26 29
22 25 31
22 24 19
23 29 30
25 28 33
24 28 18
26 32 11
31 33 20
29 32 6
171
{[25, 24, 18, 17, 10]}
{[16, 13, 12, 11, 10]}
34
8 11 4
15 5 13
9 4 7
8 5 7
0 2 5
1 3 4
15 7 26
2 3 6
0 9 3
8 2 10
9 17 12
0 12 32
16 10 11
1 16 14
17 19 13
1 6 20
12 13 18
10 18 14
16 17 33
20 14 31
15 19 27
23 24 25
23 26 27
21 22 28
21 27 30
21 26 29
22 25 6
22 24 20
23 29 30
25 28 32
24 28 31
30 33 19
29 33 11
31 32 18
172
{[25, 24, 18, 17, 10]}
{[17, 16, 14, 12, 10]}
34
8 11 4
15 5 13
9 4 7
8 5 7
0 2 5
1 3 4
15 7 27
2 3 6
0 9 3
8 2 10
9 17 12
0 12 31
16 10 11
1 16 14
17 19 13
1 6 20
12 13 18
10 18 14
16 17 32
20 14 33
15 19 30
23 24 25
23 26 27
21 22 28
21 27 30
21 26 29
22 25 31
22 24 6
23 29 30
25 28 33
24 28 20
26 32 11
31 33 18
29 32 19
173
{[25, 24, 18, 17, 10]}
{[17, 16, 15, 13, 11]}
34
8 11 4
15 5 13
9 4 7
8 5 7
0 2 5
1 3 4
15 7 29
2 3 6
0 9 3
8 2 10
9 17 12
0 12 33
16 10 11
1 16 14
17 19 13
1 6 20
12 13 18
10 18 14
16 17 32
20 14 31
15 19 26
23 24 25
23 26 27
21 22 28
21 27 30
21 26 29
22 25 20
22 24 31
23 29 30
25 28 6
24 28 33
27 32 19
31 33 18
30 32 11
174
{[25, 24, 18, 17, 10]}
{[17, 16, 15, 13, 11]}
34
8 11 4
15 5 13
9 4 7
8 5 7
0 2 5
1 3 4
15 7 31
2 3 6
0 9 3
8 2 10
9 17 12
0 12 33
16 10 11
1 16 14
17 19 13
1 6 20
12 13 18
10 18 14
16 17 26
20 14 29
15 19 32
23 24 25
23 26 27
21 22 28
21 27 30
21 26 29
22 25 18
22 24 31
23 29 30
25 28 19
24 28 33
27 32 6
31 33 20
30 32 11
175
{[25, 24, 18, 17, 10]}
{[17, 15, 14, 13, 12]}
34
8 11 4
15 5 13
9 4 7
8 5 7
0 2 5
1 3 4
15 7 30
2 3 6
0 9 3
8 2 10
9 17 12
0 12 31
16 10 11
1 16 14
17 19 13
1 6 20
12 13 18
10 18 14
16 17 33
20 14 32
15 19 29
23 24 25
23 26 27
21 22 28
21 27 30
21 26 29
22 25 32
22 24 31
23 29 30
25 28 20
24 28 6
27 33 11
26 33 19
31 32 18
176
{[25, 24, 18, 17, 10]}
{[17, 15, 14, 13, 12]}
34
8 11 4
15 5 13
9 4 7
8 5 7
0 2 5
1 3 4
15 7 32
2 3 6
0 9 3
8 2 10
9 17 12
0 12 31
16 10 11
1 16 14
17 19 13
1 6 20
12 13 18
10 18 14
16 17 29
20 14 30
15 19 33
23 24 25
23 26 27
21 22 28
21 27 30
21 26 29
22 25 32
22 24 31
23 29 30
25 28 18
24 28 19
27 33 11
26 33 6
31 32 20
177
{[25, 24, 23, 22, 10]}
{[5, 4, 2, 1, 0]}
34
8 11 4
15 5 13
9 4 7
8 5 7
0 2 5
1 3 4
15 7 21
2 3 6
0 9 3
8 2 10
9 19 12
0 16 12
18 10 11
1 18 14
19 13 24
1 6 23
17 11 27
16 20 22
12 13 20
10 20 14
17 18 19
22 25 6
21 26 17
24 25 15
23 31 14
21 23 30
22 28 32
29 32 16
26 29 30
27 28 31
25 28 33
24 29 33
26 27 33
30 31 32
178
{[25, 24, 23, 22, 10]}
{[6, 3, 2, 1, 0]}
34
8 11 4
15 5 13
9 4 7
8 5 7
0 2 5
1 3 4
15 7 22
2 3 6
0 9 3
8 2 10
9 19 12
0 16 12
18 10 11
1 18 14
19 13 23
1 6 26
17 11 21
16 20 25
12 13 20
10 20 14
17 18 19
22 24 16
21 27 6
24 25 14
21 23 31
23 30 17
28 32 15
22 29 32
26 29 30
27 28 31
25 28 33
24 29 33
26 27 33
30 31 32
179
{[25, 24, 23, 22, 10]}
{[8, 7, 4, 2, 0]}
34
8 11 4
15 5 13
9 4 7
8 5 7
0 2 5
1 3 4
15 7 25
2 3 6
0 9 3
8 2 10
9 19 12
0 16 12
18 10 11
1 18 14
19 13 21
1 6 31
17 11 22
16 20 23
12 13 20
10 20 14
17 18 19
23 24 14
24 25 16
21 27 17
21 22 26
22 30 6
24 28 32
23 29 32
26 29 30
27 28 31
25 28 33
29 33 15
26 27 33
30 31 32
180
{[25, 24, 23, 22, 10]}
{[9, 7, 3, 2, 0]}
34
8 11 4
15 5 13
9 4 7
8 5 7
0 2 5
1 3 4
15 7 22
2 3 6
0 9 3
8 2 10
9 19 12
0 16 12
18 10 11
1 18 14
19 13 24
1 6 21
17 11 30
16 20 25
12 13 20
10 20 14
17 18 19
23 24 15
23 25 6
21 22 27
21 26 14
22 31 17
24 28 32
23 29 32
26 29 30
27 28 31
28 33 16
25 29 33
26 27 33
30 31 32
181
{[25, 24, 23, 22, 10]}
{[6, 3, 2, 1, 0]}
34
8 11 4
15 5 13
9 4 7
8 5 7
0 2 5
1 3 4
15 7 23
2 3 6
0 9 3
8 2 10
9 19 12
0 16 12
18 10 11
1 18 14
19 13 22
1 6 21
17 11 26
16 20 25
12 13 20
10 20 14
17 18 19
22 24 15
21 27 14
24 25 6
21 23 31
23 30 17
28 32 16
22 29 32
26 29 30
27 28 31
25 28 33
24 29 33
26 27 33
30 31 32
182
{[25, 24, 23, 22, 10]}
{[9, 7, 3, 2, 0]}
34
8 11 4
15 5 13
9 4 7
8 5 7
0 2 5
1 3 4
15 7 24
2 3 6
0 9 3
8 2 10
9 19 12
0 16 12
18 10 11
1 18 14
19 13 22
1 6 30
17 11 21
16 20 25
12 13 20
10 20 14
17 18 19
23 24 16
23 25 14
21 22 27
21 26 6
22 31 17
24 28 32
23 29 32
26 29 30
27 28 31
28 33 15
25 29 33
26 27 33
30 31 32
183
{[25, 24, 23, 22, 10]}
{[5, 4, 2, 1, 0]}
34
8 11 4
15 5 13
9 4 7
8 5 7
0 2 5
1 3 4
15 7 24
2 3 6
0 9 3
8 2 10
9 19 12
0 16 12
18 10 11
1 18 14
19 13 21
1 6 27
17 11 23
16 20 22
12 13 20
10 20 14
17 18 19
22 25 14
21 26 17
24 25 16
23 31 6
21 23 30
22 28 32
29 32 15
26 29 30
27 28 31
25 28 33
24 29 33
26 27 33
30 31 32
184
{[25, 24, 23, 22, 10]}
{[8, 7, 4, 2, 0]}
34
8 11 4
15 5 13
9 4 7
8 5 7
0 2 5
1 3 4
15 7 21
2 3 6
0 9 3
8 2 10
9 19 12
0 16 12
18 10 11
1 18 14
19 13 25
1 6 22
17 11 31
16 20 23
12 13 20
10 20 14
17 18 19
23 24 6
24 25 15
21 27 17
21 22 26
22 30 14
24 28 32
23 29 32
26 29 30
27 28 31
25 28 33
29 33 16
26 27 33
30 31 32
185
{[25, 24, 23, 22, 10]}
{[16, 13, 12, 11, 10]}
34
8 11 4
15 5 13
9 4 7
8 5 7
0 2 5
1 3 4
15 7 27
2 3 6
0 9 3
8 2 10
9 19 12
0 16 12
18 10 11
1 18 14
19 13 33
1 6 31
17 11 26
16 20 32
12 13 20
10 20 14
17 18 19
23 24 25
23 26 27
21 22 28
21 27 30
21 26 29
22 25 16
22 24 6
23 29 30
25 28 32
24 28 31
30 33 15
29 33 17
31 32 14
186
{[25, 24, 23, 22, 10]}
{[17, 16, 14, 12, 10]}
34
8 11 4
15 5 13
9 4 7
8 5 7
0 2 5
1 3 4
15 7 30
2 3 6
0 9 3
8 2 10
9 19 12
0 16 12
18 10 11
1 18 14
19 13 32
1 6 33
17 11 27
16 20 31
12 13 20
10 20 14
17 18 19
23 24 25
23 26 27
21 22 28
21 27 30
21 26 29
22 25 31
22 24 16
23 29 30
25 28 33
24 28 6
26 32 17
31 33 14
29 32 15
187
{[25, 24, 23, 22, 10]}
{[16, 13, 12, 11, 10]}
34
8 11 4
15 5 13
9 4 7
8 5 7
0 2 5
1 3 4
15 7 33
2 3 6
0 9 3
8 2 10
9 19 12
0 16 12
18 10 11
1 18 14
19 13 27
1 6 26
17 11 31
16 20 32
12 13 20
10 20 14
17 18 19
23 24 25
23 26 27
21 22 28
21 27 30
21 26 29
22 25 15
22 24 14
23 29 30
25 28 32
24 28 31
30 33 16
29 33 17
31 32 6
188
{[25, 24, 23, 22, 10]}
{[17, 16, 14, 12, 10]}
34
8 11 4
15 5 13
9 4 7
8 5 7
0 2 5
1 3 4
15 7 32
2 3 6
0 9 3
8 2 10
9 19 12
0 16 12
18 10 11
1 18 14
19 13 30
1 6 27
17 11 33
16 20 31
12 13 20
10 20 14
17 18 19
23 24 25
23 26 27
21 22 28
21 27 30
21 26 29
22 25 31
22 24 15
23 29 30
25 28 33
24 28 14
26 32 17
31 33 6
29 32 16
189
{[25, 24, 23, 22, 10]}
{[17, 16, 15, 13, 11]}
34
8 11 4
15 5 13
9 4 7
8 5 7
0 2 5
1 3 4
15 7 32
2 3 6
0 9 3
8 2 10
9 19 12
0 16 12
18 10 11
1 18 14
19 13 26
1 6 29
17 11 31
16 20 33
12 13 20
10 20 14
17 18 19
23 24 25
23 26 27
21 22 28
21 27 30
21 26 29
22 25 14
22 24 31
23 29 30
25 28 15
24 28 33
27 32 16
31 33 6
30 32 17
190
{[25, 24, 23, 22, 10]}
{[17, 16, 15, 13, 11]}
34
8 11 4
15 5 13
9 4 7
8 5 7
0 2 5
1 3 4
15 7 26
2 3 6
0 9 3
8 2 10
9 19 12
0 16 12
18 10 11
1 18 14
19 13 32
1 6 31
17 11 29
16 20 33
12 13 20
10 20 14
17 18 19
23 24 25
23 26 27
21 22 28
21 27 30
21 26 29
22 25 6
22 24 31
23 29 30
25 28 16
24 28 33
27 32 15
31 33 14
30 32 17
191
{[25, 24, 23, 22, 10]}
{[17, 15, 14, 13, 12]}
34
8 11 4
15 5 13
9 4 7
8 5 7
0 2 5
1 3 4
15 7 33
2 3 6
0 9 3
8 2 10
9 19 12
0 16 12
18 10 11
1 18 14
19 13 29
1 6 30
17 11 32
16 20 31
12 13 20
10 20 14
17 18 19
23 24 25
23 26 27
21 22 28
21 27 30
21 26 29
22 25 32
22 24 31
23 29 30
25 28 14
24 28 15
27 33 17
26 33 16
31 32 6
192
{[25, 24, 23, 22, 10]}
{[17, 15, 14, 13, 12]}
34
8 11 4
15 5 13
9 4 7
8 5 7
0 2 5
1 3 4
15 7 29
2 3 6
0 9 3
8 2 10
9 19 12
0 16 12
18 10 11
1 18 14
19 13 33
1 6 32
17 11 30
16 20 31
12 13 20
10 20 14
17 18 19
23 24 25
23 26 27
21 22 28
21 27 30
21 26 29
22 25 32
22 24 31
23 29 30
25 28 6
24 28 16
27 33 17
26 33 15
31 32 14
193
{[25, 24, 18, 17, 10]}
{[5, 4, 2, 1, 0]}
34
8 11 4
15 5 13
9 4 7
8 5 7
0 2 5
1 3 4
15 7 27
2 3 6
0 9 3
8 2 10
9 17 12
0 12 22
16 10 11
1 16 14
17 19 13
1 6 20
12 13 18
10 18 14
16 17 24
20 14 23
15 19 21
22 25 20
21 26 11
24 25 19
23 31 18
21 23 30
22 28 32
29 32 6
26 29 30
27 28 31
25 28 33
24 29 33
26 27 33
30 31 32
194
{[25, 24, 18, 17, 10]}
{[6, 3, 2, 1, 0]}
34
8 11 4
15 5 13
9 4 7
8 5 7
0 2 5
1 3 4
15 7 21
2 3 6
0 9 3
8 2 10
9 17 12
0 12 25
16 10 11
1 16 14
17 19 13
1 6 20
12 13 18
10 18 14
16 17 23
20 14 26
15 19 22
22 24 6
21 27 20
24 25 18
21 23 31
23 30 11
28 32 19
22 29 32
26 29 30
27 28 31
25 28 33
24 29 33
26 27 33
30 31 32
195
{[25, 24, 18, 17, 10]}
{[8, 7, 4, 2, 0]}
34
8 11 4
15 5 13
9 4 7
8 5 7
0 2 5
1 3 4
15 7 22
2 3 6
0 9 3
8 2 10
9 17 12
0 12 23
16 10 11
1 16 14
17 19 13
1 6 20
12 13 18
10 18 14
16 17 21
20 14 31
15 19 25
23 24 18
24 25 6
21 27 11
21 22 26
22 30 20
24 28 32
23 29 32
26 29 30
27 28 31
25 28 33
29 33 19
26 27 33
30 31 32
196
{[25, 24, 18, 17, 10]}
{[9, 7, 3, 2, 0]}
34
8 11 4
15 5 13
9 4 7
8 5 7
0 2 5
1 3 4
15 7 30
2 3 6
0 9 3
8 2 10
9 17 12
0 12 25
16 10 11
1 16 14
17 19 13
1 6 20
12 13 18
10 18 14
16 17 24
20 14 21
15 19 22
23 24 19
23 25 20
21 22 27
21 26 18
22 31 11
24 28 32
23 29 32
26 29 30
27 28 31
28 33 6
25 29 33
26 27 33
30 31 32
197
{[25, 24, 18, 17, 10]}
{[6, 3, 2, 1, 0]}
34
8 11 4
15 5 13
9 4 7
8 5 7
0 2 5
1 3 4
15 7 26
2 3 6
0 9 3
8 2 10
9 17 12
0 12 25
16 10 11
1 16 14
17 19 13
1 6 20
12 13 18
10 18 14
16 17 22
20 14 21
15 19 23
22 24 19
21 27 18
24 25 20
21 23 31
23 30 11
28 32 6
22 29 32
26 29 30
27 28 31
25 28 33
24 29 33
26 27 33
30 31 32
198
{[25, 24, 18, 17, 10]}
{[9, 7, 3, 2, 0]}
34
8 11 4
15 5 13
9 4 7
8 5 7
0 2 5
1 3 4
15 7 21
2 3 6
0 9 3
8 2 10
9 17 12
0 12 25
16 10 11
1 16 14
17 19 13
1 6 20
12 13 18
10 18 14
16 17 22
20 14 30
15 19 24
23 24 6
23 25 18
21 22 27
21 26 20
22 31 11
24 28 32
23 29 32
26 29 30
27 28 31
28 33 19
25 29 33
26 27 33
30 31 32
199
{[25, 24, 18, 17, 10]}
{[5, 4, 2, 1, 0]}
34
8 11 4
15 5 13
9 4 7
8 5 7
0 2 5
1 3 4
15 7 23
2 3 6
0 9 3
8 2 10
9 17 12
0 12 22
16 10 11
1 16 14
17 19 13
1 6 20
12 13 18
10 18 14
16 17 21
20 14 27
15 19 24
22 25 18
21 26 11
24 25 6
23 31 20
21 23 30
22 28 32
29 32 19
26 29 30
27 28 31
25 28 33
24 29 33
26 27 33
30 31 32
200
{[25, 24, 18, 17, 10]}
{[8, 7, 4, 2, 0]}
34
8 11 4
15 5 13
9 4 7
8 5 7
0 2 5
1 3 4
15 7 31
2 3 6
0 9 3
8 2 10
9 17 12
0 12 23
16 10 11
1 16 14
17 19 13
1 6 20
12 13 18
10 18 14
16 17 25
20 14 22
15 19 21
23 24 20
24 25 19
21 27 11
21 22 26
22 30 18
24 28 32
23 29 32
26 29 30
27 28 31
25 28 33
29 33 6
26 27 33
30 31 32
201
{[25, 24, 18, 17, 10]}
{[16, 13, 12, 11, 10]}
34
8 11 4
15 5 13
9 4 7
8 5 7
0 2 5
1 3 4
15 7 26
2 3 6
0 9 3
8 2 10
9 17 12
0 12 32
16 10 11
1 16 14
17 19 13
1 6 20
12 13 18
10 18 14
16 17 33
20 14 31
15 19 27
23 24 25
23 26 27
21 22 28
21 27 30
21 26 29
22 25 6
22 24 20
23 29 30
25 28 32
24 28 31
30 33 19
29 33 11
31 32 18
202
{[25, 24, 18, 17, 10]}
{[17, 16, 14, 12, 10]}
34
8 11 4
15 5 13
9 4 7
8 5 7
0 2 5
1 3 4
15 7 27
2 3 6
0 9 3
8 2 10
9 17 12
0 12 31
16 10 11
1 16 14
17 19 13
1 6 20
12 13 18
10 18 14
16 17 32
20 14 33
15 19 30
23 24 25
23 26 27
21 22 28
21 27 30
21 26 29
22 25 31
22 24 6
23 29 30
25 28 33
24 28 20
26 32 11
31 33 18
29 32 19
203
{[25, 24, 18, 17, 10]}
{[16, 13, 12, 11, 10]}
34
8 11 4
15 5 13
9 4 7
8 5 7
0 2 5
1 3 4
15 7 31
2 3 6
0 9 3
8 2 10
9 17 12
0 12 32
16 10 11
1 16 14
17 19 13
1 6 20
12 13 18
10 18 14
16 17 27
20 14 26
15 19 33
23 24 25
23 26 27
21 22 28
21 27 30
21 26 29
22 25 19
22 24 18
23 29 30
25 28 32
24 28 31
30 33 6
29 33 11
31 32 20
204
{[25, 24, 18, 17, 10]}
{[17, 16, 14, 12, 10]}
34
8 11 4
15 5 13
9 4 7
8 5 7
0 2 5
1 3 4
15 7 33
2 3 6
0 9 3
8 2 10
9 17 12
0 12 31
16 10 11
1 16 14
17 19 13
1 6 20
12 13 18
10 18 14
16 17 30
20 14 27
15 19 32
23 24 25
23 26 27
21 22 28
21 27 30
21 26 29
22 25 31
22 24 19
23 29 30
25 28 33
24 28 18
26 32 11
31 33 20
29 32 6
205
{[25, 24, 18, 17, 10]}
{[17, 16, 15, 13, 11]}
34
8 11 4
15 5 13
9 4 7
8 5 7
0 2 5
1 3 4
15 7 31
2 3 6
0 9 3
8 2 10
9 17 12
0 12 33
16 10 11
1 16 14
17 19 13
1 6 20
12 13 18
10 18 14
16 17 26
20 14 29
15 19 32
23 24 25
23 26 27
21 22 28
21 27 30
21 26 29
22 25 18
22 24 31
23 29 30
25 28 19
24 28 33
27 32 6
31 33 20
30 32 11
206
{[25, 24, 18, 17, 10]}
{[17, 16, 15, 13, 11]}
34
8 11 4
15 5 13
9 4 7
8 5 7
0 2 5
1 3 4
15 7 29
2 3 6
0 9 3
8 2 10
9 17 12
0 12 33
16 10 11
1 16 14
17 19 13
1 6 20
12 13 18
10 18 14
16 17 32
20 14 31
15 19 26
23 24 25
23 26 27
21 22 28
21 27 30
21 26 29
22 25 20
22 24 31
23 29 30
25 28 6
24 28 33
27 32 19
31 33 18
30 32 11
207
{[25, 24, 18, 17, 10]}
{[17, 15, 14, 13, 12]}
34
8 11 4
15 5 13
9 4 7
8 5 7
0 2 5
1 3 4
15 7 32
2 3 6
0 9 3
8 2 10
9 17 12
0 12 31
16 10 11
1 16 14
17 19 13
1 6 20
12 13 18
10 18 14
16 17 29
20 14 30
15 19 33
23 24 25
23 26 27
21 22 28
21 27 30
21 26 29
22 25 32
22 24 31
23 29 30
25 28 18
24 28 19
27 33 11
26 33 6
31 32 20
208
{[25, 24, 18, 17, 10]}
{[17, 15, 14, 13, 12]}
34
8 11 4
15 5 13
9 4 7
8 5 7
0 2 5
1 3 4
15 7 30
2 3 6
0 9 3
8 2 10
9 17 12
0 12 31
16 10 11
1 16 14
17 19 13
1 6 20
12 13 18
10 18 14
16 17 33
20 14 32
15 19 29
23 24 25
23 26 27
21 22 28
21 27 30
21 26 29
22 25 32
22 24 31
23 29 30
25 28 20
24 28 6
27 33 11
26 33 19
31 32 18
209
{[25, 24, 23, 22, 10]}
{[5, 4, 2, 1, 0]}
34
8 11 4
15 5 13
9 4 7
8 5 7
0 2 5
1 3 4
15 7 24
2 3 6
0 9 3
8 2 10
9 19 12
0 16 12
18 10 11
1 18 14
19 13 21
1 6 27
17 11 23
16 20 22
12 13 20
10 20 14
17 18 19
22 25 14
21 26 17
24 25 16
23 31 6
21 23 30
22 28 32
29 32 15
26 29 30
27 28 31
25 28 33
24 29 33
26 27 33
30 31 32
210
{[25, 24, 23, 22, 10]}
{[6, 3, 2, 1, 0]}
34
8 11 4
15 5 13
9 4 7
8 5 7
0 2 5
1 3 4
15 7 23
2 3 6
0 9 3
8 2 10
9 19 12
0 16 12
18 10 11
1 18 14
19 13 22
1 6 21
17 11 26
16 20 25
12 13 20
10 20 14
17 18 19
22 24 15
21 27 14
24 25 6
21 23 31
23 30 17
28 32 16
22 29 32
26 29 30
27 28 31
25 28 33
24 29 33
26 27 33
30 31 32
211
{[25, 24, 23, 22, 10]}
{[8, 7, 4, 2, 0]}
34
8 11 4
15 5 13
9 4 7
8 5 7
0 2 5
1 3 4
15 7 21
2 3 6
0 9 3
8 2 10
9 19 12
0 16 12
18 10 11
1 18 14
19 13 25
1 6 22
17 11 31
16 20 23
12 13 20
10 20 14
17 18 19
23 24 6
24 25 15
21 27 17
21 22 26
22 30 14
24 28 32
23 29 32
26 29 30
27 28 31
25 28 33
29 33 16
26 27 33
30 31 32
212
{[25, 24, 23, 22, 10]}
{[9, 7, 3, 2, 0]}
34
8 11 4
15 5 13
9 4 7
8 5 7
0 2 5
1 3 4
15 7 24
2 3 6
0 9 3
8 2 10
9 19 12
0 16 12
18 10 11
1 18 14
19 13 22
1 6 30
17 11 21
16 20 25
12 13 20
10 20 14
17 18 19
23 24 16
23 25 14
21 22 27
21 26 6
22 31 17
24 28 32
23 29 32
26 29 30
27 28 31
28 33 15
25 29 33
26 27 33
30 31 32
213
{[25, 24, 23, 22, 10]}
{[6, 3, 2, 1, 0]}
34
8 11 4
15 5 13
9 4 7
8 5 7
0 2 5
1 3 4
15 7 22
2 3 6
0 9 3
8 2 10
9 19 12
0 16 12
18 10 11
1 18 14
19 13 23
1 6 26
17 11 21
16 20 25
12 13 20
10 20 14
17 18 19
22 24 16
21 27 6
24 25 14
21 23 31
23 30 17
28 32 15
22 29 32
26 29 30
27 28 31
25 28 33
24 29 33
26 27 33
30 31 32
214
{[25, 24, 23, 22, 10]}
{[9, 7, 3, 2, 0]}
34
8 11 4
15 5 13
9 4 7
8 5 7
0 2 5
1 3 4
15 7 22
2 3 6
0 9 3
8 2 10
9 19 12
0 16 12
18 10 11
1 18 14
19 13 24
1 6 21
17 11 30
16 20 25
12 13 20
10 20 14
17 18 19
23 24 15
23 25 6
21 22 27
21 26 14
22 31 17
24 28 32
23 29 32
26 29 30
27 28 31
28 33 16
25 29 33
26 27 33
30 31 32
215
{[25, 24, 23, 22, 10]}
{[5, 4, 2, 1, 0]}
34
8 11 4
15 5 13
9 4 7
8 5 7
0 2 5
1 3 4
15 7 21
2 3 6
0 9 3
8 2 10
9 19 12
0 16 12
18 10 11
1 18 14
19 13 24
1 6 23
17 11 27
16 20 22
12 13 20
10 20 14
17 18 19
22 25 6
21 26 17
24 25 15
23 31 14
21 23 30
22 28 32
29 32 16
26 29 30
27 28 31
25 28 33
24 29 33
26 27 33
30 31 32
216
{[25, 24, 23, 22, 10]}
{[8, 7, 4, 2, 0]}
34
8 11 4
15 5 13
9 4 7
8 5 7
0 2 5
1 3 4
15 7 25
2 3 6
0 9 3
8 2 10
9 19 12
0 16 12
18 10 11
1 18 14
19 13 21
1 6 31
17 11 22
16 20 23
12 13 20
10 20 14
17 18 19
23 24 14
24 25 16
21 27 17
21 22 26
22 30 6
24 28 32
23 29 32
26 29 30
27 28 31
25 28 33
29 33 15
26 27 33
30 31 32
217
{[25, 24, 23, 22, 10]}
{[16, 13, 12, 11, 10]}
34
8 11 4
15 5 13
9 4 7
8 5 7
0 2 5
1 3 4
15 7 33
2 3 6
0 9 3
8 2 10
9 19 12
0 16 12
18 10 11
1 18 14
19 13 27
1 6 26
17 11 31
16 20 32
12 13 20
10 20 14
17 18 19
23 24 25
23 26 27
21 22 28
21 27 30
21 26 29
22 25 15
22 24 14
23 29 30
25 28 32
24 28 31
30 33 16
29 33 17
31 32 6
218
{[25, 24, 23, 22, 10]}
{[17, 16, 14, 12, 10]}
34
8 11 4
15 5 13
9 4 7
8 5 7
0 2 5
1 3 4
15 7 32
2 3 6
0 9 3
8 2 10
9 19 12
0 16 12
18 10 11
1 18 14
19 13 30
1 6 27
17 11 33
16 20 31
12 13 20
10 20 14
17 18 19
23 24 25
23 26 27
21 22 28
21 27 30
21 26 29
22 25 31
22 24 15
23 29 30
25 28 33
24 28 14
26 32 17
31 33 6
29 32 16
219
{[25, 24, 23, 22, 10]}
{[16, 13, 12, 11, 10]}
34
8 11 4
15 5 13
9 4 7
8 5 7
0 2 5
1 3 4
15 7 27
2 3 6
0 9 3
8 2 10
9 19 12
0 16 12
18 10 11
1 18 14
19 13 33
1 6 31
17 11 26
16 20 32
12 13 20
10 20 14
17 18 19
23 24 25
23 26 27
21 22 28
21 27 30
21 26 29
22 25 16
22 24 6
23 29 30
25 28 32
24 28 31
30 33 15
29 33 17
31 32 14
220
{[25, 24, 23, 22, 10]}
{[17, 16, 14, 12, 10]}
34
8 11 4
15 5 13
9 4 7
8 5 7
0 2 5
1 3 4
15 7 30
2 3 6
0 9 3
8 2 10
9 19 12
0 16 12
18 10 11
1 18 14
19 13 32
1 6 33
17 11 27
16 20 31
12 13 20
10 20 14
17 18 19
23 24 25
23 26 27
21 22 28
21 27 30
21 26 29
22 25 31
22 24 16
23 29 30
25 28 33
24 28 6
26 32 17
31 33 14
29 32 15
221
{[25, 24, 23, 22, 10]}
{[17, 16, 15, 13, 11]}
34
8 11 4
15 5 13
9 4 7
8 5 7
0 2 5
1 3 4
15 7 26
2 3 6
0 9 3
8 2 10
9 19 12
0 16 12
18 10 11
1 18 14
19 13 32
1 6 31
17 11 29
16 20 33
12 13 20
10 20 14
17 18 19
23 24 25
23 26 27
21 22 28
21 27 30
21 26 29
22 25 6
22 24 31
23 29 30
25 28 16
24 28 33
27 32 15
31 33 14
30 32 17
222
{[25, 24, 23, 22, 10]}
{[17, 16, 15, 13, 11]}
34
8 11 4
15 5 13
9 4 7
8 5 7
0 2 5
1 3 4
15 7 32
2 3 6
0 9 3
8 2 10
9 19 12
0 16 12
18 10 11
1 18 14
19 13 26
1 6 29
17 11 31
16 20 33
12 13 20
10 20 14
17 18 19
23 24 25
23 26 27
21 22 28
21 27 30
21 26 29
22 25 14
22 24 31
23 29 30
25 28 15
24 28 33
27 32 16
31 33 6
30 32 17
223
{[25, 24, 23, 22, 10]}
{[17, 15, 14, 13, 12]}
34
8 11 4
15 5 13
9 4 7
8 5 7
0 2 5
1 3 4
15 7 29
2 3 6
0 9 3
8 2 10
9 19 12
0 16 12
18 10 11
1 18 14
19 13 33
1 6 32
17 11 30
16 20 31
12 13 20
10 20 14
17 18 19
23 24 25
23 26 27
21 22 28
21 27 30
21 26 29
22 25 32
22 24 31
23 29 30
25 28 6
24 28 16
27 33 17
26 33 15
31 32 14
224
{[25, 24, 23, 22, 10]}
{[17, 15, 14, 13, 12]}
34
8 11 4
15 5 13
9 4 7
8 5 7
0 2 5
1 3 4
15 7 33
2 3 6
0 9 3
8 2 10
9 19 12
0 16 12
18 10 11
1 18 14
19 13 29
1 6 30
17 11 32
16 20 31
12 13 20
10 20 14
17 18 19
23 24 25
23 26 27
21 22 28
21 27 30
21 26 29
22 25 32
22 24 31
23 29 30
25 28 14
24 28 15
27 33 17
26 33 16
31 32 6
225
{[21, 20, 19, 13, 11]}
{[5, 4, 2, 1, 0]}
34
8 11 4
14 5 12
9 4 7
8 5 7
0 2 5
1 3 4
14 19 7
2 3 6
0 9 3
8 2 24
19 16 17
0 15 23
1 13 27
17 12 22
1 6 18
20 16 11
15 10 21
10 18 13
14 20 17
20 10 6
19 15 18
22 25 16
21 26 13
24 25 11
23 31 9
21 23 30
22 28 32
29 32 12
26 29 30
27 28 31
25 28 33
24 29 33
26 27 33
30 31 32
226
{[21, 20, 19, 13, 11]}
{[6, 3, 2, 1, 0]}
34
8 11 4
14 5 12
9 4 7
8 5 7
0 2 5
1 3 4
14 19 7
2 3 6
0 9 3
8 2 23
19 16 17
0 15 26
1 13 21
17 12 25
1 6 18
20 16 11
15 10 22
10 18 13
14 20 17
20 10 6
19 15 18
22 24 12
21 27 16
24 25 9
21 23 31
23 30 13
28 32 11
22 29 32
26 29 30
27 28 31
25 28 33
24 29 33
26 27 33
30 31 32
227
{[21, 20, 19, 13, 11]}
{[8, 7, 4, 2, 0]}
34
8 11 4
14 5 12
9 4 7
8 5 7
0 2 5
1 3 4
14 19 7
2 3 6
0 9 3
8 2 21
19 16 17
0 15 31
1 13 22
17 12 23
1 6 18
20 16 11
15 10 25
10 18 13
14 20 17
20 10 6
19 15 18
23 24 9
24 25 12
21 27 13
21 22 26
22 30 16
24 28 32
23 29 32
26 29 30
27 28 31
25 28 33
29 33 11
26 27 33
30 31 32
228
{[21, 20, 19, 13, 11]}
{[9, 7, 3, 2, 0]}
34
8 11 4
14 5 12
9 4 7
8 5 7
0 2 5
1 3 4
14 19 7
2 3 6
0 9 3
8 2 24
19 16 17
0 15 21
1 13 30
17 12 25
1 6 18
20 16 11
15 10 22
10 18 13
14 20 17
20 10 6
19 15 18
23 24 11
23 25 16
21 22 27
21 26 9
22 31 13
24 28 32
23 29 32
26 29 30
27 28 31
28 33 12
25 29 33
26 27 33
30 31 32
229
{[21, 20, 19, 13, 11]}
{[6, 3, 2, 1, 0]}
34
8 11 4
14 5 12
9 4 7
8 5 7
0 2 5
1 3 4
14 19 7
2 3 6
0 9 3
8 2 22
19 16 17
0 15 21
1 13 26
17 12 25
1 6 18
20 16 11
15 10 23
10 18 13
14 20 17
20 10 6
19 15 18
22 24 11
21 27 9
24 25 16
21 23 31
23 30 13
28 32 12
22 29 32
26 29 30
27 28 31
25 28 33
24 29 33
26 27 33
30 31 32
230
{[21, 20, 19, 13, 11]}
{[9, 7, 3, 2, 0]}
34
8 11 4
14 5 12
9 4 7
8 5 7
0 2 5
1 3 4
14 19 7
2 3 6
0 9 3
8 2 22
19 16 17
0 15 30
1 13 21
17 12 25
1 6 18
20 16 11
15 10 24
10 18 13
14 20 17
20 10 6
19 15 18
23 24 12
23 25 9
21 22 27
21 26 16
22 31 13
24 28 32
23 29 32
26 29 30
27 28 31
28 33 11
25 29 33
26 27 33
30 31 32
231
{[21, 20, 19, 13, 11]}
{[5, 4, 2, 1, 0]}
34
8 11 4
14 5 12
9 4 7
8 5 7
0 2 5
1 3 4
14 19 7
2 3 6
0 9 3
8 2 21
19 16 17
0 15 27
1 13 23
17 12 22
1 6 18
20 16 11
15 10 24
10 18 13
14 20 17
20 10 6
19 15 18
22 25 9
21 26 13
24 25 12
23 31 16
21 23 30
22 28 32
29 32 11
26 29 30
27 28 31
25 28 33
24 29 33
26 27 33
30 31 32
232
{[21, 20, 19, 13, 11]}
{[8, 7, 4, 2, 0]}
34
8 11 4
14 5 12
9 4 7
8 5 7
0 2 5
1 3 4
14 19 7
2 3 6
0 9 3
8 2 25
19 16 17
0 15 22
1 13 31
17 12 23
1 6 18
20 16 11
15 10 21
10 18 13
14 20 17
20 10 6
19 15 18
23 24 16
24 25 11
21 27 13
21 22 26
22 30 9
24 28 32
23 29 32
26 29 30
27 28 31
25 28 33
29 33 12
26 27 33
30 31 32
233
{[21, 20, 19, 13, 11]}
{[16, 13, 12, 11, 10]}
34
8 11 4
14 5 12
9 4 7
8 5 7
0 2 5
1 3 4
14 19 7
2 3 6
0 9 3
8 2 33
19 16 17
0 15 31
1 13 26
17 12 32
1 6 18
20 16 11
15 10 27
10 18 13
14 20 17
20 10 6
19 15 18
23 24 25
23 26 27
21 22 28
21 27 30
21 26 29
22 25 12
22 24 16
23 29 30
25 28 32
24 28 31
30 33 11
29 33 13
31 32 9
234
{[21, 20, 19, 13, 11]}
{[17, 16, 14, 12, 10]}
34
8 11 4
14 5 12
9 4 7
8 5 7
0 2 5
1 3 4
14 19 7
2 3 6
0 9 3
8 2 32
19 16 17
0 15 33
1 13 27
17 12 31
1 6 18
20 16 11
15 10 30
10 18 13
14 20 17
20 10 6
19 15 18
23 24 25
23 26 27
21 22 28
21 27 30
21 26 29
22 25 31
22 24 12
23 29 30
25 28 33
24 28 16
26 32 13
31 33 9
29 32 11
235
{[21, 20, 19, 13, 11]}
{[16, 13, 12, 11, 10]}
34
8 11 4
14 5 12
9 4 7
8 5 7
0 2 5
1 3 4
14 19 7
2 3 6
0 9 3
8 2 27
19 16 17
0 15 26
1 13 31
17 12 32
1 6 18
20 16 11
15 10 33
10 18 13
14 20 17
20 10 6
19 15 18
23 24 25
23 26 27
21 22 28
21 27 30
21 26 29
22 25 11
22 24 9
23 29 30
25 28 32
24 28 31
30 33 12
29 33 13
31 32 16
236
{[21, 20, 19, 13, 11]}
{[17, 16, 14, 12, 10]}
34
8 11 4
14 5 12
9 4 7
8 5 7
0 2 5
1 3 4
14 19 7
2 3 6
0 9 3
8 2 30
19 16 17
0 15 27
1 13 33
17 12 31
1 6 18
20 16 11
15 10 32
10 18 13
14 20 17
20 10 6
19 15 18
23 24 25
23 26 27
21 22 28
21 27 30
21 26 29
22 25 31
22 24 11
23 29 30
25 28 33
24 28 9
26 32 13
31 33 16
29 32 12
237
{[21, 20, 19, 13, 11]}
{[17, 16, 15, 13, 11]}
34
8 11 4
14 5 12
9 4 7
8 5 7
0 2 5
1 3 4
14 19 7
2 3 6
0 9 3
8 2 26
19 16 17
0 15 29
1 13 31
17 12 33
1 6 18
20 16 11
15 10 32
10 18 13
14 20 17
20 10 6
19 15 18
23 24 25
23 26 27
21 22 28
21 27 30
21 26 29
22 25 9
22 24 31
23 29 30
25 28 11
24 28 33
27 32 12
31 33 16
30 32 13
238
{[21, 20, 19, 13, 11]}
{[17, 16, 15, 13, 11]}
34
8 11 4
14 5 12
9 4 7
8 5 7
0 2 5
1 3 4
14 19 7
2 3 6
0 9 3
8 2 32
19 16 17
0 15 31
1 13 29
17 12 33
1 6 18
20 16 11
15 10 26
10 18 13
14 20 17
20 10 6
19 15 18
23 24 25
23 26 27
21 22 28
21 27 30
21 26 29
22 25 16
22 24 31
23 29 30
25 28 12
24 28 33
27 32 11
31 33 9
30 32 13
239
{[21, 20, 19, 13, 11]}
{[17, 15, 14, 13, 12]}
34
8 11 4
14 5 12
9 4 7
8 5 7
0 2 5
1 3 4
14 19 7
2 3 6
0 9 3
8 2 29
19 16 17
0 15 30
1 13 32
17 12 31
1 6 18
20 16 11
15 10 33
10 18 13
14 20 17
20 10 6
19 15 18
23 24 25
23 26 27
21 22 28
21 27 30
21 26 29
22 25 32
22 24 31
23 29 30
25 28 9
24 28 11
27 33 13
26 33 12
31 32 16
240
{[21, 20, 19, 13, 11]}
{[17, 15, 14, 13, 12]}
34
8 11 4
14 5 12
9 4 7
8 5 7
0 2 5
1 3 4
14 19 7
2 3 6
0 9 3
8 2 33
19 16 17
0 15 32
1 13 30
17 12 31
1 6 18
20 16 11
15 10 29
10 18 13
14 20 17
20 10 6
19 15 18
23 24 25
23 26 27
21 22 28
21 27 30
21 26 29
22 25 32
22 24 31
23 29 30
25 28 16
24 28 12
27 33 13
26 33 11
31 32 9
241
{[21, 20, 19, 13, 11]}
{[5, 4, 2, 1, 0]}
34
8 11 4
14 5 12
9 4 7
8 5 7
0 2 5
1 3 4
14 19 7
2 3 6
0 9 3
8 2 21
19 16 17
0 15 27
1 13 23
17 12 22
1 6 18
20 16 11
15 10 24
10 18 13
14 20 17
20 10 6
19 15 18
22 25 9
21 26 13
24 25 12
23 31 16
21 23 30
22 28 32
29 32 11
26 29 30
27 28 31
25 28 33
24 29 33
26 27 33
30 31 32
242
{[21, 20, 19, 13, 11]}
{[6, 3, 2, 1, 0]}
34
8 11 4
14 5 12
9 4 7
8 5 7
0 2 5
1 3 4
14 19 7
2 3 6
0 9 3
8 2 22
19 16 17
0 15 21
1 13 26
17 12 25
1 6 18
20 16 11
15 10 23
10 18 13
14 20 17
20 10 6
19 15 18
22 24 11
21 27 9
24 25 16
21 23 31
23 30 13
28 32 12
22 29 32
26 29 30
27 28 31
25 28 33
24 29 33
26 27 33
30 31 32
243
{[21, 20, 19, 13, 11]}
{[8, 7, 4, 2, 0]}
34
8 11 4
14 5 12
9 4 7
8 5 7
0 2 5
1 3 4
14 19 7
2 3 6
0 9 3
8 2 25
19 16 17
0 15 22
1 13 31
17 12 23
1 6 18
20 16 11
15 10 21
10 18 13
14 20 17
20 10 6
19 15 18
23 24 16
24 25 11
21 27 13
21 22 26
22 30 9
24 28 32
23 29 32
26 29 30
27 28 31
25 28 33
29 33 12
26 27 33
30 31 32
244
{[21, 20, 19, 13, 11]}
{[9, 7, 3, 2, 0]}
34
8 11 4
14 5 12
9 4 7
8 5 7
0 2 5
1 3 4
14 19 7
2 3 6
0 9 3
8 2 22
19 16 17
0 15 30
1 13 21
17 12 25
1 6 18
20 16 11
15 10 24
10 18 13
14 20 17
20 10 6
19 15 18
23 24 12
23 25 9
21 22 27
21 26 16
22 31 13
24 28 32
23 29 32
26 29 30
27 28 31
28 33 11
25 29 33
26 27 33
30 31 32
245
{[21, 20, 19, 13, 11]}
{[6, 3, 2, 1, 0]}
34
8 11 4
14 5 12
9 4 7
8 5 7
0 2 5
1 3 4
14 19 7
2 3 6
0 9 3
8 2 23
19 16 17
0 15 26
1 13 21
17 12 25
1 6 18
20 16 11
15 10 22
10 18 13
14 20 17
20 10 6
19 15 18
22 24 12
21 27 16
24 25 9
21 23 31
23 30 13
28 32 11
22 29 32
26 29 30
27 28 31
25 28 33
24 29 33
26 27 33
30 31 32
246
{[21, 20, 19, 13, 11]}
{[9, 7, 3, 2, 0]}
34
8 11 4
14 5 12
9 4 7
8 5 7
0 2 5
1 3 4
14 19 7
2 3 6
0 9 3
8 2 24
19 16 17
0 15 21
1 13 30
17 12 25
1 6 18
20 16 11
15 10 22
10 18 13
14 20 17
20 10 6
19 15 18
23 24 11
23 25 16
21 22 27
21 26 9
22 31 13
24 28 32
23 29 32
26 29 30
27 28 31
28 33 12
25 29 33
26 27 33
30 31 32
247
{[21, 20, 19, 13, 11]}
{[5, 4, 2, 1, 0]}
34
8 11 4
14 5 12
9 4 7
8 5 7
0 2 5
1 3 4
14 19 7
2 3 6
0 9 3
8 2 24
19 16 17
0 15 23
1 13 27
17 12 22
1 6 18
20 16 11
15 10 21
10 18 13
14 20 17
20 10 6
19 15 18
22 25 16
21 26 13
24 25 11
23 31 9
21 23 30
22 28 32
29 32 12
26 29 30
27 28 31
25 28 33
24 29 33
26 27 33
30 31 32
248
{[21, 20, 19, 13, 11]}
{[8, 7, 4, 2, 0]}
34
8 11 4
14 5 12
9 4 7
8 5 7
0 2 5
1 3 4
14 19 7
2 3 6
0 9 3
8 2 21
19 16 17
0 15 31
1 13 22
17 12 23
1 6 18
20 16 11
15 10 25
10 18 13
14 20 17
20 10 6
19 15 18
23 24 9
24 25 12
21 27 13
21 22 26
22 30 16
24 28 32
23 29 32
26 29 30
27 28 31
25 28 33
29 33 11
26 27 33
30 31 32
249
{[21, 20, 19, 13, 11]}
{[16, 13, 12, 11, 10]}
34
8 11 4
14 5 12
9 4 7
8 5 7
0 2 5
1 3 4
14 19 7
2 3 6
0 9 3
8 2 27
19 16 17
0 15 26
1 13 31
17 12 32
1 6 18
20 16 11
15 10 33
10 18 13
14 20 17
20 10 6
19 15 18
23 24 25
23 26 27
21 22 28
21 27 30
21 26 29
22 25 11
22 24 9
23 29 30
25 28 32
24 28 31
30 33 12
29 33 13
31 32 16
250
{[21, 20, 19, 13, 11]}
{[17, 16, 14, 12, 10]}
34
8 11 4
14 5 12
9 4 7
8 5 7
0 2 5
1 3 4
14 19 7
2 3 6
0 9 3
8 2 30
19 16 17
0 15 27
1 13 33
17 12 31
1 6 18
20 16 11
15 10 32
10 18 13
14 20 17
20 10 6
19 15 18
23 24 25
23 26 27
21 22 28
21 27 30
21 26 29
22 25 31
22 24 11
23 29 30
25 28 33
24 28 9
26 32 13
31 33 16
29 32 12
251
{[21, 20, 19, 13, 11]}
{[16, 13, 12, 11, 10]}
34
8 11 4
14 5 12
9 4 7
8 5 7
0 2 5
1 3 4
14 19 7
2 3 6
0 9 3
8 2 33
19 16 17
0 15 31
1 13 26
17 12 32
1 6 18
20 16 11
15 10 27
10 18 13
14 20 17
20 10 6
19 15 18
23 24 25
23 26 27
21 22 28
21 27 30
21 26 29
22 25 12
22 24 16
23 29 30
25 28 32
24 28 31
30 33 11
29 33 13
31 32 9
252
{[21, 20, 19, 13, 11]}
{[17, 16, 14, 12, 10]}
34
8 11 4
14 5 12
9 4 7
8 5 7
0 2 5
1 3 4
14 19 7
2 3 6
0 9 3
8 2 32
19 16 17
0 15 33
1 13 27
17 12 31
1 6 18
20 16 11
15 10 30
10 18 13
14 20 17
20 10 6
19 15 18
23 24 25
23 26 27
21 22 28
21 27 30
21 26 29
22 25 31
22 24 12
23 29 30
25 28 33
24 28 16
26 32 13
31 33 9
29 32 11
253
{[21, 20, 19, 13, 11]}
{[17, 16, 15, 13, 11]}
34
8 11 4
14 5 12
9 4 7
8 5 7
0 2 5
1 3 4
14 19 7
2 3 6
0 9 3
8 2 32
19 16 17
0 15 31
1 13 29
17 12 33
1 6 18
20 16 11
15 10 26
10 18 13
14 20 17
20 10 6
19 15 18
23 24 25
23 26 27
21 22 28
21 27 30
21 26 29
22 25 16
22 24 31
23 29 30
25 28 12
24 28 33
27 32 11
31 33 9
30 32 13
254
{[21, 20, 19, 13, 11]}
{[17, 16, 15, 13, 11]}
34
8 11 4
14 5 12
9 4 7
8 5 7
0 2 5
1 3 4
14 19 7
2 3 6
0 9 3
8 2 26
19 16 17
0 15 29
1 13 31
17 12 33
1 6 18
20 16 11
15 10 32
10 18 13
14 20 17
20 10 6
19 15 18
23 24 25
23 26 27
21 22 28
21 27 30
21 26 29
22 25 9
22 24 31
23 29 30
25 28 11
24 28 33
27 32 12
31 33 16
30 32 13
255
{[21, 20, 19, 13, 11]}
{[17, 15, 14, 13, 12]}
34
8 11 4
14 5 12
9 4 7
8 5 7
0 2 5
1 3 4
14 19 7
2 3 6
0 9 3
8 2 33
19 16 17
0 15 32
1 13 30
17 12 31
1 6 18
20 16 11
15 10 29
10 18 13
14 20 17
20 10 6
19 15 18
23 24 25
23 26 27
21 22 28
21 27 30
21 26 29
22 25 32
22 24 31
23 29 30
25 28 16
24 28 12
27 33 13
26 33 11
31 32 9
256
{[21, 20, 19, 13, 11]}
{[17, 15, 14, 13, 12]}
34
8 11 4
14 5 12
9 4 7
8 5 7
0 2 5
1 3 4
14 19 7
2 3 6
0 9 3
8 2 29
19 16 17
0 15 30
1 13 32
17 12 31
1 6 18
20 16 11
15 10 33
10 18 13
14 20 17
20 10 6
19 15 18
23 24 25
23 26 27
21 22 28
21 27 30
21 26 29
22 25 32
22 24 31
23 29 30
25 28 9
24 28 11
27 33 13
26 33 12
31 32 16
257
{[21, 20, 19, 15, 14]}
{[5, 4, 2, 1, 0]}
34
8 12 4
14 5 22
9 4 7
8 5 7
0 2 5
1 3 4
14 19 7
2 3 6
0 9 3
8 2 11
19 16 17
9 13 23
0 15 13
11 12 21
1 6 18
20 16 12
15 10 27
10 18 24
14 20 17
20 10 6
19 15 18
22 25 13
21 26 1
24 25 11
23 31 17
21 23 30
22 28 32
29 32 16
26 29 30
27 28 31
25 28 33
24 29 33
26 27 33
30 31 32
258
{[21, 20, 19, 15, 14]}
{[6, 3, 2, 1, 0]}
34
8 12 4
14 5 25
9 4 7
8 5 7
0 2 5
1 3 4
14 19 7
2 3 6
0 9 3
8 2 11
19 16 17
9 13 26
0 15 13
11 12 22
1 6 18
20 16 12
15 10 21
10 18 23
14 20 17
20 10 6
19 15 18
22 24 16
21 27 13
24 25 17
21 23 31
23 30 1
28 32 11
22 29 32
26 29 30
27 28 31
25 28 33
24 29 33
26 27 33
30 31 32
259
{[21, 20, 19, 15, 14]}
{[8, 7, 4, 2, 0]}
34
8 12 4
14 5 23
9 4 7
8 5 7
0 2 5
1 3 4
14 19 7
2 3 6
0 9 3
8 2 11
19 16 17
9 13 31
0 15 13
11 12 25
1 6 18
20 16 12
15 10 22
10 18 21
14 20 17
20 10 6
19 15 18
23 24 17
24 25 16
21 27 1
21 22 26
22 30 13
24 28 32
23 29 32
26 29 30
27 28 31
25 28 33
29 33 11
26 27 33
30 31 32
260
{[21, 20, 19, 15, 14]}
{[9, 7, 3, 2, 0]}
34
8 12 4
14 5 25
9 4 7
8 5 7
0 2 5
1 3 4
14 19 7
2 3 6
0 9 3
8 2 11
19 16 17
9 13 21
0 15 13
11 12 22
1 6 18
20 16 12
15 10 30
10 18 24
14 20 17
20 10 6
19 15 18
23 24 11
23 25 13
21 22 27
21 26 17
22 31 1
24 28 32
23 29 32
26 29 30
27 28 31
28 33 16
25 29 33
26 27 33
30 31 32
261
{[21, 20, 19, 15, 14]}
{[6, 3, 2, 1, 0]}
34
8 12 4
14 5 25
9 4 7
8 5 7
0 2 5
1 3 4
14 19 7
2 3 6
0 9 3
8 2 11
19 16 17
9 13 21
0 15 13
11 12 23
1 6 18
20 16 12
15 10 26
10 18 22
14 20 17
20 10 6
19 15 18
22 24 11
21 27 17
24 25 13
21 23 31
23 30 1
28 32 16
22 29 32
26 29 30
27 28 31
25 28 33
24 29 33
26 27 33
30 31 32
262
{[21, 20, 19, 15, 14]}
{[9, 7, 3, 2, 0]}
34
8 12 4
14 5 25
9 4 7
8 5 7
0 2 5
1 3 4
14 19 7
2 3 6
0 9 3
8 2 11
19 16 17
9 13 30
0 15 13
11 12 24
1 6 18
20 16 12
15 10 21
10 18 22
14 20 17
20 10 6
19 15 18
23 24 16
23 25 17
21 22 27
21 26 13
22 31 1
24 28 32
23 29 32
26 29 30
27 28 31
28 33 11
25 29 33
26 27 33
30 31 32
263
{[21, 20, 19, 15, 14]}
{[5, 4, 2, 1, 0]}
34
8 12 4
14 5 22
9 4 7
8 5 7
0 2 5
1 3 4
14 19 7
2 3 6
0 9 3
8 2 11
19 16 17
9 13 27
0 15 13
11 12 24
1 6 18
20 16 12
15 10 23
10 18 21
14 20 17
20 10 6
19 15 18
22 25 17
21 26 1
24 25 16
23 31 13
21 23 30
22 28 32
29 32 11
26 29 30
27 28 31
25 28 33
24 29 33
26 27 33
30 31 32
264
{[21, 20, 19, 15, 14]}
{[8, 7, 4, 2, 0]}
34
8 12 4
14 5 23
9 4 7
8 5 7
0 2 5
1 3 4
14 19 7
2 3 6
0 9 3
8 2 11
19 16 17
9 13 22
0 15 13
11 12 21
1 6 18
20 16 12
15 10 31
10 18 25
14 20 17
20 10 6
19 15 18
23 24 13
24 25 11
21 27 1
21 22 26
22 30 17
24 28 32
23 29 32
26 29 30
27 28 31
25 28 33
29 33 16
26 27 33
30 31 32
265
{[21, 20, 19, 15, 14]}
{[16, 13, 12, 11, 10]}
34
8 12 4
14 5 32
9 4 7
8 5 7
0 2 5
1 3 4
14 19 7
2 3 6
0 9 3
8 2 11
19 16 17
9 13 31
0 15 13
11 12 27
1 6 18
20 16 12
15 10 26
10 18 33
14 20 17
20 10 6
19 15 18
23 24 25
23 26 27
21 22 28
21 27 30
21 26 29
22 25 16
22 24 13
23 29 30
25 28 32
24 28 31
30 33 11
29 33 1
31 32 17
266
{[21, 20, 19, 15, 14]}
{[17, 16, 14, 12, 10]}
34
8 12 4
14 5 31
9 4 7
8 5 7
0 2 5
1 3 4
14 19 7
2 3 6
0 9 3
8 2 11
19 16 17
9 13 33
0 15 13
11 12 30
1 6 18
20 16 12
15 10 27
10 18 32
14 20 17
20 10 6
19 15 18
23 24 25
23 26 27
21 22 28
21 27 30
21 26 29
22 25 31
22 24 16
23 29 30
25 28 33
24 28 13
26 32 1
31 33 17
29 32 11
267
{[21, 20, 19, 15, 14]}
{[16, 13, 12, 11, 10]}
34
8 12 4
14 5 32
9 4 7
8 5 7
0 2 5
1 3 4
14 19 7
2 3 6
0 9 3
8 2 11
19 16 17
9 13 26
0 15 13
11 12 33
1 6 18
20 16 12
15 10 31
10 18 27
14 20 17
20 10 6
19 15 18
23 24 25
23 26 27
21 22 28
21 27 30
21 26 29
22 25 11
22 24 17
23 29 30
25 28 32
24 28 31
30 33 16
29 33 1
31 32 13
268
{[21, 20, 19, 15, 14]}
{[17, 16, 14, 12, 10]}
34
8 12 4
14 5 31
9 4 7
8 5 7
0 2 5
1 3 4
14 19 7
2 3 6
0 9 3
8 2 11
19 16 17
9 13 27
0 15 13
11 12 32
1 6 18
20 16 12
15 10 33
10 18 30
14 20 17
20 10 6
19 15 18
23 24 25
23 26 27
21 22 28
21 27 30
21 26 29
22 25 31
22 24 11
23 29 30
25 28 33
24 28 17
26 32 1
31 33 13
29 32 16
269
{[21, 20, 19, 15, 14]}
{[17, 16, 15, 13, 11]}
34
8 12 4
14 5 33
9 4 7
8 5 7
0 2 5
1 3 4
14 19 7
2 3 6
0 9 3
8 2 11
19 16 17
9 13 29
0 15 13
11 12 32
1 6 18
20 16 12
15 10 31
10 18 26
14 20 17
20 10 6
19 15 18
23 24 25
23 26 27
21 22 28
21 27 30
21 26 29
22 25 17
22 24 31
23 29 30
25 28 11
24 28 33
27 32 16
31 33 13
30 32 1
270
{[21, 20, 19, 15, 14]}
{[17, 16, 15, 13, 11]}
34
8 12 4
14 5 33
9 4 7
8 5 7
0 2 5
1 3 4
14 19 7
2 3 6
0 9 3
8 2 11
19 16 17
9 13 31
0 15 13
11 12 26
1 6 18
20 16 12
15 10 29
10 18 32
14 20 17
20 10 6
19 15 18
23 24 25
23 26 27
21 22 28
21 27 30
21 26 29
22 25 13
22 24 31
23 29 30
25 28 16
24 28 33
27 32 11
31 33 17
30 32 1
271
{[21, 20, 19, 15, 14]}
{[17, 15, 14, 13, 12]}
34
8 12 4
14 5 31
9 4 7
8 5 7
0 2 5
1 3 4
14 19 7
2 3 6
0 9 3
8 2 11
19 16 17
9 13 30
0 15 13
11 12 33
1 6 18
20 16 12
15 10 32
10 18 29
14 20 17
20 10 6
19 15 18
23 24 25
23 26 27
21 22 28
21 27 30
21 26 29
22 25 32
22 24 31
23 29 30
25 28 17
24 28 11
27 33 1
26 33 16
31 32 13
272
{[21, 20, 19, 15, 14]}
{[17, 15, 14, 13, 12]}
34
8 12 4
14 5 31
9 4 7
8 5 7
0 2 5
1 3 4
14 19 7
2 3 6
0 9 3
8 2 11
19 16 17
9 13 32
0 15 13
11 12 29
1 6 18
20 16 12
15 10 30
10 18 33
14 20 17
20 10 6
19 15 18
23 24 25
23 26 27
21 22 28
21 27 30
21 26 29
22 25 32
22 24 31
23 29 30
25 28 13
24 28 16
27 33 1
26 33 11
31 32 17
273
{[21, 20, 19, 15, 14]}
{[5, 4, 2, 1, 0]}
34
8 12 4
14 5 22
9 4 7
8 5 7
0 2 5
1 3 4
14 19 7
2 3 6
0 9 3
8 2 11
19 16 17
9 13 27
0 15 13
11 12 24
1 6 18
20 16 12
15 10 23
10 18 21
14 20 17
20 10 6
19 15 18
22 25 17
21 26 1
24 25 16
23 31 13
21 23 30
22 28 32
29 32 11
26 29 30
27 28 31
25 28 33
24 29 33
26 27 33
30 31 32
274
{[21, 20, 19, 15, 14]}
{[6, 3, 2, 1, 0]}
34
8 12 4
14 5 25
9 4 7
8 5 7
0 2 5
1 3 4
14 19 7
2 3 6
0 9 3
8 2 11
19 16 17
9 13 21
0 15 13
11 12 23
1 6 18
20 16 12
15 10 26
10 18 22
14 20 17
20 10 6
19 15 18
22 24 11
21 27 17
24 25 13
21 23 31
23 30 1
28 32 16
22 29 32
26 29 30
27 28 31
25 28 33
24 29 33
26 27 33
30 31 32
275
{[21, 20, 19, 15, 14]}
{[8, 7, 4, 2, 0]}
34
8 12 4
14 5 23
9 4 7
8 5 7
0 2 5
1 3 4
14 19 7
2 3 6
0 9 3
8 2 11
19 16 17
9 13 22
0 15 13
11 12 21
1 6 18
20 16 12
15 10 31
10 18 25
14 20 17
20 10 6
19 15 18
23 24 13
24 25 11
21 27 1
21 22 26
22 30 17
24 28 32
23 29 32
26 29 30
27 28 31
25 28 33
29 33 16
26 27 33
30 31 32
276
{[21, 20, 19, 15, 14]}
{[9, 7, 3, 2, 0]}
34
8 12 4
14 5 25
9 4 7
8 5 7
0 2 5
1 3 4
14 19 7
2 3 6
0 9 3
8 2 11
19 16 17
9 13 30
0 15 13
11 12 24
1 6 18
20 16 12
15 10 21
10 18 22
14 20 17
20 10 6
19 15 18
23 24 16
23 25 17
21 22 27
21 26 13
22 31 1
24 28 32
23 29 32
26 29 30
27 28 31
28 33 11
25 29 33
26 27 33
30 31 32
277
{[21, 20, 19, 15, 14]}
{[6, 3, 2, 1, 0]}
34
8 12 4
14 5 25
9 4 7
8 5 7
0 2 5
1 3 4
14 19 7
2 3 6
0 9 3
8 2 11
19 16 17
9 13 26
0 15 13
11 12 22
1 6 18
20 16 12
15 10 21
10 18 23
14 20 17
20 10 6
19 15 18
22 24 16
21 27 13
24 25 17
21 23 31
23 30 1
28 32 11
22 29 32
26 29 30
27 28 31
25 28 33
24 29 33
26 27 33
30 31 32
278
{[21, 20, 19, 15, 14]}
{[9, 7, 3, 2, 0]}
34
8 12 4
14 5 25
9 4 7
8 5 7
0 2 5
1 3 4
14 19 7
2 3 6
0 9 3
8 2 11
19 16 17
9 13 21
0 15 13
11 12 22
1 6 18
20 16 12
15 10 30
10 18 24
14 20 17
20 10 6
19 15 18
23 24 11
23 25 13
21 22 27
21 26 17
22 31 1
24 28 32
23 29 32
26 29 30
27 28 31
28 33 16
25 29 33
26 27 33
30 31 32
279
{[21, 20, 19, 15, 14]}
{[5, 4, 2, 1, 0]}
34
8 12 4
14 5 22
9 4 7
8 5 7
0 2 5
1 3 4
14 19 7
2 3 6
0 9 3
8 2 11
19 16 17
9 13 23
0 15 13
11 12 21
1 6 18
20 16 12
15 10 27
10 18 24
14 20 17
20 10 6
19 15 18
22 25 13
21 26 1
24 25 11
23 31 17
21 23 30
22 28 32
29 32 16
26 29 30
27 28 31
25 28 33
24 29 33
26 27 33
30 31 32
280
{[21, 20, 19, 15, 14]}
{[8, 7, 4, 2, 0]}
34
8 12 4
14 5 23
9 4 7
8 5 7
0 2 5
1 3 4
14 19 7
2 3 6
0 9 3
8 2 11
19 16 17
9 13 31
0 15 13
11 12 25
1 6 18
20 16 12
15 10 22
10 18 21
14 20 17
20 10 6
19 15 18
23 24 17
24 25 16
21 27 1
21 22 26
22 30 13
24 28 32
23 29 32
26 29 30
27 28 31
25 28 33
29 33 11
26 27 33
30 31 32
281
{[21, 20, 19, 15, 14]}
{[16, 13, 12, 11, 10]}
34
8 12 4
14 5 32
9 4 7
8 5 7
0 2 5
1 3 4
14 19 7
2 3 6
0 9 3
8 2 11
19 16 17
9 13 26
0 15 13
11 12 33
1 6 18
20 16 12
15 10 31
10 18 27
14 20 17
20 10 6
19 15 18
23 24 25
23 26 27
21 22 28
21 27 30
21 26 29
22 25 11
22 24 17
23 29 30
25 28 32
24 28 31
30 33 16
29 33 1
31 32 13
282
{[21, 20, 19, 15, 14]}
{[17, 16, 14, 12, 10]}
34
8 12 4
14 5 31
9 4 7
8 5 7
0 2 5
1 3 4
14 19 7
2 3 6
0 9 3
8 2 11
19 16 17
9 13 27
0 15 13
11 12 32
1 6 18
20 16 12
15 10 33
10 18 30
14 20 17
20 10 6
19 15 18
23 24 25
23 26 27
21 22 28
21 27 30
21 26 29
22 25 31
22 24 11
23 29 30
25 28 33
24 28 17
26 32 1
31 33 13
29 32 16
283
{[21, 20, 19, 15, 14]}
{[16, 13, 12, 11, 10]}
34
8 12 4
14 5 32
9 4 7
8 5 7
0 2 5
1 3 4
14 19 7
2 3 6
0 9 3
8 2 11
19 16 17
9 13 31
0 15 13
11 12 27
1 6 18
20 16 12
15 10 26
10 18 33
14 20 17
20 10 6
19 15 18
23 24 25
23 26 27
21 22 28
21 27 30
21 26 29
22 25 16
22 24 13
23 29 30
25 28 32
24 28 31
30 33 11
29 33 1
31 32 17
284
{[21, 20, 19, 15, 14]}
{[17, 16, 14, 12, 10]}
34
8 12 4
14 5 31
9 4 7
8 5 7
0 2 5
1 3 4
14 19 7
2 3 6
0 9 3
8 2 11
19 16 17
9 13 33
0 15 13
11 12 30
1 6 18
20 16 12
15 10 27
10 18 32
14 20 17
20 10 6
19 15 18
23 24 25
23 26 27
21 22 28
21 27 30
21 26 29
22 25 31
22 24 16
23 29 30
25 28 33
24 28 13
26 32 1
31 33 17
29 32 11
285
{[21, 20, 19, 15, 14]}
{[17, 16, 15, 13, 11]}
34
8 12 4
14 5 33
9 4 7
8 5 7
0 2 5
1 3 4
14 19 7
2 3 6
0 9 3
8 2 11
19 16 17
9 13 31
0 15 13
11 12 26
1 6 18
20 16 12
15 10 29
10 18 32
14 20 17
20 10 6
19 15 18
23 24 25
23 26 27
21 22 28
21 27 30
21 26 29
22 25 13
22 24 31
23 29 30
25 28 16
24 28 33
27 32 11
31 33 17
30 32 1
286
{[21, 20, 19, 15, 14]}
{[17, 16, 15, 13, 11]}
34
8 12 4
14 5 33
9 4 7
8 5 7
0 2 5
1 3 4
14 19 7
2 3 6
0 9 3
8 2 11
19 16 17
9 13 29
0 15 13
11 12 32
1 6 18
20 16 12
15 10 31
10 18 26
14 20 17
20 10 6
19 15 18
23 24 25
23 26 27
21 22 28
21 27 30
21 26 29
22 25 17
22 24 31
23 29 30
25 28 11
24 28 33
27 32 16
31 33 13
30 32 1
287
{[21, 20, 19, 15, 14]}
{[17, 15, 14, 13, 12]}
34
8 12 4
14 5 31
9 4 7
8 5 7
0 2 5
1 3 4
14 19 7
2 3 6
0 9 3
8 2 11
19 16 17
9 13 32
0 15 13
11 12 29
1 6 18
20 16 12
15 10 30
10 18 33
14 20 17
20 10 6
19 15 18
23 24 25
23 26 27
21 22 28
21 27 30
21 26 29
22 25 32
22 24 31
23 29 30
25 28 13
24 28 16
27 33 1
26 33 11
31 32 17
288
{[21, 20, 19, 15, 14]}
{[17, 15, 14, 13, 12]}
34
8 12 4
14 5 31
9 4 7
8 5 7
0 2 5
1 3 4
14 19 7
2 3 6
0 9 3
8 2 11
19 16 17
9 13 30
0 15 13
11 12 33
1 6 18
20 16 12
15 10 32
10 18 29
14 20 17
20 10 6
19 15 18
23 24 25
23 26 27
21 22 28
21 27 30
21 26 29
22 25 32
22 24 31
23 29 30
25 28 17
24 28 11
27 33 1
26 33 16
31 32 13
