288
1
{[25, 24, 19, 18, 0]}
{[5, 4, 2, 1, 0]}
34
10 12 13
17 19 6
20 6 27
17 4 21
3 13 23
14 12 6
1 2 5
8 20 24
7 16 10
10 11 14
0 9 8
15 9 12
0 11 5
0 4 14
9 13 5
11 18 22
8 18 19
1 3 18
15 16 17
16 1 20
7 2 19
22 25 3
21 26 15
24 25 4
23 31 7
21 23 30
22 28 32
29 32 2
26 29 30
27 28 31
25 28 33
24 29 33
26 27 33
30 31 32
2
{[25, 24, 19, 18, 0]}
{[6, 3, 2, 1, 0]}
34
10 12 13
17 19 6
20 6 21
17 4 22
3 13 26
14 12 6
1 2 5
8 20 23
7 16 10
10 11 14
0 9 8
15 9 12
0 11 5
0 4 14
9 13 5
11 18 25
8 18 19
1 3 18
15 16 17
16 1 20
7 2 19
22 24 2
21 27 3
24 25 7
21 23 31
23 30 15
28 32 4
22 29 32
26 29 30
27 28 31
25 28 33
24 29 33
26 27 33
30 31 32
3
{[25, 24, 19, 18, 0]}
{[8, 7, 4, 2, 0]}
34
10 12 13
17 19 6
20 6 22
17 4 25
3 13 31
14 12 6
1 2 5
8 20 21
7 16 10
10 11 14
0 9 8
15 9 12
0 11 5
0 4 14
9 13 5
11 18 23
8 18 19
1 3 18
15 16 17
16 1 20
7 2 19
23 24 7
24 25 2
21 27 15
21 22 26
22 30 3
24 28 32
23 29 32
26 29 30
27 28 31
25 28 33
29 33 4
26 27 33
30 31 32
4
{[25, 24, 19, 18, 0]}
{[9, 7, 3, 2, 0]}
34
10 12 13
17 19 6
20 6 30
17 4 22
3 13 21
14 12 6
1 2 5
8 20 24
7 16 10
10 11 14
0 9 8
15 9 12
0 11 5
0 4 14
9 13 5
11 18 25
8 18 19
1 3 18
15 16 17
16 1 20
7 2 19
23 24 4
23 25 3
21 22 27
21 26 7
22 31 15
24 28 32
23 29 32
26 29 30
27 28 31
28 33 2
25 29 33
26 27 33
30 31 32
5
{[25, 24, 19, 18, 0]}
{[6, 3, 2, 1, 0]}
34
10 12 13
17 19 6
20 6 26
17 4 23
3 13 21
14 12 6
1 2 5
8 20 22
7 16 10
10 11 14
0 9 8
15 9 12
0 11 5
0 4 14
9 13 5
11 18 25
8 18 19
1 3 18
15 16 17
16 1 20
7 2 19
22 24 4
21 27 7
24 25 3
21 23 31
23 30 15
28 32 2
22 29 32
26 29 30
27 28 31
25 28 33
24 29 33
26 27 33
30 31 32
6
{[25, 24, 19, 18, 0]}
{[9, 7, 3, 2, 0]}
34
10 12 13
17 19 6
20 6 21
17 4 24
3 13 30
14 12 6
1 2 5
8 20 22
7 16 10
10 11 14
0 9 8
15 9 12
0 11 5
0 4 14
9 13 5
11 18 25
8 18 19
1 3 18
15 16 17
16 1 20
7 2 19
23 24 2
23 25 7
21 22 27
21 26 3
22 31 15
24 28 32
23 29 32
26 29 30
27 28 31
28 33 4
25 29 33
26 27 33
30 31 32
7
{[25, 24, 19, 18, 0]}
{[5, 4, 2, 1, 0]}
34
10 12 13
17 19 6
20 6 23
17 4 24
3 13 27
14 12 6
1 2 5
8 20 21
7 16 10
10 11 14
0 9 8
15 9 12
0 11 5
0 4 14
9 13 5
11 18 22
8 18 19
1 3 18
15 16 17
16 1 20
7 2 19
22 25 7
21 26 15
24 25 2
23 31 3
21 23 30
22 28 32
29 32 4
26 29 30
27 28 31
25 28 33
24 29 33
26 27 33
30 31 32
8
{[25, 24, 19, 18, 0]}
{[8, 7, 4, 2, 0]}
34
10 12 13
17 19 6
20 6 31
17 4 21
3 13 22
14 12 6
1 2 5
8 20 25
7 16 10
10 11 14
0 9 8
15 9 12
0 11 5
0 4 14
9 13 5
11 18 23
8 18 19
1 3 18
15 16 17
16 1 20
7 2 19
23 24 3
24 25 4
21 27 15
21 22 26
22 30 7
24 28 32
23 29 32
26 29 30
27 28 31
25 28 33
29 33 2
26 27 33
30 31 32
9
{[25, 24, 19, 18, 0]}
{[16, 13, 12, 11, 10]}
34
10 12 13
17 19 6
20 6 26
17 4 27
3 13 31
14 12 6
1 2 5
8 20 33
7 16 10
10 11 14
0 9 8
15 9 12
0 11 5
0 4 14
9 13 5
11 18 32
8 18 19
1 3 18
15 16 17
16 1 20
7 2 19
23 24 25
23 26 27
21 22 28
21 27 30
21 26 29
22 25 2
22 24 3
23 29 30
25 28 32
24 28 31
30 33 4
29 33 15
31 32 7
10
{[25, 24, 19, 18, 0]}
{[17, 16, 14, 12, 10]}
34
10 12 13
17 19 6
20 6 27
17 4 30
3 13 33
14 12 6
1 2 5
8 20 32
7 16 10
10 11 14
0 9 8
15 9 12
0 11 5
0 4 14
9 13 5
11 18 31
8 18 19
1 3 18
15 16 17
16 1 20
7 2 19
23 24 25
23 26 27
21 22 28
21 27 30
21 26 29
22 25 31
22 24 2
23 29 30
25 28 33
24 28 3
26 32 15
31 33 7
29 32 4
11
{[25, 24, 19, 18, 0]}
{[16, 13, 12, 11, 10]}
34
10 12 13
17 19 6
20 6 31
17 4 33
3 13 26
14 12 6
1 2 5
8 20 27
7 16 10
10 11 14
0 9 8
15 9 12
0 11 5
0 4 14
9 13 5
11 18 32
8 18 19
1 3 18
15 16 17
16 1 20
7 2 19
23 24 25
23 26 27
21 22 28
21 27 30
21 26 29
22 25 4
22 24 7
23 29 30
25 28 32
24 28 31
30 33 2
29 33 15
31 32 3
12
{[25, 24, 19, 18, 0]}
{[17, 16, 14, 12, 10]}
34
10 12 13
17 19 6
20 6 33
17 4 32
3 13 27
14 12 6
1 2 5
8 20 30
7 16 10
10 11 14
0 9 8
15 9 12
0 11 5
0 4 14
9 13 5
11 18 31
8 18 19
1 3 18
15 16 17
16 1 20
7 2 19
23 24 25
23 26 27
21 22 28
21 27 30
21 26 29
22 25 31
22 24 4
23 29 30
25 28 33
24 28 7
26 32 15
31 33 3
29 32 2
13
{[25, 24, 19, 18, 0]}
{[17, 16, 15, 13, 11]}
34
10 12 13
17 19 6
20 6 31
17 4 32
3 13 29
14 12 6
1 2 5
8 20 26
7 16 10
10 11 14
0 9 8
15 9 12
0 11 5
0 4 14
9 13 5
11 18 33
8 18 19
1 3 18
15 16 17
16 1 20
7 2 19
23 24 25
23 26 27
21 22 28
21 27 30
21 26 29
22 25 7
22 24 31
23 29 30
25 28 4
24 28 33
27 32 2
31 33 3
30 32 15
14
{[25, 24, 19, 18, 0]}
{[17, 16, 15, 13, 11]}
34
10 12 13
17 19 6
20 6 29
17 4 26
3 13 31
14 12 6
1 2 5
8 20 32
7 16 10
10 11 14
0 9 8
15 9 12
0 11 5
0 4 14
9 13 5
11 18 33
8 18 19
1 3 18
15 16 17
16 1 20
7 2 19
23 24 25
23 26 27
21 22 28
21 27 30
21 26 29
22 25 3
22 24 31
23 29 30
25 28 2
24 28 33
27 32 4
31 33 7
30 32 15
15
{[25, 24, 19, 18, 0]}
{[17, 15, 14, 13, 12]}
34
10 12 13
17 19 6
20 6 32
17 4 33
3 13 30
14 12 6
1 2 5
8 20 29
7 16 10
10 11 14
0 9 8
15 9 12
0 11 5
0 4 14
9 13 5
11 18 31
8 18 19
1 3 18
15 16 17
16 1 20
7 2 19
23 24 25
23 26 27
21 22 28
21 27 30
21 26 29
22 25 32
22 24 31
23 29 30
25 28 7
24 28 4
27 33 15
26 33 2
31 32 3
16
{[25, 24, 19, 18, 0]}
{[17, 15, 14, 13, 12]}
34
10 12 13
17 19 6
20 6 30
17 4 29
3 13 32
14 12 6
1 2 5
8 20 33
7 16 10
10 11 14
0 9 8
15 9 12
0 11 5
0 4 14
9 13 5
11 18 31
8 18 19
1 3 18
15 16 17
16 1 20
7 2 19
23 24 25
23 26 27
21 22 28
21 27 30
21 26 29
22 25 32
22 24 31
23 29 30
25 28 3
24 28 2
27 33 15
26 33 4
31 32 7
17
{[25, 24, 19, 18, 0]}
{[5, 4, 2, 1, 0]}
34
10 12 13
17 19 6
20 6 23
17 4 24
3 13 27
14 12 6
1 2 5
8 20 21
7 16 10
10 11 14
0 9 8
15 9 12
0 11 5
0 4 14
9 13 5
11 18 22
8 18 19
1 3 18
15 16 17
16 1 20
7 2 19
22 25 7
21 26 15
24 25 2
23 31 3
21 23 30
22 28 32
29 32 4
26 29 30
27 28 31
25 28 33
24 29 33
26 27 33
30 31 32
18
{[25, 24, 19, 18, 0]}
{[6, 3, 2, 1, 0]}
34
10 12 13
17 19 6
20 6 26
17 4 23
3 13 21
14 12 6
1 2 5
8 20 22
7 16 10
10 11 14
0 9 8
15 9 12
0 11 5
0 4 14
9 13 5
11 18 25
8 18 19
1 3 18
15 16 17
16 1 20
7 2 19
22 24 4
21 27 7
24 25 3
21 23 31
23 30 15
28 32 2
22 29 32
26 29 30
27 28 31
25 28 33
24 29 33
26 27 33
30 31 32
19
{[25, 24, 19, 18, 0]}
{[8, 7, 4, 2, 0]}
34
10 12 13
17 19 6
20 6 31
17 4 21
3 13 22
14 12 6
1 2 5
8 20 25
7 16 10
10 11 14
0 9 8
15 9 12
0 11 5
0 4 14
9 13 5
11 18 23
8 18 19
1 3 18
15 16 17
16 1 20
7 2 19
23 24 3
24 25 4
21 27 15
21 22 26
22 30 7
24 28 32
23 29 32
26 29 30
27 28 31
25 28 33
29 33 2
26 27 33
30 31 32
20
{[25, 24, 19, 18, 0]}
{[9, 7, 3, 2, 0]}
34
10 12 13
17 19 6
20 6 21
17 4 24
3 13 30
14 12 6
1 2 5
8 20 22
7 16 10
10 11 14
0 9 8
15 9 12
0 11 5
0 4 14
9 13 5
11 18 25
8 18 19
1 3 18
15 16 17
16 1 20
7 2 19
23 24 2
23 25 7
21 22 27
21 26 3
22 31 15
24 28 32
23 29 32
26 29 30
27 28 31
28 33 4
25 29 33
26 27 33
30 31 32
21
{[25, 24, 19, 18, 0]}
{[6, 3, 2, 1, 0]}
34
10 12 13
17 19 6
20 6 21
17 4 22
3 13 26
14 12 6
1 2 5
8 20 23
7 16 10
10 11 14
0 9 8
15 9 12
0 11 5
0 4 14
9 13 5
11 18 25
8 18 19
1 3 18
15 16 17
16 1 20
7 2 19
22 24 2
21 27 3
24 25 7
21 23 31
23 30 15
28 32 4
22 29 32
26 29 30
27 28 31
25 28 33
24 29 33
26 27 33
30 31 32
22
{[25, 24, 19, 18, 0]}
{[9, 7, 3, 2, 0]}
34
10 12 13
17 19 6
20 6 30
17 4 22
3 13 21
14 12 6
1 2 5
8 20 24
7 16 10
10 11 14
0 9 8
15 9 12
0 11 5
0 4 14
9 13 5
11 18 25
8 18 19
1 3 18
15 16 17
16 1 20
7 2 19
23 24 4
23 25 3
21 22 27
21 26 7
22 31 15
24 28 32
23 29 32
26 29 30
27 28 31
28 33 2
25 29 33
26 27 33
30 31 32
23
{[25, 24, 19, 18, 0]}
{[5, 4, 2, 1, 0]}
34
10 12 13
17 19 6
20 6 27
17 4 21
3 13 23
14 12 6
1 2 5
8 20 24
7 16 10
10 11 14
0 9 8
15 9 12
0 11 5
0 4 14
9 13 5
11 18 22
8 18 19
1 3 18
15 16 17
16 1 20
7 2 19
22 25 3
21 26 15
24 25 4
23 31 7
21 23 30
22 28 32
29 32 2
26 29 30
27 28 31
25 28 33
24 29 33
26 27 33
30 31 32
24
{[25, 24, 19, 18, 0]}
{[8, 7, 4, 2, 0]}
34
10 12 13
17 19 6
20 6 22
17 4 25
3 13 31
14 12 6
1 2 5
8 20 21
7 16 10
10 11 14
0 9 8
15 9 12
0 11 5
0 4 14
9 13 5
11 18 23
8 18 19
1 3 18
15 16 17
16 1 20
7 2 19
23 24 7
24 25 2
21 27 15
21 22 26
22 30 3
24 28 32
23 29 32
26 29 30
27 28 31
25 28 33
29 33 4
26 27 33
30 31 32
25
{[25, 24, 19, 18, 0]}
{[16, 13, 12, 11, 10]}
34
10 12 13
17 19 6
20 6 31
17 4 33
3 13 26
14 12 6
1 2 5
8 20 27
7 16 10
10 11 14
0 9 8
15 9 12
0 11 5
0 4 14
9 13 5
11 18 32
8 18 19
1 3 18
15 16 17
16 1 20
7 2 19
23 24 25
23 26 27
21 22 28
21 27 30
21 26 29
22 25 4
22 24 7
23 29 30
25 28 32
24 28 31
30 33 2
29 33 15
31 32 3
26
{[25, 24, 19, 18, 0]}
{[17, 16, 14, 12, 10]}
34
10 12 13
17 19 6
20 6 33
17 4 32
3 13 27
14 12 6
1 2 5
8 20 30
7 16 10
10 11 14
0 9 8
15 9 12
0 11 5
0 4 14
9 13 5
11 18 31
8 18 19
1 3 18
15 16 17
16 1 20
7 2 19
23 24 25
23 26 27
21 22 28
21 27 30
21 26 29
22 25 31
22 24 4
23 29 30
25 28 33
24 28 7
26 32 15
31 33 3
29 32 2
27
{[25, 24, 19, 18, 0]}
{[16, 13, 12, 11, 10]}
34
10 12 13
17 19 6
20 6 26
17 4 27
3 13 31
14 12 6
1 2 5
8 20 33
7 16 10
10 11 14
0 9 8
15 9 12
0 11 5
0 4 14
9 13 5
11 18 32
8 18 19
1 3 18
15 16 17
16 1 20
7 2 19
23 24 25
23 26 27
21 22 28
21 27 30
21 26 29
22 25 2
22 24 3
23 29 30
25 28 32
24 28 31
30 33 4
29 33 15
31 32 7
28
{[25, 24, 19, 18, 0]}
{[17, 16, 14, 12, 10]}
34
10 12 13
17 19 6
20 6 27
17 4 30
3 13 33
14 12 6
1 2 5
8 20 32
7 16 10
10 11 14
0 9 8
15 9 12
0 11 5
0 4 14
9 13 5
11 18 31
8 18 19
1 3 18
15 16 17
16 1 20
7 2 19
23 24 25
23 26 27
21 22 28
21 27 30
21 26 29
22 25 31
22 24 2
23 29 30
25 28 33
24 28 3
26 32 15
31 33 7
29 32 4
29
{[25, 24, 19, 18, 0]}
{[17, 16, 15, 13, 11]}
34
10 12 13
17 19 6
20 6 29
17 4 26
3 13 31
14 12 6
1 2 5
8 20 32
7 16 10
10 11 14
0 9 8
15 9 12
0 11 5
0 4 14
9 13 5
11 18 33
8 18 19
1 3 18
15 16 17
16 1 20
7 2 19
23 24 25
23 26 27
21 22 28
21 27 30
21 26 29
22 25 3
22 24 31
23 29 30
25 28 2
24 28 33
27 32 4
31 33 7
30 32 15
30
{[25, 24, 19, 18, 0]}
{[17, 16, 15, 13, 11]}
34
10 12 13
17 19 6
20 6 31
17 4 32
3 13 29
14 12 6
1 2 5
8 20 26
7 16 10
10 11 14
0 9 8
15 9 12
0 11 5
0 4 14
9 13 5
11 18 33
8 18 19
1 3 18
15 16 17
16 1 20
7 2 19
23 24 25
23 26 27
21 22 28
21 27 30
21 26 29
22 25 7
22 24 31
23 29 30
25 28 4
24 28 33
27 32 2
31 33 3
30 32 15
31
{[25, 24, 19, 18, 0]}
{[17, 15, 14, 13, 12]}
34
10 12 13
17 19 6
20 6 30
17 4 29
3 13 32
14 12 6
1 2 5
8 20 33
7 16 10
10 11 14
0 9 8
15 9 12
0 11 5
0 4 14
9 13 5
11 18 31
8 18 19
1 3 18
15 16 17
16 1 20
7 2 19
23 24 25
23 26 27
21 22 28
21 27 30
21 26 29
22 25 32
22 24 31
23 29 30
25 28 3
24 28 2
27 33 15
26 33 4
31 32 7
32
{[25, 24, 19, 18, 0]}
{[17, 15, 14, 13, 12]}
34
10 12 13
17 19 6
20 6 32
17 4 33
3 13 30
14 12 6
1 2 5
8 20 29
7 16 10
10 11 14
0 9 8
15 9 12
0 11 5
0 4 14
9 13 5
11 18 31
8 18 19
1 3 18
15 16 17
16 1 20
7 2 19
23 24 25
23 26 27
21 22 28
21 27 30
21 26 29
22 25 32
22 24 31
23 29 30
25 28 7
24 28 4
27 33 15
26 33 2
31 32 3
33
{[13, 12, 11, 10, 1]}
{[5, 4, 2, 1, 0]}
34
11 19 13
15 17 6
20 18 6
19 15 4
14 3 9
10 6 22
1 2 5
8 13 18
7 12 23
4 10 24
9 5 27
0 16 21
8 16 17
0 7 14
20 13 4
1 3 16
11 12 15
12 1 18
7 2 17
0 20 3
14 19 2
22 25 11
21 26 5
24 25 8
23 31 9
21 23 30
22 28 32
29 32 10
26 29 30
27 28 31
25 28 33
24 29 33
26 27 33
30 31 32
34
{[13, 12, 11, 10, 1]}
{[6, 3, 2, 1, 0]}
34
11 19 13
15 17 6
20 18 6
19 15 4
14 3 9
10 6 25
1 2 5
8 13 18
7 12 26
4 10 23
9 5 21
0 16 22
8 16 17
0 7 14
20 13 4
1 3 16
11 12 15
12 1 18
7 2 17
0 20 3
14 19 2
22 24 10
21 27 11
24 25 9
21 23 31
23 30 5
28 32 8
22 29 32
26 29 30
27 28 31
25 28 33
24 29 33
26 27 33
30 31 32
35
{[13, 12, 11, 10, 1]}
{[8, 7, 4, 2, 0]}
34
11 19 13
15 17 6
20 18 6
19 15 4
14 3 9
10 6 23
1 2 5
8 13 18
7 12 31
4 10 21
9 5 22
0 16 25
8 16 17
0 7 14
20 13 4
1 3 16
11 12 15
12 1 18
7 2 17
0 20 3
14 19 2
23 24 9
24 25 10
21 27 5
21 22 26
22 30 11
24 28 32
23 29 32
26 29 30
27 28 31
25 28 33
29 33 8
26 27 33
30 31 32
36
{[13, 12, 11, 10, 1]}
{[9, 7, 3, 2, 0]}
34
11 19 13
15 17 6
20 18 6
19 15 4
14 3 9
10 6 25
1 2 5
8 13 18
7 12 21
4 10 24
9 5 30
0 16 22
8 16 17
0 7 14
20 13 4
1 3 16
11 12 15
12 1 18
7 2 17
0 20 3
14 19 2
23 24 8
23 25 11
21 22 27
21 26 9
22 31 5
24 28 32
23 29 32
26 29 30
27 28 31
28 33 10
25 29 33
26 27 33
30 31 32
37
{[13, 12, 11, 10, 1]}
{[6, 3, 2, 1, 0]}
34
11 19 13
15 17 6
20 18 6
19 15 4
14 3 9
10 6 25
1 2 5
8 13 18
7 12 21
4 10 22
9 5 26
0 16 23
8 16 17
0 7 14
20 13 4
1 3 16
11 12 15
12 1 18
7 2 17
0 20 3
14 19 2
22 24 8
21 27 9
24 25 11
21 23 31
23 30 5
28 32 10
22 29 32
26 29 30
27 28 31
25 28 33
24 29 33
26 27 33
30 31 32
38
{[13, 12, 11, 10, 1]}
{[9, 7, 3, 2, 0]}
34
11 19 13
15 17 6
20 18 6
19 15 4
14 3 9
10 6 25
1 2 5
8 13 18
7 12 30
4 10 22
9 5 21
0 16 24
8 16 17
0 7 14
20 13 4
1 3 16
11 12 15
12 1 18
7 2 17
0 20 3
14 19 2
23 24 10
23 25 9
21 22 27
21 26 11
22 31 5
24 28 32
23 29 32
26 29 30
27 28 31
28 33 8
25 29 33
26 27 33
30 31 32
39
{[13, 12, 11, 10, 1]}
{[5, 4, 2, 1, 0]}
34
11 19 13
15 17 6
20 18 6
19 15 4
14 3 9
10 6 22
1 2 5
8 13 18
7 12 27
4 10 21
9 5 23
0 16 24
8 16 17
0 7 14
20 13 4
1 3 16
11 12 15
12 1 18
7 2 17
0 20 3
14 19 2
22 25 9
21 26 5
24 25 10
23 31 11
21 23 30
22 28 32
29 32 8
26 29 30
27 28 31
25 28 33
24 29 33
26 27 33
30 31 32
40
{[13, 12, 11, 10, 1]}
{[8, 7, 4, 2, 0]}
34
11 19 13
15 17 6
20 18 6
19 15 4
14 3 9
10 6 23
1 2 5
8 13 18
7 12 22
4 10 25
9 5 31
0 16 21
8 16 17
0 7 14
20 13 4
1 3 16
11 12 15
12 1 18
7 2 17
0 20 3
14 19 2
23 24 11
24 25 8
21 27 5
21 22 26
22 30 9
24 28 32
23 29 32
26 29 30
27 28 31
25 28 33
29 33 10
26 27 33
30 31 32
41
{[13, 12, 11, 10, 1]}
{[16, 13, 12, 11, 10]}
34
11 19 13
15 17 6
20 18 6
19 15 4
14 3 9
10 6 32
1 2 5
8 13 18
7 12 31
4 10 33
9 5 26
0 16 27
8 16 17
0 7 14
20 13 4
1 3 16
11 12 15
12 1 18
7 2 17
0 20 3
14 19 2
23 24 25
23 26 27
21 22 28
21 27 30
21 26 29
22 25 10
22 24 11
23 29 30
25 28 32
24 28 31
30 33 8
29 33 5
31 32 9
42
{[13, 12, 11, 10, 1]}
{[17, 16, 14, 12, 10]}
34
11 19 13
15 17 6
20 18 6
19 15 4
14 3 9
10 6 31
1 2 5
8 13 18
7 12 33
4 10 32
9 5 27
0 16 30
8 16 17
0 7 14
20 13 4
1 3 16
11 12 15
12 1 18
7 2 17
0 20 3
14 19 2
23 24 25
23 26 27
21 22 28
21 27 30
21 26 29
22 25 31
22 24 10
23 29 30
25 28 33
24 28 11
26 32 5
31 33 9
29 32 8
43
{[13, 12, 11, 10, 1]}
{[16, 13, 12, 11, 10]}
34
11 19 13
15 17 6
20 18 6
19 15 4
14 3 9
10 6 32
1 2 5
8 13 18
7 12 26
4 10 27
9 5 31
0 16 33
8 16 17
0 7 14
20 13 4
1 3 16
11 12 15
12 1 18
7 2 17
0 20 3
14 19 2
23 24 25
23 26 27
21 22 28
21 27 30
21 26 29
22 25 8
22 24 9
23 29 30
25 28 32
24 28 31
30 33 10
29 33 5
31 32 11
44
{[13, 12, 11, 10, 1]}
{[17, 16, 14, 12, 10]}
34
11 19 13
15 17 6
20 18 6
19 15 4
14 3 9
10 6 31
1 2 5
8 13 18
7 12 27
4 10 30
9 5 33
0 16 32
8 16 17
0 7 14
20 13 4
1 3 16
11 12 15
12 1 18
7 2 17
0 20 3
14 19 2
23 24 25
23 26 27
21 22 28
21 27 30
21 26 29
22 25 31
22 24 8
23 29 30
25 28 33
24 28 9
26 32 5
31 33 11
29 32 10
45
{[13, 12, 11, 10, 1]}
{[17, 16, 15, 13, 11]}
34
11 19 13
15 17 6
20 18 6
19 15 4
14 3 9
10 6 33
1 2 5
8 13 18
7 12 29
4 10 26
9 5 31
0 16 32
8 16 17
0 7 14
20 13 4
1 3 16
11 12 15
12 1 18
7 2 17
0 20 3
14 19 2
23 24 25
23 26 27
21 22 28
21 27 30
21 26 29
22 25 9
22 24 31
23 29 30
25 28 8
24 28 33
27 32 10
31 33 11
30 32 5
46
{[13, 12, 11, 10, 1]}
{[17, 16, 15, 13, 11]}
34
11 19 13
15 17 6
20 18 6
19 15 4
14 3 9
10 6 33
1 2 5
8 13 18
7 12 31
4 10 32
9 5 29
0 16 26
8 16 17
0 7 14
20 13 4
1 3 16
11 12 15
12 1 18
7 2 17
0 20 3
14 19 2
23 24 25
23 26 27
21 22 28
21 27 30
21 26 29
22 25 11
22 24 31
23 29 30
25 28 10
24 28 33
27 32 8
31 33 9
30 32 5
47
{[13, 12, 11, 10, 1]}
{[17, 15, 14, 13, 12]}
34
11 19 13
15 17 6
20 18 6
19 15 4
14 3 9
10 6 31
1 2 5
8 13 18
7 12 30
4 10 29
9 5 32
0 16 33
8 16 17
0 7 14
20 13 4
1 3 16
11 12 15
12 1 18
7 2 17
0 20 3
14 19 2
23 24 25
23 26 27
21 22 28
21 27 30
21 26 29
22 25 32
22 24 31
23 29 30
25 28 9
24 28 8
27 33 5
26 33 10
31 32 11
48
{[13, 12, 11, 10, 1]}
{[17, 15, 14, 13, 12]}
34
11 19 13
15 17 6
20 18 6
19 15 4
14 3 9
10 6 31
1 2 5
8 13 18
7 12 32
4 10 33
9 5 30
0 16 29
8 16 17
0 7 14
20 13 4
1 3 16
11 12 15
12 1 18
7 2 17
0 20 3
14 19 2
23 24 25
23 26 27
21 22 28
21 27 30
21 26 29
22 25 32
22 24 31
23 29 30
25 28 11
24 28 10
27 33 5
26 33 8
31 32 9
49
{[15, 14, 11, 10, 1]}
{[5, 4, 2, 1, 0]}
34
11 19 13
15 17 6
20 18 6
19 15 4
14 3 23
10 6 24
1 2 5
8 13 18
7 12 21
11 10 22
9 5 27
0 9 16
8 16 17
0 7 14
20 13 4
1 3 16
11 12 15
12 1 18
7 2 17
0 20 3
14 19 2
22 25 8
21 26 9
24 25 4
23 31 5
21 23 30
22 28 32
29 32 10
26 29 30
27 28 31
25 28 33
24 29 33
26 27 33
30 31 32
50
{[15, 14, 11, 10, 1]}
{[6, 3, 2, 1, 0]}
34
11 19 13
15 17 6
20 18 6
19 15 4
14 3 26
10 6 23
1 2 5
8 13 18
7 12 22
11 10 25
9 5 21
0 9 16
8 16 17
0 7 14
20 13 4
1 3 16
11 12 15
12 1 18
7 2 17
0 20 3
14 19 2
22 24 10
21 27 8
24 25 5
21 23 31
23 30 9
28 32 4
22 29 32
26 29 30
27 28 31
25 28 33
24 29 33
26 27 33
30 31 32
51
{[15, 14, 11, 10, 1]}
{[8, 7, 4, 2, 0]}
34
11 19 13
15 17 6
20 18 6
19 15 4
14 3 31
10 6 21
1 2 5
8 13 18
7 12 25
11 10 23
9 5 22
0 9 16
8 16 17
0 7 14
20 13 4
1 3 16
11 12 15
12 1 18
7 2 17
0 20 3
14 19 2
23 24 5
24 25 10
21 27 9
21 22 26
22 30 8
24 28 32
23 29 32
26 29 30
27 28 31
25 28 33
29 33 4
26 27 33
30 31 32
52
{[15, 14, 11, 10, 1]}
{[9, 7, 3, 2, 0]}
34
11 19 13
15 17 6
20 18 6
19 15 4
14 3 21
10 6 24
1 2 5
8 13 18
7 12 22
11 10 25
9 5 30
0 9 16
8 16 17
0 7 14
20 13 4
1 3 16
11 12 15
12 1 18
7 2 17
0 20 3
14 19 2
23 24 4
23 25 8
21 22 27
21 26 5
22 31 9
24 28 32
23 29 32
26 29 30
27 28 31
28 33 10
25 29 33
26 27 33
30 31 32
53
{[15, 14, 11, 10, 1]}
{[6, 3, 2, 1, 0]}
34
11 19 13
15 17 6
20 18 6
19 15 4
14 3 21
10 6 22
1 2 5
8 13 18
7 12 23
11 10 25
9 5 26
0 9 16
8 16 17
0 7 14
20 13 4
1 3 16
11 12 15
12 1 18
7 2 17
0 20 3
14 19 2
22 24 4
21 27 5
24 25 8
21 23 31
23 30 9
28 32 10
22 29 32
26 29 30
27 28 31
25 28 33
24 29 33
26 27 33
30 31 32
54
{[15, 14, 11, 10, 1]}
{[9, 7, 3, 2, 0]}
34
11 19 13
15 17 6
20 18 6
19 15 4
14 3 30
10 6 22
1 2 5
8 13 18
7 12 24
11 10 25
9 5 21
0 9 16
8 16 17
0 7 14
20 13 4
1 3 16
11 12 15
12 1 18
7 2 17
0 20 3
14 19 2
23 24 10
23 25 5
21 22 27
21 26 8
22 31 9
24 28 32
23 29 32
26 29 30
27 28 31
28 33 4
25 29 33
26 27 33
30 31 32
55
{[15, 14, 11, 10, 1]}
{[5, 4, 2, 1, 0]}
34
11 19 13
15 17 6
20 18 6
19 15 4
14 3 27
10 6 21
1 2 5
8 13 18
7 12 24
11 10 22
9 5 23
0 9 16
8 16 17
0 7 14
20 13 4
1 3 16
11 12 15
12 1 18
7 2 17
0 20 3
14 19 2
22 25 5
21 26 9
24 25 10
23 31 8
21 23 30
22 28 32
29 32 4
26 29 30
27 28 31
25 28 33
24 29 33
26 27 33
30 31 32
56
{[15, 14, 11, 10, 1]}
{[8, 7, 4, 2, 0]}
34
11 19 13
15 17 6
20 18 6
19 15 4
14 3 22
10 6 25
1 2 5
8 13 18
7 12 21
11 10 23
9 5 31
0 9 16
8 16 17
0 7 14
20 13 4
1 3 16
11 12 15
12 1 18
7 2 17
0 20 3
14 19 2
23 24 8
24 25 4
21 27 9
21 22 26
22 30 5
24 28 32
23 29 32
26 29 30
27 28 31
25 28 33
29 33 10
26 27 33
30 31 32
57
{[15, 14, 11, 10, 1]}
{[16, 13, 12, 11, 10]}
34
11 19 13
15 17 6
20 18 6
19 15 4
14 3 31
10 6 33
1 2 5
8 13 18
7 12 27
11 10 32
9 5 26
0 9 16
8 16 17
0 7 14
20 13 4
1 3 16
11 12 15
12 1 18
7 2 17
0 20 3
14 19 2
23 24 25
23 26 27
21 22 28
21 27 30
21 26 29
22 25 10
22 24 8
23 29 30
25 28 32
24 28 31
30 33 4
29 33 9
31 32 5
58
{[15, 14, 11, 10, 1]}
{[17, 16, 14, 12, 10]}
34
11 19 13
15 17 6
20 18 6
19 15 4
14 3 33
10 6 32
1 2 5
8 13 18
7 12 30
11 10 31
9 5 27
0 9 16
8 16 17
0 7 14
20 13 4
1 3 16
11 12 15
12 1 18
7 2 17
0 20 3
14 19 2
23 24 25
23 26 27
21 22 28
21 27 30
21 26 29
22 25 31
22 24 10
23 29 30
25 28 33
24 28 8
26 32 9
31 33 5
29 32 4
59
{[15, 14, 11, 10, 1]}
{[16, 13, 12, 11, 10]}
34
11 19 13
15 17 6
20 18 6
19 15 4
14 3 26
10 6 27
1 2 5
8 13 18
7 12 33
11 10 32
9 5 31
0 9 16
8 16 17
0 7 14
20 13 4
1 3 16
11 12 15
12 1 18
7 2 17
0 20 3
14 19 2
23 24 25
23 26 27
21 22 28
21 27 30
21 26 29
22 25 4
22 24 5
23 29 30
25 28 32
24 28 31
30 33 10
29 33 9
31 32 8
60
{[15, 14, 11, 10, 1]}
{[17, 16, 14, 12, 10]}
34
11 19 13
15 17 6
20 18 6
19 15 4
14 3 27
10 6 30
1 2 5
8 13 18
7 12 32
11 10 31
9 5 33
0 9 16
8 16 17
0 7 14
20 13 4
1 3 16
11 12 15
12 1 18
7 2 17
0 20 3
14 19 2
23 24 25
23 26 27
21 22 28
21 27 30
21 26 29
22 25 31
22 24 4
23 29 30
25 28 33
24 28 5
26 32 9
31 33 8
29 32 10
61
{[15, 14, 11, 10, 1]}
{[17, 16, 15, 13, 11]}
34
11 19 13
15 17 6
20 18 6
19 15 4
14 3 29
10 6 26
1 2 5
8 13 18
7 12 32
11 10 33
9 5 31
0 9 16
8 16 17
0 7 14
20 13 4
1 3 16
11 12 15
12 1 18
7 2 17
0 20 3
14 19 2
23 24 25
23 26 27
21 22 28
21 27 30
21 26 29
22 25 5
22 24 31
23 29 30
25 28 4
24 28 33
27 32 10
31 33 8
30 32 9
62
{[15, 14, 11, 10, 1]}
{[17, 16, 15, 13, 11]}
34
11 19 13
15 17 6
20 18 6
19 15 4
14 3 31
10 6 32
1 2 5
8 13 18
7 12 26
11 10 33
9 5 29
0 9 16
8 16 17
0 7 14
20 13 4
1 3 16
11 12 15
12 1 18
7 2 17
0 20 3
14 19 2
23 24 25
23 26 27
21 22 28
21 27 30
21 26 29
22 25 8
22 24 31
23 29 30
25 28 10
24 28 33
27 32 4
31 33 5
30 32 9
63
{[15, 14, 11, 10, 1]}
{[17, 15, 14, 13, 12]}
34
11 19 13
15 17 6
20 18 6
19 15 4
14 3 30
10 6 29
1 2 5
8 13 18
7 12 33
11 10 31
9 5 32
0 9 16
8 16 17
0 7 14
20 13 4
1 3 16
11 12 15
12 1 18
7 2 17
0 20 3
14 19 2
23 24 25
23 26 27
21 22 28
21 27 30
21 26 29
22 25 32
22 24 31
23 29 30
25 28 5
24 28 4
27 33 9
26 33 10
31 32 8
64
{[15, 14, 11, 10, 1]}
{[17, 15, 14, 13, 12]}
34
11 19 13
15 17 6
20 18 6
19 15 4
14 3 32
10 6 33
1 2 5
8 13 18
7 12 29
11 10 31
9 5 30
0 9 16
8 16 17
0 7 14
20 13 4
1 3 16
11 12 15
12 1 18
7 2 17
0 20 3
14 19 2
23 24 25
23 26 27
21 22 28
21 27 30
21 26 29
22 25 32
22 24 31
23 29 30
25 28 8
24 28 10
27 33 9
26 33 4
31 32 5
65
{[15, 14, 13, 6, 1]}
{[5, 4, 2, 1, 0]}
34
11 19 13
15 17 5
20 18 5
19 15 4
14 3 21
1 2 23
7 13 18
6 12 9
9 10 27
8 7 22
11 8 24
0 10 16
7 16 17
0 6 14
20 13 4
1 3 16
11 12 15
12 1 18
6 2 17
0 20 3
14 19 2
22 25 4
21 26 9
24 25 5
23 31 10
21 23 30
22 28 32
29 32 8
26 29 30
27 28 31
25 28 33
24 29 33
26 27 33
30 31 32
66
{[15, 14, 13, 6, 1]}
{[6, 3, 2, 1, 0]}
34
11 19 13
15 17 5
20 18 5
19 15 4
14 3 22
1 2 26
7 13 18
6 12 9
9 10 21
8 7 25
11 8 23
0 10 16
7 16 17
0 6 14
20 13 4
1 3 16
11 12 15
12 1 18
6 2 17
0 20 3
14 19 2
22 24 8
21 27 4
24 25 10
21 23 31
23 30 9
28 32 5
22 29 32
26 29 30
27 28 31
25 28 33
24 29 33
26 27 33
30 31 32
67
{[15, 14, 13, 6, 1]}
{[8, 7, 4, 2, 0]}
34
11 19 13
15 17 5
20 18 5
19 15 4
14 3 25
1 2 31
7 13 18
6 12 9
9 10 22
8 7 23
11 8 21
0 10 16
7 16 17
0 6 14
20 13 4
1 3 16
11 12 15
12 1 18
6 2 17
0 20 3
14 19 2
23 24 10
24 25 8
21 27 9
21 22 26
22 30 4
24 28 32
23 29 32
26 29 30
27 28 31
25 28 33
29 33 5
26 27 33
30 31 32
68
{[15, 14, 13, 6, 1]}
{[9, 7, 3, 2, 0]}
34
11 19 13
15 17 5
20 18 5
19 15 4
14 3 22
1 2 21
7 13 18
6 12 9
9 10 30
8 7 25
11 8 24
0 10 16
7 16 17
0 6 14
20 13 4
1 3 16
11 12 15
12 1 18
6 2 17
0 20 3
14 19 2
23 24 5
23 25 4
21 22 27
21 26 10
22 31 9
24 28 32
23 29 32
26 29 30
27 28 31
28 33 8
25 29 33
26 27 33
30 31 32
69
{[15, 14, 13, 6, 1]}
{[6, 3, 2, 1, 0]}
34
11 19 13
15 17 5
20 18 5
19 15 4
14 3 23
1 2 21
7 13 18
6 12 9
9 10 26
8 7 25
11 8 22
0 10 16
7 16 17
0 6 14
20 13 4
1 3 16
11 12 15
12 1 18
6 2 17
0 20 3
14 19 2
22 24 5
21 27 10
24 25 4
21 23 31
23 30 9
28 32 8
22 29 32
26 29 30
27 28 31
25 28 33
24 29 33
26 27 33
30 31 32
70
{[15, 14, 13, 6, 1]}
{[9, 7, 3, 2, 0]}
34
11 19 13
15 17 5
20 18 5
19 15 4
14 3 24
1 2 30
7 13 18
6 12 9
9 10 21
8 7 25
11 8 22
0 10 16
7 16 17
0 6 14
20 13 4
1 3 16
11 12 15
12 1 18
6 2 17
0 20 3
14 19 2
23 24 8
23 25 10
21 22 27
21 26 4
22 31 9
24 28 32
23 29 32
26 29 30
27 28 31
28 33 5
25 29 33
26 27 33
30 31 32
71
{[15, 14, 13, 6, 1]}
{[5, 4, 2, 1, 0]}
34
11 19 13
15 17 5
20 18 5
19 15 4
14 3 24
1 2 27
7 13 18
6 12 9
9 10 23
8 7 22
11 8 21
0 10 16
7 16 17
0 6 14
20 13 4
1 3 16
11 12 15
12 1 18
6 2 17
0 20 3
14 19 2
22 25 10
21 26 9
24 25 8
23 31 4
21 23 30
22 28 32
29 32 5
26 29 30
27 28 31
25 28 33
24 29 33
26 27 33
30 31 32
72
{[15, 14, 13, 6, 1]}
{[8, 7, 4, 2, 0]}
34
11 19 13
15 17 5
20 18 5
19 15 4
14 3 21
1 2 22
7 13 18
6 12 9
9 10 31
8 7 23
11 8 25
0 10 16
7 16 17
0 6 14
20 13 4
1 3 16
11 12 15
12 1 18
6 2 17
0 20 3
14 19 2
23 24 4
24 25 5
21 27 9
21 22 26
22 30 10
24 28 32
23 29 32
26 29 30
27 28 31
25 28 33
29 33 8
26 27 33
30 31 32
73
{[15, 14, 13, 6, 1]}
{[16, 13, 12, 11, 10]}
34
11 19 13
15 17 5
20 18 5
19 15 4
14 3 27
1 2 31
7 13 18
6 12 9
9 10 26
8 7 32
11 8 33
0 10 16
7 16 17
0 6 14
20 13 4
1 3 16
11 12 15
12 1 18
6 2 17
0 20 3
14 19 2
23 24 25
23 26 27
21 22 28
21 27 30
21 26 29
22 25 8
22 24 4
23 29 30
25 28 32
24 28 31
30 33 5
29 33 9
31 32 10
74
{[15, 14, 13, 6, 1]}
{[17, 16, 14, 12, 10]}
34
11 19 13
15 17 5
20 18 5
19 15 4
14 3 30
1 2 33
7 13 18
6 12 9
9 10 27
8 7 31
11 8 32
0 10 16
7 16 17
0 6 14
20 13 4
1 3 16
11 12 15
12 1 18
6 2 17
0 20 3
14 19 2
23 24 25
23 26 27
21 22 28
21 27 30
21 26 29
22 25 31
22 24 8
23 29 30
25 28 33
24 28 4
26 32 9
31 33 10
29 32 5
75
{[15, 14, 13, 6, 1]}
{[16, 13, 12, 11, 10]}
34
11 19 13
15 17 5
20 18 5
19 15 4
14 3 33
1 2 26
7 13 18
6 12 9
9 10 31
8 7 32
11 8 27
0 10 16
7 16 17
0 6 14
20 13 4
1 3 16
11 12 15
12 1 18
6 2 17
0 20 3
14 19 2
23 24 25
23 26 27
21 22 28
21 27 30
21 26 29
22 25 5
22 24 10
23 29 30
25 28 32
24 28 31
30 33 8
29 33 9
31 32 4
76
{[15, 14, 13, 6, 1]}
{[17, 16, 14, 12, 10]}
34
11 19 13
15 17 5
20 18 5
19 15 4
14 3 32
1 2 27
7 13 18
6 12 9
9 10 33
8 7 31
11 8 30
0 10 16
7 16 17
0 6 14
20 13 4
1 3 16
11 12 15
12 1 18
6 2 17
0 20 3
14 19 2
23 24 25
23 26 27
21 22 28
21 27 30
21 26 29
22 25 31
22 24 5
23 29 30
25 28 33
24 28 10
26 32 9
31 33 4
29 32 8
77
{[15, 14, 13, 6, 1]}
{[17, 16, 15, 13, 11]}
34
11 19 13
15 17 5
20 18 5
19 15 4
14 3 32
1 2 29
7 13 18
6 12 9
9 10 31
8 7 33
11 8 26
0 10 16
7 16 17
0 6 14
20 13 4
1 3 16
11 12 15
12 1 18
6 2 17
0 20 3
14 19 2
23 24 25
23 26 27
21 22 28
21 27 30
21 26 29
22 25 10
22 24 31
23 29 30
25 28 5
24 28 33
27 32 8
31 33 4
30 32 9
78
{[15, 14, 13, 6, 1]}
{[17, 16, 15, 13, 11]}
34
11 19 13
15 17 5
20 18 5
19 15 4
14 3 26
1 2 31
7 13 18
6 12 9
9 10 29
8 7 33
11 8 32
0 10 16
7 16 17
0 6 14
20 13 4
1 3 16
11 12 15
12 1 18
6 2 17
0 20 3
14 19 2
23 24 25
23 26 27
21 22 28
21 27 30
21 26 29
22 25 4
22 24 31
23 29 30
25 28 8
24 28 33
27 32 5
31 33 10
30 32 9
79
{[15, 14, 13, 6, 1]}
{[17, 15, 14, 13, 12]}
34
11 19 13
15 17 5
20 18 5
19 15 4
14 3 33
1 2 30
7 13 18
6 12 9
9 10 32
8 7 31
11 8 29
0 10 16
7 16 17
0 6 14
20 13 4
1 3 16
11 12 15
12 1 18
6 2 17
0 20 3
14 19 2
23 24 25
23 26 27
21 22 28
21 27 30
21 26 29
22 25 32
22 24 31
23 29 30
25 28 10
24 28 5
27 33 9
26 33 8
31 32 4
80
{[15, 14, 13, 6, 1]}
{[17, 15, 14, 13, 12]}
34
11 19 13
15 17 5
20 18 5
19 15 4
14 3 29
1 2 32
7 13 18
6 12 9
9 10 30
8 7 31
11 8 33
0 10 16
7 16 17
0 6 14
20 13 4
1 3 16
11 12 15
12 1 18
6 2 17
0 20 3
14 19 2
23 24 25
23 26 27
21 22 28
21 27 30
21 26 29
22 25 32
22 24 31
23 29 30
25 28 4
24 28 8
27 33 9
26 33 5
31 32 10
81
{[13, 12, 11, 10, 1]}
{[5, 4, 2, 1, 0]}
34
11 19 13
15 17 6
20 18 6
19 15 4
14 3 9
10 6 22
1 2 5
8 13 18
7 12 27
4 10 21
9 5 23
0 16 24
8 16 17
0 7 14
20 13 4
1 3 16
11 12 15
12 1 18
7 2 17
0 20 3
14 19 2
22 25 9
21 26 5
24 25 10
23 31 11
21 23 30
22 28 32
29 32 8
26 29 30
27 28 31
25 28 33
24 29 33
26 27 33
30 31 32
82
{[13, 12, 11, 10, 1]}
{[6, 3, 2, 1, 0]}
34
11 19 13
15 17 6
20 18 6
19 15 4
14 3 9
10 6 25
1 2 5
8 13 18
7 12 21
4 10 22
9 5 26
0 16 23
8 16 17
0 7 14
20 13 4
1 3 16
11 12 15
12 1 18
7 2 17
0 20 3
14 19 2
22 24 8
21 27 9
24 25 11
21 23 31
23 30 5
28 32 10
22 29 32
26 29 30
27 28 31
25 28 33
24 29 33
26 27 33
30 31 32
83
{[13, 12, 11, 10, 1]}
{[8, 7, 4, 2, 0]}
34
11 19 13
15 17 6
20 18 6
19 15 4
14 3 9
10 6 23
1 2 5
8 13 18
7 12 22
4 10 25
9 5 31
0 16 21
8 16 17
0 7 14
20 13 4
1 3 16
11 12 15
12 1 18
7 2 17
0 20 3
14 19 2
23 24 11
24 25 8
21 27 5
21 22 26
22 30 9
24 28 32
23 29 32
26 29 30
27 28 31
25 28 33
29 33 10
26 27 33
30 31 32
84
{[13, 12, 11, 10, 1]}
{[9, 7, 3, 2, 0]}
34
11 19 13
15 17 6
20 18 6
19 15 4
14 3 9
10 6 25
1 2 5
8 13 18
7 12 30
4 10 22
9 5 21
0 16 24
8 16 17
0 7 14
20 13 4
1 3 16
11 12 15
12 1 18
7 2 17
0 20 3
14 19 2
23 24 10
23 25 9
21 22 27
21 26 11
22 31 5
24 28 32
23 29 32
26 29 30
27 28 31
28 33 8
25 29 33
26 27 33
30 31 32
85
{[13, 12, 11, 10, 1]}
{[6, 3, 2, 1, 0]}
34
11 19 13
15 17 6
20 18 6
19 15 4
14 3 9
10 6 25
1 2 5
8 13 18
7 12 26
4 10 23
9 5 21
0 16 22
8 16 17
0 7 14
20 13 4
1 3 16
11 12 15
12 1 18
7 2 17
0 20 3
14 19 2
22 24 10
21 27 11
24 25 9
21 23 31
23 30 5
28 32 8
22 29 32
26 29 30
27 28 31
25 28 33
24 29 33
26 27 33
30 31 32
86
{[13, 12, 11, 10, 1]}
{[9, 7, 3, 2, 0]}
34
11 19 13
15 17 6
20 18 6
19 15 4
14 3 9
10 6 25
1 2 5
8 13 18
7 12 21
4 10 24
9 5 30
0 16 22
8 16 17
0 7 14
20 13 4
1 3 16
11 12 15
12 1 18
7 2 17
0 20 3
14 19 2
23 24 8
23 25 11
21 22 27
21 26 9
22 31 5
24 28 32
23 29 32
26 29 30
27 28 31
28 33 10
25 29 33
26 27 33
30 31 32
87
{[13, 12, 11, 10, 1]}
{[5, 4, 2, 1, 0]}
34
11 19 13
15 17 6
20 18 6
19 15 4
14 3 9
10 6 22
1 2 5
8 13 18
7 12 23
4 10 24
9 5 27
0 16 21
8 16 17
0 7 14
20 13 4
1 3 16
11 12 15
12 1 18
7 2 17
0 20 3
14 19 2
22 25 11
21 26 5
24 25 8
23 31 9
21 23 30
22 28 32
29 32 10
26 29 30
27 28 31
25 28 33
24 29 33
26 27 33
30 31 32
88
{[13, 12, 11, 10, 1]}
{[8, 7, 4, 2, 0]}
34
11 19 13
15 17 6
20 18 6
19 15 4
14 3 9
10 6 23
1 2 5
8 13 18
7 12 31
4 10 21
9 5 22
0 16 25
8 16 17
0 7 14
20 13 4
1 3 16
11 12 15
12 1 18
7 2 17
0 20 3
14 19 2
23 24 9
24 25 10
21 27 5
21 22 26
22 30 11
24 28 32
23 29 32
26 29 30
27 28 31
25 28 33
29 33 8
26 27 33
30 31 32
89
{[13, 12, 11, 10, 1]}
{[16, 13, 12, 11, 10]}
34
11 19 13
15 17 6
20 18 6
19 15 4
14 3 9
10 6 32
1 2 5
8 13 18
7 12 26
4 10 27
9 5 31
0 16 33
8 16 17
0 7 14
20 13 4
1 3 16
11 12 15
12 1 18
7 2 17
0 20 3
14 19 2
23 24 25
23 26 27
21 22 28
21 27 30
21 26 29
22 25 8
22 24 9
23 29 30
25 28 32
24 28 31
30 33 10
29 33 5
31 32 11
90
{[13, 12, 11, 10, 1]}
{[17, 16, 14, 12, 10]}
34
11 19 13
15 17 6
20 18 6
19 15 4
14 3 9
10 6 31
1 2 5
8 13 18
7 12 27
4 10 30
9 5 33
0 16 32
8 16 17
0 7 14
20 13 4
1 3 16
11 12 15
12 1 18
7 2 17
0 20 3
14 19 2
23 24 25
23 26 27
21 22 28
21 27 30
21 26 29
22 25 31
22 24 8
23 29 30
25 28 33
24 28 9
26 32 5
31 33 11
29 32 10
91
{[13, 12, 11, 10, 1]}
{[16, 13, 12, 11, 10]}
34
11 19 13
15 17 6
20 18 6
19 15 4
14 3 9
10 6 32
1 2 5
8 13 18
7 12 31
4 10 33
9 5 26
0 16 27
8 16 17
0 7 14
20 13 4
1 3 16
11 12 15
12 1 18
7 2 17
0 20 3
14 19 2
23 24 25
23 26 27
21 22 28
21 27 30
21 26 29
22 25 10
22 24 11
23 29 30
25 28 32
24 28 31
30 33 8
29 33 5
31 32 9
92
{[13, 12, 11, 10, 1]}
{[17, 16, 14, 12, 10]}
34
11 19 13
15 17 6
20 18 6
19 15 4
14 3 9
10 6 31
1 2 5
8 13 18
7 12 33
4 10 32
9 5 27
0 16 30
8 16 17
0 7 14
20 13 4
1 3 16
11 12 15
12 1 18
7 2 17
0 20 3
14 19 2
23 24 25
23 26 27
21 22 28
21 27 30
21 26 29
22 25 31
22 24 10
23 29 30
25 28 33
24 28 11
26 32 5
31 33 9
29 32 8
93
{[13, 12, 11, 10, 1]}
{[17, 16, 15, 13, 11]}
34
11 19 13
15 17 6
20 18 6
19 15 4
14 3 9
10 6 33
1 2 5
8 13 18
7 12 31
4 10 32
9 5 29
0 16 26
8 16 17
0 7 14
20 13 4
1 3 16
11 12 15
12 1 18
7 2 17
0 20 3
14 19 2
23 24 25
23 26 27
21 22 28
21 27 30
21 26 29
22 25 11
22 24 31
23 29 30
25 28 10
24 28 33
27 32 8
31 33 9
30 32 5
94
{[13, 12, 11, 10, 1]}
{[17, 16, 15, 13, 11]}
34
11 19 13
15 17 6
20 18 6
19 15 4
14 3 9
10 6 33
1 2 5
8 13 18
7 12 29
4 10 26
9 5 31
0 16 32
8 16 17
0 7 14
20 13 4
1 3 16
11 12 15
12 1 18
7 2 17
0 20 3
14 19 2
23 24 25
23 26 27
21 22 28
21 27 30
21 26 29
22 25 9
22 24 31
23 29 30
25 28 8
24 28 33
27 32 10
31 33 11
30 32 5
95
{[13, 12, 11, 10, 1]}
{[17, 15, 14, 13, 12]}
34
11 19 13
15 17 6
20 18 6
19 15 4
14 3 9
10 6 31
1 2 5
8 13 18
7 12 32
4 10 33
9 5 30
0 16 29
8 16 17
0 7 14
20 13 4
1 3 16
11 12 15
12 1 18
7 2 17
0 20 3
14 19 2
23 24 25
23 26 27
21 22 28
21 27 30
21 26 29
22 25 32
22 24 31
23 29 30
25 28 11
24 28 10
27 33 5
26 33 8
31 32 9
96
{[13, 12, 11, 10, 1]}
{[17, 15, 14, 13, 12]}
34
11 19 13
15 17 6
20 18 6
19 15 4
14 3 9
10 6 31
1 2 5
8 13 18
7 12 30
4 10 29
9 5 32
0 16 33
8 16 17
0 7 14
20 13 4
1 3 16
11 12 15
12 1 18
7 2 17
0 20 3
14 19 2
23 24 25
23 26 27
21 22 28
21 27 30
21 26 29
22 25 32
22 24 31
23 29 30
25 28 9
24 28 8
27 33 5
26 33 10
31 32 11
97
{[15, 14, 13, 6, 1]}
{[5, 4, 2, 1, 0]}
34
11 19 13
15 17 5
20 18 5
19 15 4
14 3 24
1 2 27
7 13 18
6 12 9
9 10 23
8 7 22
11 8 21
0 10 16
7 16 17
0 6 14
20 13 4
1 3 16
11 12 15
12 1 18
6 2 17
0 20 3
14 19 2
22 25 10
21 26 9
24 25 8
23 31 4
21 23 30
22 28 32
29 32 5
26 29 30
27 28 31
25 28 33
24 29 33
26 27 33
30 31 32
98
{[15, 14, 13, 6, 1]}
{[6, 3, 2, 1, 0]}
34
11 19 13
15 17 5
20 18 5
19 15 4
14 3 23
1 2 21
7 13 18
6 12 9
9 10 26
8 7 25
11 8 22
0 10 16
7 16 17
0 6 14
20 13 4
1 3 16
11 12 15
12 1 18
6 2 17
0 20 3
14 19 2
22 24 5
21 27 10
24 25 4
21 23 31
23 30 9
28 32 8
22 29 32
26 29 30
27 28 31
25 28 33
24 29 33
26 27 33
30 31 32
99
{[15, 14, 13, 6, 1]}
{[8, 7, 4, 2, 0]}
34
11 19 13
15 17 5
20 18 5
19 15 4
14 3 21
1 2 22
7 13 18
6 12 9
9 10 31
8 7 23
11 8 25
0 10 16
7 16 17
0 6 14
20 13 4
1 3 16
11 12 15
12 1 18
6 2 17
0 20 3
14 19 2
23 24 4
24 25 5
21 27 9
21 22 26
22 30 10
24 28 32
23 29 32
26 29 30
27 28 31
25 28 33
29 33 8
26 27 33
30 31 32
100
{[15, 14, 13, 6, 1]}
{[9, 7, 3, 2, 0]}
34
11 19 13
15 17 5
20 18 5
19 15 4
14 3 24
1 2 30
7 13 18
6 12 9
9 10 21
8 7 25
11 8 22
0 10 16
7 16 17
0 6 14
20 13 4
1 3 16
11 12 15
12 1 18
6 2 17
0 20 3
14 19 2
23 24 8
23 25 10
21 22 27
21 26 4
22 31 9
24 28 32
23 29 32
26 29 30
27 28 31
28 33 5
25 29 33
26 27 33
30 31 32
101
{[15, 14, 13, 6, 1]}
{[6, 3, 2, 1, 0]}
34
11 19 13
15 17 5
20 18 5
19 15 4
14 3 22
1 2 26
7 13 18
6 12 9
9 10 21
8 7 25
11 8 23
0 10 16
7 16 17
0 6 14
20 13 4
1 3 16
11 12 15
12 1 18
6 2 17
0 20 3
14 19 2
22 24 8
21 27 4
24 25 10
21 23 31
23 30 9
28 32 5
22 29 32
26 29 30
27 28 31
25 28 33
24 29 33
26 27 33
30 31 32
102
{[15, 14, 13, 6, 1]}
{[9, 7, 3, 2, 0]}
34
11 19 13
15 17 5
20 18 5
19 15 4
14 3 22
1 2 21
7 13 18
6 12 9
9 10 30
8 7 25
11 8 24
0 10 16
7 16 17
0 6 14
20 13 4
1 3 16
11 12 15
12 1 18
6 2 17
0 20 3
14 19 2
23 24 5
23 25 4
21 22 27
21 26 10
22 31 9
24 28 32
23 29 32
26 29 30
27 28 31
28 33 8
25 29 33
26 27 33
30 31 32
103
{[15, 14, 13, 6, 1]}
{[5, 4, 2, 1, 0]}
34
11 19 13
15 17 5
20 18 5
19 15 4
14 3 21
1 2 23
7 13 18
6 12 9
9 10 27
8 7 22
11 8 24
0 10 16
7 16 17
0 6 14
20 13 4
1 3 16
11 12 15
12 1 18
6 2 17
0 20 3
14 19 2
22 25 4
21 26 9
24 25 5
23 31 10
21 23 30
22 28 32
29 32 8
26 29 30
27 28 31
25 28 33
24 29 33
26 27 33
30 31 32
104
{[15, 14, 13, 6, 1]}
{[8, 7, 4, 2, 0]}
34
11 19 13
15 17 5
20 18 5
19 15 4
14 3 25
1 2 31
7 13 18
6 12 9
9 10 22
8 7 23
11 8 21
0 10 16
7 16 17
0 6 14
20 13 4
1 3 16
11 12 15
12 1 18
6 2 17
0 20 3
14 19 2
23 24 10
24 25 8
21 27 9
21 22 26
22 30 4
24 28 32
23 29 32
26 29 30
27 28 31
25 28 33
29 33 5
26 27 33
30 31 32
105
{[15, 14, 13, 6, 1]}
{[16, 13, 12, 11, 10]}
34
11 19 13
15 17 5
20 18 5
19 15 4
14 3 33
1 2 26
7 13 18
6 12 9
9 10 31
8 7 32
11 8 27
0 10 16
7 16 17
0 6 14
20 13 4
1 3 16
11 12 15
12 1 18
6 2 17
0 20 3
14 19 2
23 24 25
23 26 27
21 22 28
21 27 30
21 26 29
22 25 5
22 24 10
23 29 30
25 28 32
24 28 31
30 33 8
29 33 9
31 32 4
106
{[15, 14, 13, 6, 1]}
{[17, 16, 14, 12, 10]}
34
11 19 13
15 17 5
20 18 5
19 15 4
14 3 32
1 2 27
7 13 18
6 12 9
9 10 33
8 7 31
11 8 30
0 10 16
7 16 17
0 6 14
20 13 4
1 3 16
11 12 15
12 1 18
6 2 17
0 20 3
14 19 2
23 24 25
23 26 27
21 22 28
21 27 30
21 26 29
22 25 31
22 24 5
23 29 30
25 28 33
24 28 10
26 32 9
31 33 4
29 32 8
107
{[15, 14, 13, 6, 1]}
{[16, 13, 12, 11, 10]}
34
11 19 13
15 17 5
20 18 5
19 15 4
14 3 27
1 2 31
7 13 18
6 12 9
9 10 26
8 7 32
11 8 33
0 10 16
7 16 17
0 6 14
20 13 4
1 3 16
11 12 15
12 1 18
6 2 17
0 20 3
14 19 2
23 24 25
23 26 27
21 22 28
21 27 30
21 26 29
22 25 8
22 24 4
23 29 30
25 28 32
24 28 31
30 33 5
29 33 9
31 32 10
108
{[15, 14, 13, 6, 1]}
{[17, 16, 14, 12, 10]}
34
11 19 13
15 17 5
20 18 5
19 15 4
14 3 30
1 2 33
7 13 18
6 12 9
9 10 27
8 7 31
11 8 32
0 10 16
7 16 17
0 6 14
20 13 4
1 3 16
11 12 15
12 1 18
6 2 17
0 20 3
14 19 2
23 24 25
23 26 27
21 22 28
21 27 30
21 26 29
22 25 31
22 24 8
23 29 30
25 28 33
24 28 4
26 32 9
31 33 10
29 32 5
109
{[15, 14, 13, 6, 1]}
{[17, 16, 15, 13, 11]}
34
11 19 13
15 17 5
20 18 5
19 15 4
14 3 26
1 2 31
7 13 18
6 12 9
9 10 29
8 7 33
11 8 32
0 10 16
7 16 17
0 6 14
20 13 4
1 3 16
11 12 15
12 1 18
6 2 17
0 20 3
14 19 2
23 24 25
23 26 27
21 22 28
21 27 30
21 26 29
22 25 4
22 24 31
23 29 30
25 28 8
24 28 33
27 32 5
31 33 10
30 32 9
110
{[15, 14, 13, 6, 1]}
{[17, 16, 15, 13, 11]}
34
11 19 13
15 17 5
20 18 5
19 15 4
14 3 32
1 2 29
7 13 18
6 12 9
9 10 31
8 7 33
11 8 26
0 10 16
7 16 17
0 6 14
20 13 4
1 3 16
11 12 15
12 1 18
6 2 17
0 20 3
14 19 2
23 24 25
23 26 27
21 22 28
21 27 30
21 26 29
22 25 10
22 24 31
23 29 30
25 28 5
24 28 33
27 32 8
31 33 4
30 32 9
111
{[15, 14, 13, 6, 1]}
{[17, 15, 14, 13, 12]}
34
11 19 13
15 17 5
20 18 5
19 15 4
14 3 29
1 2 32
7 13 18
6 12 9
9 10 30
8 7 31
11 8 33
0 10 16
7 16 17
0 6 14
20 13 4
1 3 16
11 12 15
12 1 18
6 2 17
0 20 3
14 19 2
23 24 25
23 26 27
21 22 28
21 27 30
21 26 29
22 25 32
22 24 31
23 29 30
25 28 4
24 28 8
27 33 9
26 33 5
31 32 10
112
{[15, 14, 13, 6, 1]}
{[17, 15, 14, 13, 12]}
34
11 19 13
15 17 5
20 18 5
19 15 4
14 3 33
1 2 30
7 13 18
6 12 9
9 10 32
8 7 31
11 8 29
0 10 16
7 16 17
0 6 14
20 13 4
1 3 16
11 12 15
12 1 18
6 2 17
0 20 3
14 19 2
23 24 25
23 26 27
21 22 28
21 27 30
21 26 29
22 25 32
22 24 31
23 29 30
25 28 10
24 28 5
27 33 9
26 33 8
31 32 4
113
{[15, 14, 11, 10, 1]}
{[5, 4, 2, 1, 0]}
34
11 19 13
15 17 6
20 18 6
19 15 4
14 3 27
10 6 21
1 2 5
8 13 18
7 12 24
11 10 22
9 5 23
0 9 16
8 16 17
0 7 14
20 13 4
1 3 16
11 12 15
12 1 18
7 2 17
0 20 3
14 19 2
22 25 5
21 26 9
24 25 10
23 31 8
21 23 30
22 28 32
29 32 4
26 29 30
27 28 31
25 28 33
24 29 33
26 27 33
30 31 32
114
{[15, 14, 11, 10, 1]}
{[6, 3, 2, 1, 0]}
34
11 19 13
15 17 6
20 18 6
19 15 4
14 3 21
10 6 22
1 2 5
8 13 18
7 12 23
11 10 25
9 5 26
0 9 16
8 16 17
0 7 14
20 13 4
1 3 16
11 12 15
12 1 18
7 2 17
0 20 3
14 19 2
22 24 4
21 27 5
24 25 8
21 23 31
23 30 9
28 32 10
22 29 32
26 29 30
27 28 31
25 28 33
24 29 33
26 27 33
30 31 32
115
{[15, 14, 11, 10, 1]}
{[8, 7, 4, 2, 0]}
34
11 19 13
15 17 6
20 18 6
19 15 4
14 3 22
10 6 25
1 2 5
8 13 18
7 12 21
11 10 23
9 5 31
0 9 16
8 16 17
0 7 14
20 13 4
1 3 16
11 12 15
12 1 18
7 2 17
0 20 3
14 19 2
23 24 8
24 25 4
21 27 9
21 22 26
22 30 5
24 28 32
23 29 32
26 29 30
27 28 31
25 28 33
29 33 10
26 27 33
30 31 32
116
{[15, 14, 11, 10, 1]}
{[9, 7, 3, 2, 0]}
34
11 19 13
15 17 6
20 18 6
19 15 4
14 3 30
10 6 22
1 2 5
8 13 18
7 12 24
11 10 25
9 5 21
0 9 16
8 16 17
0 7 14
20 13 4
1 3 16
11 12 15
12 1 18
7 2 17
0 20 3
14 19 2
23 24 10
23 25 5
21 22 27
21 26 8
22 31 9
24 28 32
23 29 32
26 29 30
27 28 31
28 33 4
25 29 33
26 27 33
30 31 32
117
{[15, 14, 11, 10, 1]}
{[6, 3, 2, 1, 0]}
34
11 19 13
15 17 6
20 18 6
19 15 4
14 3 26
10 6 23
1 2 5
8 13 18
7 12 22
11 10 25
9 5 21
0 9 16
8 16 17
0 7 14
20 13 4
1 3 16
11 12 15
12 1 18
7 2 17
0 20 3
14 19 2
22 24 10
21 27 8
24 25 5
21 23 31
23 30 9
28 32 4
22 29 32
26 29 30
27 28 31
25 28 33
24 29 33
26 27 33
30 31 32
118
{[15, 14, 11, 10, 1]}
{[9, 7, 3, 2, 0]}
34
11 19 13
15 17 6
20 18 6
19 15 4
14 3 21
10 6 24
1 2 5
8 13 18
7 12 22
11 10 25
9 5 30
0 9 16
8 16 17
0 7 14
20 13 4
1 3 16
11 12 15
12 1 18
7 2 17
0 20 3
14 19 2
23 24 4
23 25 8
21 22 27
21 26 5
22 31 9
24 28 32
23 29 32
26 29 30
27 28 31
28 33 10
25 29 33
26 27 33
30 31 32
119
{[15, 14, 11, 10, 1]}
{[5, 4, 2, 1, 0]}
34
11 19 13
15 17 6
20 18 6
19 15 4
14 3 23
10 6 24
1 2 5
8 13 18
7 12 21
11 10 22
9 5 27
0 9 16
8 16 17
0 7 14
20 13 4
1 3 16
11 12 15
12 1 18
7 2 17
0 20 3
14 19 2
22 25 8
21 26 9
24 25 4
23 31 5
21 23 30
22 28 32
29 32 10
26 29 30
27 28 31
25 28 33
24 29 33
26 27 33
30 31 32
120
{[15, 14, 11, 10, 1]}
{[8, 7, 4, 2, 0]}
34
11 19 13
15 17 6
20 18 6
19 15 4
14 3 31
10 6 21
1 2 5
8 13 18
7 12 25
11 10 23
9 5 22
0 9 16
8 16 17
0 7 14
20 13 4
1 3 16
11 12 15
12 1 18
7 2 17
0 20 3
14 19 2
23 24 5
24 25 10
21 27 9
21 22 26
22 30 8
24 28 32
23 29 32
26 29 30
27 28 31
25 28 33
29 33 4
26 27 33
30 31 32
121
{[15, 14, 11, 10, 1]}
{[16, 13, 12, 11, 10]}
34
11 19 13
15 17 6
20 18 6
19 15 4
14 3 26
10 6 27
1 2 5
8 13 18
7 12 33
11 10 32
9 5 31
0 9 16
8 16 17
0 7 14
20 13 4
1 3 16
11 12 15
12 1 18
7 2 17
0 20 3
14 19 2
23 24 25
23 26 27
21 22 28
21 27 30
21 26 29
22 25 4
22 24 5
23 29 30
25 28 32
24 28 31
30 33 10
29 33 9
31 32 8
122
{[15, 14, 11, 10, 1]}
{[17, 16, 14, 12, 10]}
34
11 19 13
15 17 6
20 18 6
19 15 4
14 3 27
10 6 30
1 2 5
8 13 18
7 12 32
11 10 31
9 5 33
0 9 16
8 16 17
0 7 14
20 13 4
1 3 16
11 12 15
12 1 18
7 2 17
0 20 3
14 19 2
23 24 25
23 26 27
21 22 28
21 27 30
21 26 29
22 25 31
22 24 4
23 29 30
25 28 33
24 28 5
26 32 9
31 33 8
29 32 10
123
{[15, 14, 11, 10, 1]}
{[16, 13, 12, 11, 10]}
34
11 19 13
15 17 6
20 18 6
19 15 4
14 3 31
10 6 33
1 2 5
8 13 18
7 12 27
11 10 32
9 5 26
0 9 16
8 16 17
0 7 14
20 13 4
1 3 16
11 12 15
12 1 18
7 2 17
0 20 3
14 19 2
23 24 25
23 26 27
21 22 28
21 27 30
21 26 29
22 25 10
22 24 8
23 29 30
25 28 32
24 28 31
30 33 4
29 33 9
31 32 5
124
{[15, 14, 11, 10, 1]}
{[17, 16, 14, 12, 10]}
34
11 19 13
15 17 6
20 18 6
19 15 4
14 3 33
10 6 32
1 2 5
8 13 18
7 12 30
11 10 31
9 5 27
0 9 16
8 16 17
0 7 14
20 13 4
1 3 16
11 12 15
12 1 18
7 2 17
0 20 3
14 19 2
23 24 25
23 26 27
21 22 28
21 27 30
21 26 29
22 25 31
22 24 10
23 29 30
25 28 33
24 28 8
26 32 9
31 33 5
29 32 4
125
{[15, 14, 11, 10, 1]}
{[17, 16, 15, 13, 11]}
34
11 19 13
15 17 6
20 18 6
19 15 4
14 3 31
10 6 32
1 2 5
8 13 18
7 12 26
11 10 33
9 5 29
0 9 16
8 16 17
0 7 14
20 13 4
1 3 16
11 12 15
12 1 18
7 2 17
0 20 3
14 19 2
23 24 25
23 26 27
21 22 28
21 27 30
21 26 29
22 25 8
22 24 31
23 29 30
25 28 10
24 28 33
27 32 4
31 33 5
30 32 9
126
{[15, 14, 11, 10, 1]}
{[17, 16, 15, 13, 11]}
34
11 19 13
15 17 6
20 18 6
19 15 4
14 3 29
10 6 26
1 2 5
8 13 18
7 12 32
11 10 33
9 5 31
0 9 16
8 16 17
0 7 14
20 13 4
1 3 16
11 12 15
12 1 18
7 2 17
0 20 3
14 19 2
23 24 25
23 26 27
21 22 28
21 27 30
21 26 29
22 25 5
22 24 31
23 29 30
25 28 4
24 28 33
27 32 10
31 33 8
30 32 9
127
{[15, 14, 11, 10, 1]}
{[17, 15, 14, 13, 12]}
34
11 19 13
15 17 6
20 18 6
19 15 4
14 3 32
10 6 33
1 2 5
8 13 18
7 12 29
11 10 31
9 5 30
0 9 16
8 16 17
0 7 14
20 13 4
1 3 16
11 12 15
12 1 18
7 2 17
0 20 3
14 19 2
23 24 25
23 26 27
21 22 28
21 27 30
21 26 29
22 25 32
22 24 31
23 29 30
25 28 8
24 28 10
27 33 9
26 33 4
31 32 5
128
{[15, 14, 11, 10, 1]}
{[17, 15, 14, 13, 12]}
34
11 19 13
15 17 6
20 18 6
19 15 4
14 3 30
10 6 29
1 2 5
8 13 18
7 12 33
11 10 31
9 5 32
0 9 16
8 16 17
0 7 14
20 13 4
1 3 16
11 12 15
12 1 18
7 2 17
0 20 3
14 19 2
23 24 25
23 26 27
21 22 28
21 27 30
21 26 29
22 25 32
22 24 31
23 29 30
25 28 5
24 28 4
27 33 9
26 33 10
31 32 8
129
{[23, 22, 7, 3, 2]}
{[5, 4, 2, 1, 0]}
34
13 19 15
8 10 11
19 17 3
16 2 11
12 10 27
6 15 22
5 14 8
8 9 12
1 7 6
13 7 10
1 9 4
1 3 12
7 11 4
0 9 18
6 18 24
0 5 16
20 15 3
2 18 23
13 14 17
0 20 2
16 19 21
22 25 20
21 26 5
24 25 17
23 31 14
21 23 30
22 28 32
29 32 4
26 29 30
27 28 31
25 28 33
24 29 33
26 27 33
30 31 32
130
{[23, 22, 7, 3, 2]}
{[6, 3, 2, 1, 0]}
34
13 19 15
8 10 11
19 17 3
16 2 11
12 10 21
6 15 25
5 14 8
8 9 12
1 7 6
13 7 10
1 9 4
1 3 12
7 11 4
0 9 18
6 18 23
0 5 16
20 15 3
2 18 26
13 14 17
0 20 2
16 19 22
22 24 4
21 27 20
24 25 14
21 23 31
23 30 5
28 32 17
22 29 32
26 29 30
27 28 31
25 28 33
24 29 33
26 27 33
30 31 32
131
{[23, 22, 7, 3, 2]}
{[8, 7, 4, 2, 0]}
34
13 19 15
8 10 11
19 17 3
16 2 11
12 10 22
6 15 23
5 14 8
8 9 12
1 7 6
13 7 10
1 9 4
1 3 12
7 11 4
0 9 18
6 18 21
0 5 16
20 15 3
2 18 31
13 14 17
0 20 2
16 19 25
23 24 14
24 25 4
21 27 5
21 22 26
22 30 20
24 28 32
23 29 32
26 29 30
27 28 31
25 28 33
29 33 17
26 27 33
30 31 32
132
{[23, 22, 7, 3, 2]}
{[9, 7, 3, 2, 0]}
34
13 19 15
8 10 11
19 17 3
16 2 11
12 10 30
6 15 25
5 14 8
8 9 12
1 7 6
13 7 10
1 9 4
1 3 12
7 11 4
0 9 18
6 18 24
0 5 16
20 15 3
2 18 21
13 14 17
0 20 2
16 19 22
23 24 17
23 25 20
21 22 27
21 26 14
22 31 5
24 28 32
23 29 32
26 29 30
27 28 31
28 33 4
25 29 33
26 27 33
30 31 32
133
{[23, 22, 7, 3, 2]}
{[6, 3, 2, 1, 0]}
34
13 19 15
8 10 11
19 17 3
16 2 11
12 10 26
6 15 25
5 14 8
8 9 12
1 7 6
13 7 10
1 9 4
1 3 12
7 11 4
0 9 18
6 18 22
0 5 16
20 15 3
2 18 21
13 14 17
0 20 2
16 19 23
22 24 17
21 27 14
24 25 20
21 23 31
23 30 5
28 32 4
22 29 32
26 29 30
27 28 31
25 28 33
24 29 33
26 27 33
30 31 32
134
{[23, 22, 7, 3, 2]}
{[9, 7, 3, 2, 0]}
34
13 19 15
8 10 11
19 17 3
16 2 11
12 10 21
6 15 25
5 14 8
8 9 12
1 7 6
13 7 10
1 9 4
1 3 12
7 11 4
0 9 18
6 18 22
0 5 16
20 15 3
2 18 30
13 14 17
0 20 2
16 19 24
23 24 4
23 25 14
21 22 27
21 26 20
22 31 5
24 28 32
23 29 32
26 29 30
27 28 31
28 33 17
25 29 33
26 27 33
30 31 32
135
{[23, 22, 7, 3, 2]}
{[5, 4, 2, 1, 0]}
34
13 19 15
8 10 11
19 17 3
16 2 11
12 10 23
6 15 22
5 14 8
8 9 12
1 7 6
13 7 10
1 9 4
1 3 12
7 11 4
0 9 18
6 18 21
0 5 16
20 15 3
2 18 27
13 14 17
0 20 2
16 19 24
22 25 14
21 26 5
24 25 4
23 31 20
21 23 30
22 28 32
29 32 17
26 29 30
27 28 31
25 28 33
24 29 33
26 27 33
30 31 32
136
{[23, 22, 7, 3, 2]}
{[8, 7, 4, 2, 0]}
34
13 19 15
8 10 11
19 17 3
16 2 11
12 10 31
6 15 23
5 14 8
8 9 12
1 7 6
13 7 10
1 9 4
1 3 12
7 11 4
0 9 18
6 18 25
0 5 16
20 15 3
2 18 22
13 14 17
0 20 2
16 19 21
23 24 20
24 25 17
21 27 5
21 22 26
22 30 14
24 28 32
23 29 32
26 29 30
27 28 31
25 28 33
29 33 4
26 27 33
30 31 32
137
{[23, 22, 7, 3, 2]}
{[16, 13, 12, 11, 10]}
34
13 19 15
8 10 11
19 17 3
16 2 11
12 10 26
6 15 32
5 14 8
8 9 12
1 7 6
13 7 10
1 9 4
1 3 12
7 11 4
0 9 18
6 18 33
0 5 16
20 15 3
2 18 31
13 14 17
0 20 2
16 19 27
23 24 25
23 26 27
21 22 28
21 27 30
21 26 29
22 25 4
22 24 20
23 29 30
25 28 32
24 28 31
30 33 17
29 33 5
31 32 14
138
{[23, 22, 7, 3, 2]}
{[17, 16, 14, 12, 10]}
34
13 19 15
8 10 11
19 17 3
16 2 11
12 10 27
6 15 31
5 14 8
8 9 12
1 7 6
13 7 10
1 9 4
1 3 12
7 11 4
0 9 18
6 18 32
0 5 16
20 15 3
2 18 33
13 14 17
0 20 2
16 19 30
23 24 25
23 26 27
21 22 28
21 27 30
21 26 29
22 25 31
22 24 4
23 29 30
25 28 33
24 28 20
26 32 5
31 33 14
29 32 17
139
{[23, 22, 7, 3, 2]}
{[16, 13, 12, 11, 10]}
34
13 19 15
8 10 11
19 17 3
16 2 11
12 10 31
6 15 32
5 14 8
8 9 12
1 7 6
13 7 10
1 9 4
1 3 12
7 11 4
0 9 18
6 18 27
0 5 16
20 15 3
2 18 26
13 14 17
0 20 2
16 19 33
23 24 25
23 26 27
21 22 28
21 27 30
21 26 29
22 25 17
22 24 14
23 29 30
25 28 32
24 28 31
30 33 4
29 33 5
31 32 20
140
{[23, 22, 7, 3, 2]}
{[17, 16, 14, 12, 10]}
34
13 19 15
8 10 11
19 17 3
16 2 11
12 10 33
6 15 31
5 14 8
8 9 12
1 7 6
13 7 10
1 9 4
1 3 12
7 11 4
0 9 18
6 18 30
0 5 16
20 15 3
2 18 27
13 14 17
0 20 2
16 19 32
23 24 25
23 26 27
21 22 28
21 27 30
21 26 29
22 25 31
22 24 17
23 29 30
25 28 33
24 28 14
26 32 5
31 33 20
29 32 4
141
{[23, 22, 7, 3, 2]}
{[17, 16, 15, 13, 11]}
34
13 19 15
8 10 11
19 17 3
16 2 11
12 10 31
6 15 33
5 14 8
8 9 12
1 7 6
13 7 10
1 9 4
1 3 12
7 11 4
0 9 18
6 18 26
0 5 16
20 15 3
2 18 29
13 14 17
0 20 2
16 19 32
23 24 25
23 26 27
21 22 28
21 27 30
21 26 29
22 25 14
22 24 31
23 29 30
25 28 17
24 28 33
27 32 4
31 33 20
30 32 5
142
{[23, 22, 7, 3, 2]}
{[17, 16, 15, 13, 11]}
34
13 19 15
8 10 11
19 17 3
16 2 11
12 10 29
6 15 33
5 14 8
8 9 12
1 7 6
13 7 10
1 9 4
1 3 12
7 11 4
0 9 18
6 18 32
0 5 16
20 15 3
2 18 31
13 14 17
0 20 2
16 19 26
23 24 25
23 26 27
21 22 28
21 27 30
21 26 29
22 25 20
22 24 31
23 29 30
25 28 4
24 28 33
27 32 17
31 33 14
30 32 5
143
{[23, 22, 7, 3, 2]}
{[17, 15, 14, 13, 12]}
34
13 19 15
8 10 11
19 17 3
16 2 11
12 10 32
6 15 31
5 14 8
8 9 12
1 7 6
13 7 10
1 9 4
1 3 12
7 11 4
0 9 18
6 18 29
0 5 16
20 15 3
2 18 30
13 14 17
0 20 2
16 19 33
23 24 25
23 26 27
21 22 28
21 27 30
21 26 29
22 25 32
22 24 31
23 29 30
25 28 14
24 28 17
27 33 5
26 33 4
31 32 20
144
{[23, 22, 7, 3, 2]}
{[17, 15, 14, 13, 12]}
34
13 19 15
8 10 11
19 17 3
16 2 11
12 10 30
6 15 31
5 14 8
8 9 12
1 7 6
13 7 10
1 9 4
1 3 12
7 11 4
0 9 18
6 18 33
0 5 16
20 15 3
2 18 32
13 14 17
0 20 2
16 19 29
23 24 25
23 26 27
21 22 28
21 27 30
21 26 29
22 25 32
22 24 31
23 29 30
25 28 20
24 28 4
27 33 5
26 33 17
31 32 14
145
{[22, 21, 20, 17, 2]}
{[5, 4, 2, 1, 0]}
34
15 19 16
10 12 13
20 18 6
19 4 27
17 3 13
14 12 6
2 5 23
8 16 18
7 10 22
10 11 14
1 9 8
15 9 12
1 11 5
1 4 14
9 13 5
0 11 21
0 7 17
20 16 4
7 2 24
0 20 3
17 19 2
22 25 15
21 26 8
24 25 6
23 31 18
21 23 30
22 28 32
29 32 3
26 29 30
27 28 31
25 28 33
24 29 33
26 27 33
30 31 32
146
{[22, 21, 20, 17, 2]}
{[6, 3, 2, 1, 0]}
34
15 19 16
10 12 13
20 18 6
19 4 21
17 3 13
14 12 6
2 5 26
8 16 18
7 10 25
10 11 14
1 9 8
15 9 12
1 11 5
1 4 14
9 13 5
0 11 22
0 7 17
20 16 4
7 2 23
0 20 3
17 19 2
22 24 3
21 27 15
24 25 18
21 23 31
23 30 8
28 32 6
22 29 32
26 29 30
27 28 31
25 28 33
24 29 33
26 27 33
30 31 32
147
{[22, 21, 20, 17, 2]}
{[8, 7, 4, 2, 0]}
34
15 19 16
10 12 13
20 18 6
19 4 22
17 3 13
14 12 6
2 5 31
8 16 18
7 10 23
10 11 14
1 9 8
15 9 12
1 11 5
1 4 14
9 13 5
0 11 25
0 7 17
20 16 4
7 2 21
0 20 3
17 19 2
23 24 18
24 25 3
21 27 8
21 22 26
22 30 15
24 28 32
23 29 32
26 29 30
27 28 31
25 28 33
29 33 6
26 27 33
30 31 32
148
{[22, 21, 20, 17, 2]}
{[9, 7, 3, 2, 0]}
34
15 19 16
10 12 13
20 18 6
19 4 30
17 3 13
14 12 6
2 5 21
8 16 18
7 10 25
10 11 14
1 9 8
15 9 12
1 11 5
1 4 14
9 13 5
0 11 22
0 7 17
20 16 4
7 2 24
0 20 3
17 19 2
23 24 6
23 25 15
21 22 27
21 26 18
22 31 8
24 28 32
23 29 32
26 29 30
27 28 31
28 33 3
25 29 33
26 27 33
30 31 32
149
{[22, 21, 20, 17, 2]}
{[6, 3, 2, 1, 0]}
34
15 19 16
10 12 13
20 18 6
19 4 26
17 3 13
14 12 6
2 5 21
8 16 18
7 10 25
10 11 14
1 9 8
15 9 12
1 11 5
1 4 14
9 13 5
0 11 23
0 7 17
20 16 4
7 2 22
0 20 3
17 19 2
22 24 6
21 27 18
24 25 15
21 23 31
23 30 8
28 32 3
22 29 32
26 29 30
27 28 31
25 28 33
24 29 33
26 27 33
30 31 32
150
{[22, 21, 20, 17, 2]}
{[9, 7, 3, 2, 0]}
34
15 19 16
10 12 13
20 18 6
19 4 21
17 3 13
14 12 6
2 5 30
8 16 18
7 10 25
10 11 14
1 9 8
15 9 12
1 11 5
1 4 14
9 13 5
0 11 24
0 7 17
20 16 4
7 2 22
0 20 3
17 19 2
23 24 3
23 25 18
21 22 27
21 26 15
22 31 8
24 28 32
23 29 32
26 29 30
27 28 31
28 33 6
25 29 33
26 27 33
30 31 32
151
{[22, 21, 20, 17, 2]}
{[5, 4, 2, 1, 0]}
34
15 19 16
10 12 13
20 18 6
19 4 23
17 3 13
14 12 6
2 5 27
8 16 18
7 10 22
10 11 14
1 9 8
15 9 12
1 11 5
1 4 14
9 13 5
0 11 24
0 7 17
20 16 4
7 2 21
0 20 3
17 19 2
22 25 18
21 26 8
24 25 3
23 31 15
21 23 30
22 28 32
29 32 6
26 29 30
27 28 31
25 28 33
24 29 33
26 27 33
30 31 32
152
{[22, 21, 20, 17, 2]}
{[8, 7, 4, 2, 0]}
34
15 19 16
10 12 13
20 18 6
19 4 31
17 3 13
14 12 6
2 5 22
8 16 18
7 10 23
10 11 14
1 9 8
15 9 12
1 11 5
1 4 14
9 13 5
0 11 21
0 7 17
20 16 4
7 2 25
0 20 3
17 19 2
23 24 15
24 25 6
21 27 8
21 22 26
22 30 18
24 28 32
23 29 32
26 29 30
27 28 31
25 28 33
29 33 3
26 27 33
30 31 32
153
{[22, 21, 20, 17, 2]}
{[16, 13, 12, 11, 10]}
34
15 19 16
10 12 13
20 18 6
19 4 26
17 3 13
14 12 6
2 5 31
8 16 18
7 10 32
10 11 14
1 9 8
15 9 12
1 11 5
1 4 14
9 13 5
0 11 27
0 7 17
20 16 4
7 2 33
0 20 3
17 19 2
23 24 25
23 26 27
21 22 28
21 27 30
21 26 29
22 25 3
22 24 15
23 29 30
25 28 32
24 28 31
30 33 6
29 33 8
31 32 18
154
{[22, 21, 20, 17, 2]}
{[17, 16, 14, 12, 10]}
34
15 19 16
10 12 13
20 18 6
19 4 27
17 3 13
14 12 6
2 5 33
8 16 18
7 10 31
10 11 14
1 9 8
15 9 12
1 11 5
1 4 14
9 13 5
0 11 30
0 7 17
20 16 4
7 2 32
0 20 3
17 19 2
23 24 25
23 26 27
21 22 28
21 27 30
21 26 29
22 25 31
22 24 3
23 29 30
25 28 33
24 28 15
26 32 8
31 33 18
29 32 6
155
{[22, 21, 20, 17, 2]}
{[16, 13, 12, 11, 10]}
34
15 19 16
10 12 13
20 18 6
19 4 31
17 3 13
14 12 6
2 5 26
8 16 18
7 10 32
10 11 14
1 9 8
15 9 12
1 11 5
1 4 14
9 13 5
0 11 33
0 7 17
20 16 4
7 2 27
0 20 3
17 19 2
23 24 25
23 26 27
21 22 28
21 27 30
21 26 29
22 25 6
22 24 18
23 29 30
25 28 32
24 28 31
30 33 3
29 33 8
31 32 15
156
{[22, 21, 20, 17, 2]}
{[17, 16, 14, 12, 10]}
34
15 19 16
10 12 13
20 18 6
19 4 33
17 3 13
14 12 6
2 5 27
8 16 18
7 10 31
10 11 14
1 9 8
15 9 12
1 11 5
1 4 14
9 13 5
0 11 32
0 7 17
20 16 4
7 2 30
0 20 3
17 19 2
23 24 25
23 26 27
21 22 28
21 27 30
21 26 29
22 25 31
22 24 6
23 29 30
25 28 33
24 28 18
26 32 8
31 33 15
29 32 3
157
{[22, 21, 20, 17, 2]}
{[17, 16, 15, 13, 11]}
34
15 19 16
10 12 13
20 18 6
19 4 31
17 3 13
14 12 6
2 5 29
8 16 18
7 10 33
10 11 14
1 9 8
15 9 12
1 11 5
1 4 14
9 13 5
0 11 32
0 7 17
20 16 4
7 2 26
0 20 3
17 19 2
23 24 25
23 26 27
21 22 28
21 27 30
21 26 29
22 25 18
22 24 31
23 29 30
25 28 6
24 28 33
27 32 3
31 33 15
30 32 8
158
{[22, 21, 20, 17, 2]}
{[17, 16, 15, 13, 11]}
34
15 19 16
10 12 13
20 18 6
19 4 29
17 3 13
14 12 6
2 5 31
8 16 18
7 10 33
10 11 14
1 9 8
15 9 12
1 11 5
1 4 14
9 13 5
0 11 26
0 7 17
20 16 4
7 2 32
0 20 3
17 19 2
23 24 25
23 26 27
21 22 28
21 27 30
21 26 29
22 25 15
22 24 31
23 29 30
25 28 3
24 28 33
27 32 6
31 33 18
30 32 8
159
{[22, 21, 20, 17, 2]}
{[17, 15, 14, 13, 12]}
34
15 19 16
10 12 13
20 18 6
19 4 32
17 3 13
14 12 6
2 5 30
8 16 18
7 10 31
10 11 14
1 9 8
15 9 12
1 11 5
1 4 14
9 13 5
0 11 33
0 7 17
20 16 4
7 2 29
0 20 3
17 19 2
23 24 25
23 26 27
21 22 28
21 27 30
21 26 29
22 25 32
22 24 31
23 29 30
25 28 18
24 28 6
27 33 8
26 33 3
31 32 15
160
{[22, 21, 20, 17, 2]}
{[17, 15, 14, 13, 12]}
34
15 19 16
10 12 13
20 18 6
19 4 30
17 3 13
14 12 6
2 5 32
8 16 18
7 10 31
10 11 14
1 9 8
15 9 12
1 11 5
1 4 14
9 13 5
0 11 29
0 7 17
20 16 4
7 2 33
0 20 3
17 19 2
23 24 25
23 26 27
21 22 28
21 27 30
21 26 29
22 25 32
22 24 31
23 29 30
25 28 15
24 28 3
27 33 8
26 33 6
31 32 18
161
{[22, 21, 20, 17, 2]}
{[5, 4, 2, 1, 0]}
34
15 19 16
10 12 13
20 18 6
19 4 23
17 3 13
14 12 6
2 5 27
8 16 18
7 10 22
10 11 14
1 9 8
15 9 12
1 11 5
1 4 14
9 13 5
0 11 24
0 7 17
20 16 4
7 2 21
0 20 3
17 19 2
22 25 18
21 26 8
24 25 3
23 31 15
21 23 30
22 28 32
29 32 6
26 29 30
27 28 31
25 28 33
24 29 33
26 27 33
30 31 32
162
{[22, 21, 20, 17, 2]}
{[6, 3, 2, 1, 0]}
34
15 19 16
10 12 13
20 18 6
19 4 26
17 3 13
14 12 6
2 5 21
8 16 18
7 10 25
10 11 14
1 9 8
15 9 12
1 11 5
1 4 14
9 13 5
0 11 23
0 7 17
20 16 4
7 2 22
0 20 3
17 19 2
22 24 6
21 27 18
24 25 15
21 23 31
23 30 8
28 32 3
22 29 32
26 29 30
27 28 31
25 28 33
24 29 33
26 27 33
30 31 32
163
{[22, 21, 20, 17, 2]}
{[8, 7, 4, 2, 0]}
34
15 19 16
10 12 13
20 18 6
19 4 31
17 3 13
14 12 6
2 5 22
8 16 18
7 10 23
10 11 14
1 9 8
15 9 12
1 11 5
1 4 14
9 13 5
0 11 21
0 7 17
20 16 4
7 2 25
0 20 3
17 19 2
23 24 15
24 25 6
21 27 8
21 22 26
22 30 18
24 28 32
23 29 32
26 29 30
27 28 31
25 28 33
29 33 3
26 27 33
30 31 32
164
{[22, 21, 20, 17, 2]}
{[9, 7, 3, 2, 0]}
34
15 19 16
10 12 13
20 18 6
19 4 21
17 3 13
14 12 6
2 5 30
8 16 18
7 10 25
10 11 14
1 9 8
15 9 12
1 11 5
1 4 14
9 13 5
0 11 24
0 7 17
20 16 4
7 2 22
0 20 3
17 19 2
23 24 3
23 25 18
21 22 27
21 26 15
22 31 8
24 28 32
23 29 32
26 29 30
27 28 31
28 33 6
25 29 33
26 27 33
30 31 32
165
{[22, 21, 20, 17, 2]}
{[6, 3, 2, 1, 0]}
34
15 19 16
10 12 13
20 18 6
19 4 21
17 3 13
14 12 6
2 5 26
8 16 18
7 10 25
10 11 14
1 9 8
15 9 12
1 11 5
1 4 14
9 13 5
0 11 22
0 7 17
20 16 4
7 2 23
0 20 3
17 19 2
22 24 3
21 27 15
24 25 18
21 23 31
23 30 8
28 32 6
22 29 32
26 29 30
27 28 31
25 28 33
24 29 33
26 27 33
30 31 32
166
{[22, 21, 20, 17, 2]}
{[9, 7, 3, 2, 0]}
34
15 19 16
10 12 13
20 18 6
19 4 30
17 3 13
14 12 6
2 5 21
8 16 18
7 10 25
10 11 14
1 9 8
15 9 12
1 11 5
1 4 14
9 13 5
0 11 22
0 7 17
20 16 4
7 2 24
0 20 3
17 19 2
23 24 6
23 25 15
21 22 27
21 26 18
22 31 8
24 28 32
23 29 32
26 29 30
27 28 31
28 33 3
25 29 33
26 27 33
30 31 32
167
{[22, 21, 20, 17, 2]}
{[5, 4, 2, 1, 0]}
34
15 19 16
10 12 13
20 18 6
19 4 27
17 3 13
14 12 6
2 5 23
8 16 18
7 10 22
10 11 14
1 9 8
15 9 12
1 11 5
1 4 14
9 13 5
0 11 21
0 7 17
20 16 4
7 2 24
0 20 3
17 19 2
22 25 15
21 26 8
24 25 6
23 31 18
21 23 30
22 28 32
29 32 3
26 29 30
27 28 31
25 28 33
24 29 33
26 27 33
30 31 32
168
{[22, 21, 20, 17, 2]}
{[8, 7, 4, 2, 0]}
34
15 19 16
10 12 13
20 18 6
19 4 22
17 3 13
14 12 6
2 5 31
8 16 18
7 10 23
10 11 14
1 9 8
15 9 12
1 11 5
1 4 14
9 13 5
0 11 25
0 7 17
20 16 4
7 2 21
0 20 3
17 19 2
23 24 18
24 25 3
21 27 8
21 22 26
22 30 15
24 28 32
23 29 32
26 29 30
27 28 31
25 28 33
29 33 6
26 27 33
30 31 32
169
{[22, 21, 20, 17, 2]}
{[16, 13, 12, 11, 10]}
34
15 19 16
10 12 13
20 18 6
19 4 31
17 3 13
14 12 6
2 5 26
8 16 18
7 10 32
10 11 14
1 9 8
15 9 12
1 11 5
1 4 14
9 13 5
0 11 33
0 7 17
20 16 4
7 2 27
0 20 3
17 19 2
23 24 25
23 26 27
21 22 28
21 27 30
21 26 29
22 25 6
22 24 18
23 29 30
25 28 32
24 28 31
30 33 3
29 33 8
31 32 15
170
{[22, 21, 20, 17, 2]}
{[17, 16, 14, 12, 10]}
34
15 19 16
10 12 13
20 18 6
19 4 33
17 3 13
14 12 6
2 5 27
8 16 18
7 10 31
10 11 14
1 9 8
15 9 12
1 11 5
1 4 14
9 13 5
0 11 32
0 7 17
20 16 4
7 2 30
0 20 3
17 19 2
23 24 25
23 26 27
21 22 28
21 27 30
21 26 29
22 25 31
22 24 6
23 29 30
25 28 33
24 28 18
26 32 8
31 33 15
29 32 3
171
{[22, 21, 20, 17, 2]}
{[16, 13, 12, 11, 10]}
34
15 19 16
10 12 13
20 18 6
19 4 26
17 3 13
14 12 6
2 5 31
8 16 18
7 10 32
10 11 14
1 9 8
15 9 12
1 11 5
1 4 14
9 13 5
0 11 27
0 7 17
20 16 4
7 2 33
0 20 3
17 19 2
23 24 25
23 26 27
21 22 28
21 27 30
21 26 29
22 25 3
22 24 15
23 29 30
25 28 32
24 28 31
30 33 6
29 33 8
31 32 18
172
{[22, 21, 20, 17, 2]}
{[17, 16, 14, 12, 10]}
34
15 19 16
10 12 13
20 18 6
19 4 27
17 3 13
14 12 6
2 5 33
8 16 18
7 10 31
10 11 14
1 9 8
15 9 12
1 11 5
1 4 14
9 13 5
0 11 30
0 7 17
20 16 4
7 2 32
0 20 3
17 19 2
23 24 25
23 26 27
21 22 28
21 27 30
21 26 29
22 25 31
22 24 3
23 29 30
25 28 33
24 28 15
26 32 8
31 33 18
29 32 6
173
{[22, 21, 20, 17, 2]}
{[17, 16, 15, 13, 11]}
34
15 19 16
10 12 13
20 18 6
19 4 29
17 3 13
14 12 6
2 5 31
8 16 18
7 10 33
10 11 14
1 9 8
15 9 12
1 11 5
1 4 14
9 13 5
0 11 26
0 7 17
20 16 4
7 2 32
0 20 3
17 19 2
23 24 25
23 26 27
21 22 28
21 27 30
21 26 29
22 25 15
22 24 31
23 29 30
25 28 3
24 28 33
27 32 6
31 33 18
30 32 8
174
{[22, 21, 20, 17, 2]}
{[17, 16, 15, 13, 11]}
34
15 19 16
10 12 13
20 18 6
19 4 31
17 3 13
14 12 6
2 5 29
8 16 18
7 10 33
10 11 14
1 9 8
15 9 12
1 11 5
1 4 14
9 13 5
0 11 32
0 7 17
20 16 4
7 2 26
0 20 3
17 19 2
23 24 25
23 26 27
21 22 28
21 27 30
21 26 29
22 25 18
22 24 31
23 29 30
25 28 6
24 28 33
27 32 3
31 33 15
30 32 8
175
{[22, 21, 20, 17, 2]}
{[17, 15, 14, 13, 12]}
34
15 19 16
10 12 13
20 18 6
19 4 30
17 3 13
14 12 6
2 5 32
8 16 18
7 10 31
10 11 14
1 9 8
15 9 12
1 11 5
1 4 14
9 13 5
0 11 29
0 7 17
20 16 4
7 2 33
0 20 3
17 19 2
23 24 25
23 26 27
21 22 28
21 27 30
21 26 29
22 25 32
22 24 31
23 29 30
25 28 15
24 28 3
27 33 8
26 33 6
31 32 18
176
{[22, 21, 20, 17, 2]}
{[17, 15, 14, 13, 12]}
34
15 19 16
10 12 13
20 18 6
19 4 32
17 3 13
14 12 6
2 5 30
8 16 18
7 10 31
10 11 14
1 9 8
15 9 12
1 11 5
1 4 14
9 13 5
0 11 33
0 7 17
20 16 4
7 2 29
0 20 3
17 19 2
23 24 25
23 26 27
21 22 28
21 27 30
21 26 29
22 25 32
22 24 31
23 29 30
25 28 18
24 28 6
27 33 8
26 33 3
31 32 15
177
{[23, 22, 7, 3, 2]}
{[5, 4, 2, 1, 0]}
34
13 19 15
8 10 11
19 17 3
16 2 11
12 10 23
6 15 22
5 14 8
8 9 12
1 7 6
13 7 10
1 9 4
1 3 12
7 11 4
0 9 18
6 18 21
0 5 16
20 15 3
2 18 27
13 14 17
0 20 2
16 19 24
22 25 14
21 26 5
24 25 4
23 31 20
21 23 30
22 28 32
29 32 17
26 29 30
27 28 31
25 28 33
24 29 33
26 27 33
30 31 32
178
{[23, 22, 7, 3, 2]}
{[6, 3, 2, 1, 0]}
34
13 19 15
8 10 11
19 17 3
16 2 11
12 10 26
6 15 25
5 14 8
8 9 12
1 7 6
13 7 10
1 9 4
1 3 12
7 11 4
0 9 18
6 18 22
0 5 16
20 15 3
2 18 21
13 14 17
0 20 2
16 19 23
22 24 17
21 27 14
24 25 20
21 23 31
23 30 5
28 32 4
22 29 32
26 29 30
27 28 31
25 28 33
24 29 33
26 27 33
30 31 32
179
{[23, 22, 7, 3, 2]}
{[8, 7, 4, 2, 0]}
34
13 19 15
8 10 11
19 17 3
16 2 11
12 10 31
6 15 23
5 14 8
8 9 12
1 7 6
13 7 10
1 9 4
1 3 12
7 11 4
0 9 18
6 18 25
0 5 16
20 15 3
2 18 22
13 14 17
0 20 2
16 19 21
23 24 20
24 25 17
21 27 5
21 22 26
22 30 14
24 28 32
23 29 32
26 29 30
27 28 31
25 28 33
29 33 4
26 27 33
30 31 32
180
{[23, 22, 7, 3, 2]}
{[9, 7, 3, 2, 0]}
34
13 19 15
8 10 11
19 17 3
16 2 11
12 10 21
6 15 25
5 14 8
8 9 12
1 7 6
13 7 10
1 9 4
1 3 12
7 11 4
0 9 18
6 18 22
0 5 16
20 15 3
2 18 30
13 14 17
0 20 2
16 19 24
23 24 4
23 25 14
21 22 27
21 26 20
22 31 5
24 28 32
23 29 32
26 29 30
27 28 31
28 33 17
25 29 33
26 27 33
30 31 32
181
{[23, 22, 7, 3, 2]}
{[6, 3, 2, 1, 0]}
34
13 19 15
8 10 11
19 17 3
16 2 11
12 10 21
6 15 25
5 14 8
8 9 12
1 7 6
13 7 10
1 9 4
1 3 12
7 11 4
0 9 18
6 18 23
0 5 16
20 15 3
2 18 26
13 14 17
0 20 2
16 19 22
22 24 4
21 27 20
24 25 14
21 23 31
23 30 5
28 32 17
22 29 32
26 29 30
27 28 31
25 28 33
24 29 33
26 27 33
30 31 32
182
{[23, 22, 7, 3, 2]}
{[9, 7, 3, 2, 0]}
34
13 19 15
8 10 11
19 17 3
16 2 11
12 10 30
6 15 25
5 14 8
8 9 12
1 7 6
13 7 10
1 9 4
1 3 12
7 11 4
0 9 18
6 18 24
0 5 16
20 15 3
2 18 21
13 14 17
0 20 2
16 19 22
23 24 17
23 25 20
21 22 27
21 26 14
22 31 5
24 28 32
23 29 32
26 29 30
27 28 31
28 33 4
25 29 33
26 27 33
30 31 32
183
{[23, 22, 7, 3, 2]}
{[5, 4, 2, 1, 0]}
34
13 19 15
8 10 11
19 17 3
16 2 11
12 10 27
6 15 22
5 14 8
8 9 12
1 7 6
13 7 10
1 9 4
1 3 12
7 11 4
0 9 18
6 18 24
0 5 16
20 15 3
2 18 23
13 14 17
0 20 2
16 19 21
22 25 20
21 26 5
24 25 17
23 31 14
21 23 30
22 28 32
29 32 4
26 29 30
27 28 31
25 28 33
24 29 33
26 27 33
30 31 32
184
{[23, 22, 7, 3, 2]}
{[8, 7, 4, 2, 0]}
34
13 19 15
8 10 11
19 17 3
16 2 11
12 10 22
6 15 23
5 14 8
8 9 12
1 7 6
13 7 10
1 9 4
1 3 12
7 11 4
0 9 18
6 18 21
0 5 16
20 15 3
2 18 31
13 14 17
0 20 2
16 19 25
23 24 14
24 25 4
21 27 5
21 22 26
22 30 20
24 28 32
23 29 32
26 29 30
27 28 31
25 28 33
29 33 17
26 27 33
30 31 32
185
{[23, 22, 7, 3, 2]}
{[16, 13, 12, 11, 10]}
34
13 19 15
8 10 11
19 17 3
16 2 11
12 10 31
6 15 32
5 14 8
8 9 12
1 7 6
13 7 10
1 9 4
1 3 12
7 11 4
0 9 18
6 18 27
0 5 16
20 15 3
2 18 26
13 14 17
0 20 2
16 19 33
23 24 25
23 26 27
21 22 28
21 27 30
21 26 29
22 25 17
22 24 14
23 29 30
25 28 32
24 28 31
30 33 4
29 33 5
31 32 20
186
{[23, 22, 7, 3, 2]}
{[17, 16, 14, 12, 10]}
34
13 19 15
8 10 11
19 17 3
16 2 11
12 10 33
6 15 31
5 14 8
8 9 12
1 7 6
13 7 10
1 9 4
1 3 12
7 11 4
0 9 18
6 18 30
0 5 16
20 15 3
2 18 27
13 14 17
0 20 2
16 19 32
23 24 25
23 26 27
21 22 28
21 27 30
21 26 29
22 25 31
22 24 17
23 29 30
25 28 33
24 28 14
26 32 5
31 33 20
29 32 4
187
{[23, 22, 7, 3, 2]}
{[16, 13, 12, 11, 10]}
34
13 19 15
8 10 11
19 17 3
16 2 11
12 10 26
6 15 32
5 14 8
8 9 12
1 7 6
13 7 10
1 9 4
1 3 12
7 11 4
0 9 18
6 18 33
0 5 16
20 15 3
2 18 31
13 14 17
0 20 2
16 19 27
23 24 25
23 26 27
21 22 28
21 27 30
21 26 29
22 25 4
22 24 20
23 29 30
25 28 32
24 28 31
30 33 17
29 33 5
31 32 14
188
{[23, 22, 7, 3, 2]}
{[17, 16, 14, 12, 10]}
34
13 19 15
8 10 11
19 17 3
16 2 11
12 10 27
6 15 31
5 14 8
8 9 12
1 7 6
13 7 10
1 9 4
1 3 12
7 11 4
0 9 18
6 18 32
0 5 16
20 15 3
2 18 33
13 14 17
0 20 2
16 19 30
23 24 25
23 26 27
21 22 28
21 27 30
21 26 29
22 25 31
22 24 4
23 29 30
25 28 33
24 28 20
26 32 5
31 33 14
29 32 17
189
{[23, 22, 7, 3, 2]}
{[17, 16, 15, 13, 11]}
34
13 19 15
8 10 11
19 17 3
16 2 11
12 10 29
6 15 33
5 14 8
8 9 12
1 7 6
13 7 10
1 9 4
1 3 12
7 11 4
0 9 18
6 18 32
0 5 16
20 15 3
2 18 31
13 14 17
0 20 2
16 19 26
23 24 25
23 26 27
21 22 28
21 27 30
21 26 29
22 25 20
22 24 31
23 29 30
25 28 4
24 28 33
27 32 17
31 33 14
30 32 5
190
{[23, 22, 7, 3, 2]}
{[17, 16, 15, 13, 11]}
34
13 19 15
8 10 11
19 17 3
16 2 11
12 10 31
6 15 33
5 14 8
8 9 12
1 7 6
13 7 10
1 9 4
1 3 12
7 11 4
0 9 18
6 18 26
0 5 16
20 15 3
2 18 29
13 14 17
0 20 2
16 19 32
23 24 25
23 26 27
21 22 28
21 27 30
21 26 29
22 25 14
22 24 31
23 29 30
25 28 17
24 28 33
27 32 4
31 33 20
30 32 5
191
{[23, 22, 7, 3, 2]}
{[17, 15, 14, 13, 12]}
34
13 19 15
8 10 11
19 17 3
16 2 11
12 10 30
6 15 31
5 14 8
8 9 12
1 7 6
13 7 10
1 9 4
1 3 12
7 11 4
0 9 18
6 18 33
0 5 16
20 15 3
2 18 32
13 14 17
0 20 2
16 19 29
23 24 25
23 26 27
21 22 28
21 27 30
21 26 29
22 25 32
22 24 31
23 29 30
25 28 20
24 28 4
27 33 5
26 33 17
31 32 14
192
{[23, 22, 7, 3, 2]}
{[17, 15, 14, 13, 12]}
34
13 19 15
8 10 11
19 17 3
16 2 11
12 10 32
6 15 31
5 14 8
8 9 12
1 7 6
13 7 10
1 9 4
1 3 12
7 11 4
0 9 18
6 18 29
0 5 16
20 15 3
2 18 30
13 14 17
0 20 2
16 19 33
23 24 25
23 26 27
21 22 28
21 27 30
21 26 29
22 25 32
22 24 31
23 29 30
25 28 14
24 28 17
27 33 5
26 33 4
31 32 20
193
{[25, 24, 19, 5, 4]}
{[5, 4, 2, 1, 0]}
34
14 16 23
9 11 12
17 19 5
20 5 24
13 11 5
2 3 4
7 16 20
6 15 9
9 10 13
1 8 7
14 8 11
1 10 4
1 13 21
8 12 4
0 10 18
7 18 19
0 6 22
2 18 27
14 15 17
15 2 20
6 3 19
22 25 12
21 26 16
24 25 0
23 31 3
21 23 30
22 28 32
29 32 17
26 29 30
27 28 31
25 28 33
24 29 33
26 27 33
30 31 32
194
{[25, 24, 19, 5, 4]}
{[6, 3, 2, 1, 0]}
34
14 16 26
9 11 12
17 19 5
20 5 23
13 11 5
2 3 4
7 16 20
6 15 9
9 10 13
1 8 7
14 8 11
1 10 4
1 13 22
8 12 4
0 10 18
7 18 19
0 6 25
2 18 21
14 15 17
15 2 20
6 3 19
22 24 17
21 27 12
24 25 3
21 23 31
23 30 16
28 32 0
22 29 32
26 29 30
27 28 31
25 28 33
24 29 33
26 27 33
30 31 32
195
{[25, 24, 19, 5, 4]}
{[8, 7, 4, 2, 0]}
34
14 16 31
9 11 12
17 19 5
20 5 21
13 11 5
2 3 4
7 16 20
6 15 9
9 10 13
1 8 7
14 8 11
1 10 4
1 13 25
8 12 4
0 10 18
7 18 19
0 6 23
2 18 22
14 15 17
15 2 20
6 3 19
23 24 3
24 25 17
21 27 16
21 22 26
22 30 12
24 28 32
23 29 32
26 29 30
27 28 31
25 28 33
29 33 0
26 27 33
30 31 32
196
{[25, 24, 19, 5, 4]}
{[9, 7, 3, 2, 0]}
34
14 16 21
9 11 12
17 19 5
20 5 24
13 11 5
2 3 4
7 16 20
6 15 9
9 10 13
1 8 7
14 8 11
1 10 4
1 13 22
8 12 4
0 10 18
7 18 19
0 6 25
2 18 30
14 15 17
15 2 20
6 3 19
23 24 0
23 25 12
21 22 27
21 26 3
22 31 16
24 28 32
23 29 32
26 29 30
27 28 31
28 33 17
25 29 33
26 27 33
30 31 32
197
{[25, 24, 19, 5, 4]}
{[6, 3, 2, 1, 0]}
34
14 16 21
9 11 12
17 19 5
20 5 22
13 11 5
2 3 4
7 16 20
6 15 9
9 10 13
1 8 7
14 8 11
1 10 4
1 13 23
8 12 4
0 10 18
7 18 19
0 6 25
2 18 26
14 15 17
15 2 20
6 3 19
22 24 0
21 27 3
24 25 12
21 23 31
23 30 16
28 32 17
22 29 32
26 29 30
27 28 31
25 28 33
24 29 33
26 27 33
30 31 32
198
{[25, 24, 19, 5, 4]}
{[9, 7, 3, 2, 0]}
34
14 16 30
9 11 12
17 19 5
20 5 22
13 11 5
2 3 4
7 16 20
6 15 9
9 10 13
1 8 7
14 8 11
1 10 4
1 13 24
8 12 4
0 10 18
7 18 19
0 6 25
2 18 21
14 15 17
15 2 20
6 3 19
23 24 17
23 25 3
21 22 27
21 26 12
22 31 16
24 28 32
23 29 32
26 29 30
27 28 31
28 33 0
25 29 33
26 27 33
30 31 32
199
{[25, 24, 19, 5, 4]}
{[5, 4, 2, 1, 0]}
34
14 16 27
9 11 12
17 19 5
20 5 21
13 11 5
2 3 4
7 16 20
6 15 9
9 10 13
1 8 7
14 8 11
1 10 4
1 13 24
8 12 4
0 10 18
7 18 19
0 6 22
2 18 23
14 15 17
15 2 20
6 3 19
22 25 3
21 26 16
24 25 17
23 31 12
21 23 30
22 28 32
29 32 0
26 29 30
27 28 31
25 28 33
24 29 33
26 27 33
30 31 32
200
{[25, 24, 19, 5, 4]}
{[8, 7, 4, 2, 0]}
34
14 16 22
9 11 12
17 19 5
20 5 25
13 11 5
2 3 4
7 16 20
6 15 9
9 10 13
1 8 7
14 8 11
1 10 4
1 13 21
8 12 4
0 10 18
7 18 19
0 6 23
2 18 31
14 15 17
15 2 20
6 3 19
23 24 12
24 25 0
21 27 16
21 22 26
22 30 3
24 28 32
23 29 32
26 29 30
27 28 31
25 28 33
29 33 17
26 27 33
30 31 32
201
{[25, 24, 19, 5, 4]}
{[16, 13, 12, 11, 10]}
34
14 16 31
9 11 12
17 19 5
20 5 33
13 11 5
2 3 4
7 16 20
6 15 9
9 10 13
1 8 7
14 8 11
1 10 4
1 13 27
8 12 4
0 10 18
7 18 19
0 6 32
2 18 26
14 15 17
15 2 20
6 3 19
23 24 25
23 26 27
21 22 28
21 27 30
21 26 29
22 25 17
22 24 12
23 29 30
25 28 32
24 28 31
30 33 0
29 33 16
31 32 3
202
{[25, 24, 19, 5, 4]}
{[17, 16, 14, 12, 10]}
34
14 16 33
9 11 12
17 19 5
20 5 32
13 11 5
2 3 4
7 16 20
6 15 9
9 10 13
1 8 7
14 8 11
1 10 4
1 13 30
8 12 4
0 10 18
7 18 19
0 6 31
2 18 27
14 15 17
15 2 20
6 3 19
23 24 25
23 26 27
21 22 28
21 27 30
21 26 29
22 25 31
22 24 17
23 29 30
25 28 33
24 28 12
26 32 16
31 33 3
29 32 0
203
{[25, 24, 19, 5, 4]}
{[16, 13, 12, 11, 10]}
34
14 16 26
9 11 12
17 19 5
20 5 27
13 11 5
2 3 4
7 16 20
6 15 9
9 10 13
1 8 7
14 8 11
1 10 4
1 13 33
8 12 4
0 10 18
7 18 19
0 6 32
2 18 31
14 15 17
15 2 20
6 3 19
23 24 25
23 26 27
21 22 28
21 27 30
21 26 29
22 25 0
22 24 3
23 29 30
25 28 32
24 28 31
30 33 17
29 33 16
31 32 12
204
{[25, 24, 19, 5, 4]}
{[17, 16, 14, 12, 10]}
34
14 16 27
9 11 12
17 19 5
20 5 30
13 11 5
2 3 4
7 16 20
6 15 9
9 10 13
1 8 7
14 8 11
1 10 4
1 13 32
8 12 4
0 10 18
7 18 19
0 6 31
2 18 33
14 15 17
15 2 20
6 3 19
23 24 25
23 26 27
21 22 28
21 27 30
21 26 29
22 25 31
22 24 0
23 29 30
25 28 33
24 28 3
26 32 16
31 33 12
29 32 17
205
{[25, 24, 19, 5, 4]}
{[17, 16, 15, 13, 11]}
34
14 16 29
9 11 12
17 19 5
20 5 26
13 11 5
2 3 4
7 16 20
6 15 9
9 10 13
1 8 7
14 8 11
1 10 4
1 13 32
8 12 4
0 10 18
7 18 19
0 6 33
2 18 31
14 15 17
15 2 20
6 3 19
23 24 25
23 26 27
21 22 28
21 27 30
21 26 29
22 25 3
22 24 31
23 29 30
25 28 0
24 28 33
27 32 17
31 33 12
30 32 16
206
{[25, 24, 19, 5, 4]}
{[17, 16, 15, 13, 11]}
34
14 16 31
9 11 12
17 19 5
20 5 32
13 11 5
2 3 4
7 16 20
6 15 9
9 10 13
1 8 7
14 8 11
1 10 4
1 13 26
8 12 4
0 10 18
7 18 19
0 6 33
2 18 29
14 15 17
15 2 20
6 3 19
23 24 25
23 26 27
21 22 28
21 27 30
21 26 29
22 25 12
22 24 31
23 29 30
25 28 17
24 28 33
27 32 0
31 33 3
30 32 16
207
{[25, 24, 19, 5, 4]}
{[17, 15, 14, 13, 12]}
34
14 16 30
9 11 12
17 19 5
20 5 29
13 11 5
2 3 4
7 16 20
6 15 9
9 10 13
1 8 7
14 8 11
1 10 4
1 13 33
8 12 4
0 10 18
7 18 19
0 6 31
2 18 32
14 15 17
15 2 20
6 3 19
23 24 25
23 26 27
21 22 28
21 27 30
21 26 29
22 25 32
22 24 31
23 29 30
25 28 3
24 28 0
27 33 16
26 33 17
31 32 12
208
{[25, 24, 19, 5, 4]}
{[17, 15, 14, 13, 12]}
34
14 16 32
9 11 12
17 19 5
20 5 33
13 11 5
2 3 4
7 16 20
6 15 9
9 10 13
1 8 7
14 8 11
1 10 4
1 13 29
8 12 4
0 10 18
7 18 19
0 6 31
2 18 30
14 15 17
15 2 20
6 3 19
23 24 25
23 26 27
21 22 28
21 27 30
21 26 29
22 25 32
22 24 31
23 29 30
25 28 12
24 28 17
27 33 16
26 33 0
31 32 3
209
{[25, 24, 19, 5, 4]}
{[5, 4, 2, 1, 0]}
34
14 16 27
9 11 12
17 19 5
20 5 21
13 11 5
2 3 4
7 16 20
6 15 9
9 10 13
1 8 7
14 8 11
1 10 4
1 13 24
8 12 4
0 10 18
7 18 19
0 6 22
2 18 23
14 15 17
15 2 20
6 3 19
22 25 3
21 26 16
24 25 17
23 31 12
21 23 30
22 28 32
29 32 0
26 29 30
27 28 31
25 28 33
24 29 33
26 27 33
30 31 32
210
{[25, 24, 19, 5, 4]}
{[6, 3, 2, 1, 0]}
34
14 16 21
9 11 12
17 19 5
20 5 22
13 11 5
2 3 4
7 16 20
6 15 9
9 10 13
1 8 7
14 8 11
1 10 4
1 13 23
8 12 4
0 10 18
7 18 19
0 6 25
2 18 26
14 15 17
15 2 20
6 3 19
22 24 0
21 27 3
24 25 12
21 23 31
23 30 16
28 32 17
22 29 32
26 29 30
27 28 31
25 28 33
24 29 33
26 27 33
30 31 32
211
{[25, 24, 19, 5, 4]}
{[8, 7, 4, 2, 0]}
34
14 16 22
9 11 12
17 19 5
20 5 25
13 11 5
2 3 4
7 16 20
6 15 9
9 10 13
1 8 7
14 8 11
1 10 4
1 13 21
8 12 4
0 10 18
7 18 19
0 6 23
2 18 31
14 15 17
15 2 20
6 3 19
23 24 12
24 25 0
21 27 16
21 22 26
22 30 3
24 28 32
23 29 32
26 29 30
27 28 31
25 28 33
29 33 17
26 27 33
30 31 32
212
{[25, 24, 19, 5, 4]}
{[9, 7, 3, 2, 0]}
34
14 16 30
9 11 12
17 19 5
20 5 22
13 11 5
2 3 4
7 16 20
6 15 9
9 10 13
1 8 7
14 8 11
1 10 4
1 13 24
8 12 4
0 10 18
7 18 19
0 6 25
2 18 21
14 15 17
15 2 20
6 3 19
23 24 17
23 25 3
21 22 27
21 26 12
22 31 16
24 28 32
23 29 32
26 29 30
27 28 31
28 33 0
25 29 33
26 27 33
30 31 32
213
{[25, 24, 19, 5, 4]}
{[6, 3, 2, 1, 0]}
34
14 16 26
9 11 12
17 19 5
20 5 23
13 11 5
2 3 4
7 16 20
6 15 9
9 10 13
1 8 7
14 8 11
1 10 4
1 13 22
8 12 4
0 10 18
7 18 19
0 6 25
2 18 21
14 15 17
15 2 20
6 3 19
22 24 17
21 27 12
24 25 3
21 23 31
23 30 16
28 32 0
22 29 32
26 29 30
27 28 31
25 28 33
24 29 33
26 27 33
30 31 32
214
{[25, 24, 19, 5, 4]}
{[9, 7, 3, 2, 0]}
34
14 16 21
9 11 12
17 19 5
20 5 24
13 11 5
2 3 4
7 16 20
6 15 9
9 10 13
1 8 7
14 8 11
1 10 4
1 13 22
8 12 4
0 10 18
7 18 19
0 6 25
2 18 30
14 15 17
15 2 20
6 3 19
23 24 0
23 25 12
21 22 27
21 26 3
22 31 16
24 28 32
23 29 32
26 29 30
27 28 31
28 33 17
25 29 33
26 27 33
30 31 32
215
{[25, 24, 19, 5, 4]}
{[5, 4, 2, 1, 0]}
34
14 16 23
9 11 12
17 19 5
20 5 24
13 11 5
2 3 4
7 16 20
6 15 9
9 10 13
1 8 7
14 8 11
1 10 4
1 13 21
8 12 4
0 10 18
7 18 19
0 6 22
2 18 27
14 15 17
15 2 20
6 3 19
22 25 12
21 26 16
24 25 0
23 31 3
21 23 30
22 28 32
29 32 17
26 29 30
27 28 31
25 28 33
24 29 33
26 27 33
30 31 32
216
{[25, 24, 19, 5, 4]}
{[8, 7, 4, 2, 0]}
34
14 16 31
9 11 12
17 19 5
20 5 21
13 11 5
2 3 4
7 16 20
6 15 9
9 10 13
1 8 7
14 8 11
1 10 4
1 13 25
8 12 4
0 10 18
7 18 19
0 6 23
2 18 22
14 15 17
15 2 20
6 3 19
23 24 3
24 25 17
21 27 16
21 22 26
22 30 12
24 28 32
23 29 32
26 29 30
27 28 31
25 28 33
29 33 0
26 27 33
30 31 32
217
{[25, 24, 19, 5, 4]}
{[16, 13, 12, 11, 10]}
34
14 16 26
9 11 12
17 19 5
20 5 27
13 11 5
2 3 4
7 16 20
6 15 9
9 10 13
1 8 7
14 8 11
1 10 4
1 13 33
8 12 4
0 10 18
7 18 19
0 6 32
2 18 31
14 15 17
15 2 20
6 3 19
23 24 25
23 26 27
21 22 28
21 27 30
21 26 29
22 25 0
22 24 3
23 29 30
25 28 32
24 28 31
30 33 17
29 33 16
31 32 12
218
{[25, 24, 19, 5, 4]}
{[17, 16, 14, 12, 10]}
34
14 16 27
9 11 12
17 19 5
20 5 30
13 11 5
2 3 4
7 16 20
6 15 9
9 10 13
1 8 7
14 8 11
1 10 4
1 13 32
8 12 4
0 10 18
7 18 19
0 6 31
2 18 33
14 15 17
15 2 20
6 3 19
23 24 25
23 26 27
21 22 28
21 27 30
21 26 29
22 25 31
22 24 0
23 29 30
25 28 33
24 28 3
26 32 16
31 33 12
29 32 17
219
{[25, 24, 19, 5, 4]}
{[16, 13, 12, 11, 10]}
34
14 16 31
9 11 12
17 19 5
20 5 33
13 11 5
2 3 4
7 16 20
6 15 9
9 10 13
1 8 7
14 8 11
1 10 4
1 13 27
8 12 4
0 10 18
7 18 19
0 6 32
2 18 26
14 15 17
15 2 20
6 3 19
23 24 25
23 26 27
21 22 28
21 27 30
21 26 29
22 25 17
22 24 12
23 29 30
25 28 32
24 28 31
30 33 0
29 33 16
31 32 3
220
{[25, 24, 19, 5, 4]}
{[17, 16, 14, 12, 10]}
34
14 16 33
9 11 12
17 19 5
20 5 32
13 11 5
2 3 4
7 16 20
6 15 9
9 10 13
1 8 7
14 8 11
1 10 4
1 13 30
8 12 4
0 10 18
7 18 19
0 6 31
2 18 27
14 15 17
15 2 20
6 3 19
23 24 25
23 26 27
21 22 28
21 27 30
21 26 29
22 25 31
22 24 17
23 29 30
25 28 33
24 28 12
26 32 16
31 33 3
29 32 0
221
{[25, 24, 19, 5, 4]}
{[17, 16, 15, 13, 11]}
34
14 16 31
9 11 12
17 19 5
20 5 32
13 11 5
2 3 4
7 16 20
6 15 9
9 10 13
1 8 7
14 8 11
1 10 4
1 13 26
8 12 4
0 10 18
7 18 19
0 6 33
2 18 29
14 15 17
15 2 20
6 3 19
23 24 25
23 26 27
21 22 28
21 27 30
21 26 29
22 25 12
22 24 31
23 29 30
25 28 17
24 28 33
27 32 0
31 33 3
30 32 16
222
{[25, 24, 19, 5, 4]}
{[17, 16, 15, 13, 11]}
34
14 16 29
9 11 12
17 19 5
20 5 26
13 11 5
2 3 4
7 16 20
6 15 9
9 10 13
1 8 7
14 8 11
1 10 4
1 13 32
8 12 4
0 10 18
7 18 19
0 6 33
2 18 31
14 15 17
15 2 20
6 3 19
23 24 25
23 26 27
21 22 28
21 27 30
21 26 29
22 25 3
22 24 31
23 29 30
25 28 0
24 28 33
27 32 17
31 33 12
30 32 16
223
{[25, 24, 19, 5, 4]}
{[17, 15, 14, 13, 12]}
34
14 16 32
9 11 12
17 19 5
20 5 33
13 11 5
2 3 4
7 16 20
6 15 9
9 10 13
1 8 7
14 8 11
1 10 4
1 13 29
8 12 4
0 10 18
7 18 19
0 6 31
2 18 30
14 15 17
15 2 20
6 3 19
23 24 25
23 26 27
21 22 28
21 27 30
21 26 29
22 25 32
22 24 31
23 29 30
25 28 12
24 28 17
27 33 16
26 33 0
31 32 3
224
{[25, 24, 19, 5, 4]}
{[17, 15, 14, 13, 12]}
34
14 16 30
9 11 12
17 19 5
20 5 29
13 11 5
2 3 4
7 16 20
6 15 9
9 10 13
1 8 7
14 8 11
1 10 4
1 13 33
8 12 4
0 10 18
7 18 19
0 6 31
2 18 32
14 15 17
15 2 20
6 3 19
23 24 25
23 26 27
21 22 28
21 27 30
21 26 29
22 25 32
22 24 31
23 29 30
25 28 3
24 28 0
27 33 16
26 33 17
31 32 12
225
{[15, 13, 12, 10, 6]}
{[5, 4, 2, 1, 0]}
34
11 19 13
9 10 23
15 17 6
20 18 6
19 15 5
14 4 10
2 3 24
8 13 18
7 12 9
1 8 21
1 5 22
0 16 27
8 16 17
0 7 14
20 13 5
2 4 16
11 12 15
12 2 18
7 3 17
0 20 4
14 19 3
22 25 9
21 26 10
24 25 1
23 31 6
21 23 30
22 28 32
29 32 11
26 29 30
27 28 31
25 28 33
24 29 33
26 27 33
30 31 32
226
{[15, 13, 12, 10, 6]}
{[6, 3, 2, 1, 0]}
34
11 19 13
9 10 26
15 17 6
20 18 6
19 15 5
14 4 10
2 3 23
8 13 18
7 12 9
1 8 22
1 5 25
0 16 21
8 16 17
0 7 14
20 13 5
2 4 16
11 12 15
12 2 18
7 3 17
0 20 4
14 19 3
22 24 11
21 27 9
24 25 6
21 23 31
23 30 10
28 32 1
22 29 32
26 29 30
27 28 31
25 28 33
24 29 33
26 27 33
30 31 32
227
{[15, 13, 12, 10, 6]}
{[8, 7, 4, 2, 0]}
34
11 19 13
9 10 31
15 17 6
20 18 6
19 15 5
14 4 10
2 3 21
8 13 18
7 12 9
1 8 25
1 5 23
0 16 22
8 16 17
0 7 14
20 13 5
2 4 16
11 12 15
12 2 18
7 3 17
0 20 4
14 19 3
23 24 6
24 25 11
21 27 10
21 22 26
22 30 9
24 28 32
23 29 32
26 29 30
27 28 31
25 28 33
29 33 1
26 27 33
30 31 32
228
{[15, 13, 12, 10, 6]}
{[9, 7, 3, 2, 0]}
34
11 19 13
9 10 21
15 17 6
20 18 6
19 15 5
14 4 10
2 3 24
8 13 18
7 12 9
1 8 22
1 5 25
0 16 30
8 16 17
0 7 14
20 13 5
2 4 16
11 12 15
12 2 18
7 3 17
0 20 4
14 19 3
23 24 1
23 25 9
21 22 27
21 26 6
22 31 10
24 28 32
23 29 32
26 29 30
27 28 31
28 33 11
25 29 33
26 27 33
30 31 32
229
{[15, 13, 12, 10, 6]}
{[6, 3, 2, 1, 0]}
34
11 19 13
9 10 21
15 17 6
20 18 6
19 15 5
14 4 10
2 3 22
8 13 18
7 12 9
1 8 23
1 5 25
0 16 26
8 16 17
0 7 14
20 13 5
2 4 16
11 12 15
12 2 18
7 3 17
0 20 4
14 19 3
22 24 1
21 27 6
24 25 9
21 23 31
23 30 10
28 32 11
22 29 32
26 29 30
27 28 31
25 28 33
24 29 33
26 27 33
30 31 32
230
{[15, 13, 12, 10, 6]}
{[9, 7, 3, 2, 0]}
34
11 19 13
9 10 30
15 17 6
20 18 6
19 15 5
14 4 10
2 3 22
8 13 18
7 12 9
1 8 24
1 5 25
0 16 21
8 16 17
0 7 14
20 13 5
2 4 16
11 12 15
12 2 18
7 3 17
0 20 4
14 19 3
23 24 11
23 25 6
21 22 27
21 26 9
22 31 10
24 28 32
23 29 32
26 29 30
27 28 31
28 33 1
25 29 33
26 27 33
30 31 32
231
{[15, 13, 12, 10, 6]}
{[5, 4, 2, 1, 0]}
34
11 19 13
9 10 27
15 17 6
20 18 6
19 15 5
14 4 10
2 3 21
8 13 18
7 12 9
1 8 24
1 5 22
0 16 23
8 16 17
0 7 14
20 13 5
2 4 16
11 12 15
12 2 18
7 3 17
0 20 4
14 19 3
22 25 6
21 26 10
24 25 11
23 31 9
21 23 30
22 28 32
29 32 1
26 29 30
27 28 31
25 28 33
24 29 33
26 27 33
30 31 32
232
{[15, 13, 12, 10, 6]}
{[8, 7, 4, 2, 0]}
34
11 19 13
9 10 22
15 17 6
20 18 6
19 15 5
14 4 10
2 3 25
8 13 18
7 12 9
1 8 21
1 5 23
0 16 31
8 16 17
0 7 14
20 13 5
2 4 16
11 12 15
12 2 18
7 3 17
0 20 4
14 19 3
23 24 9
24 25 1
21 27 10
21 22 26
22 30 6
24 28 32
23 29 32
26 29 30
27 28 31
25 28 33
29 33 11
26 27 33
30 31 32
233
{[15, 13, 12, 10, 6]}
{[16, 13, 12, 11, 10]}
34
11 19 13
9 10 31
15 17 6
20 18 6
19 15 5
14 4 10
2 3 33
8 13 18
7 12 9
1 8 27
1 5 32
0 16 26
8 16 17
0 7 14
20 13 5
2 4 16
11 12 15
12 2 18
7 3 17
0 20 4
14 19 3
23 24 25
23 26 27
21 22 28
21 27 30
21 26 29
22 25 11
22 24 9
23 29 30
25 28 32
24 28 31
30 33 1
29 33 10
31 32 6
234
{[15, 13, 12, 10, 6]}
{[17, 16, 14, 12, 10]}
34
11 19 13
9 10 33
15 17 6
20 18 6
19 15 5
14 4 10
2 3 32
8 13 18
7 12 9
1 8 30
1 5 31
0 16 27
8 16 17
0 7 14
20 13 5
2 4 16
11 12 15
12 2 18
7 3 17
0 20 4
14 19 3
23 24 25
23 26 27
21 22 28
21 27 30
21 26 29
22 25 31
22 24 11
23 29 30
25 28 33
24 28 9
26 32 10
31 33 6
29 32 1
235
{[15, 13, 12, 10, 6]}
{[16, 13, 12, 11, 10]}
34
11 19 13
9 10 26
15 17 6
20 18 6
19 15 5
14 4 10
2 3 27
8 13 18
7 12 9
1 8 33
1 5 32
0 16 31
8 16 17
0 7 14
20 13 5
2 4 16
11 12 15
12 2 18
7 3 17
0 20 4
14 19 3
23 24 25
23 26 27
21 22 28
21 27 30
21 26 29
22 25 1
22 24 6
23 29 30
25 28 32
24 28 31
30 33 11
29 33 10
31 32 9
236
{[15, 13, 12, 10, 6]}
{[17, 16, 14, 12, 10]}
34
11 19 13
9 10 27
15 17 6
20 18 6
19 15 5
14 4 10
2 3 30
8 13 18
7 12 9
1 8 32
1 5 31
0 16 33
8 16 17
0 7 14
20 13 5
2 4 16
11 12 15
12 2 18
7 3 17
0 20 4
14 19 3
23 24 25
23 26 27
21 22 28
21 27 30
21 26 29
22 25 31
22 24 1
23 29 30
25 28 33
24 28 6
26 32 10
31 33 9
29 32 11
237
{[15, 13, 12, 10, 6]}
{[17, 16, 15, 13, 11]}
34
11 19 13
9 10 29
15 17 6
20 18 6
19 15 5
14 4 10
2 3 26
8 13 18
7 12 9
1 8 32
1 5 33
0 16 31
8 16 17
0 7 14
20 13 5
2 4 16
11 12 15
12 2 18
7 3 17
0 20 4
14 19 3
23 24 25
23 26 27
21 22 28
21 27 30
21 26 29
22 25 6
22 24 31
23 29 30
25 28 1
24 28 33
27 32 11
31 33 9
30 32 10
238
{[15, 13, 12, 10, 6]}
{[17, 16, 15, 13, 11]}
34
11 19 13
9 10 31
15 17 6
20 18 6
19 15 5
14 4 10
2 3 32
8 13 18
7 12 9
1 8 26
1 5 33
0 16 29
8 16 17
0 7 14
20 13 5
2 4 16
11 12 15
12 2 18
7 3 17
0 20 4
14 19 3
23 24 25
23 26 27
21 22 28
21 27 30
21 26 29
22 25 9
22 24 31
23 29 30
25 28 11
24 28 33
27 32 1
31 33 6
30 32 10
239
{[15, 13, 12, 10, 6]}
{[17, 15, 14, 13, 12]}
34
11 19 13
9 10 30
15 17 6
20 18 6
19 15 5
14 4 10
2 3 29
8 13 18
7 12 9
1 8 33
1 5 31
0 16 32
8 16 17
0 7 14
20 13 5
2 4 16
11 12 15
12 2 18
7 3 17
0 20 4
14 19 3
23 24 25
23 26 27
21 22 28
21 27 30
21 26 29
22 25 32
22 24 31
23 29 30
25 28 6
24 28 1
27 33 10
26 33 11
31 32 9
240
{[15, 13, 12, 10, 6]}
{[17, 15, 14, 13, 12]}
34
11 19 13
9 10 32
15 17 6
20 18 6
19 15 5
14 4 10
2 3 33
8 13 18
7 12 9
1 8 29
1 5 31
0 16 30
8 16 17
0 7 14
20 13 5
2 4 16
11 12 15
12 2 18
7 3 17
0 20 4
14 19 3
23 24 25
23 26 27
21 22 28
21 27 30
21 26 29
22 25 32
22 24 31
23 29 30
25 28 9
24 28 11
27 33 10
26 33 1
31 32 6
241
{[15, 13, 12, 10, 6]}
{[5, 4, 2, 1, 0]}
34
11 19 13
9 10 27
15 17 6
20 18 6
19 15 5
14 4 10
2 3 21
8 13 18
7 12 9
1 8 24
1 5 22
0 16 23
8 16 17
0 7 14
20 13 5
2 4 16
11 12 15
12 2 18
7 3 17
0 20 4
14 19 3
22 25 6
21 26 10
24 25 11
23 31 9
21 23 30
22 28 32
29 32 1
26 29 30
27 28 31
25 28 33
24 29 33
26 27 33
30 31 32
242
{[15, 13, 12, 10, 6]}
{[6, 3, 2, 1, 0]}
34
11 19 13
9 10 21
15 17 6
20 18 6
19 15 5
14 4 10
2 3 22
8 13 18
7 12 9
1 8 23
1 5 25
0 16 26
8 16 17
0 7 14
20 13 5
2 4 16
11 12 15
12 2 18
7 3 17
0 20 4
14 19 3
22 24 1
21 27 6
24 25 9
21 23 31
23 30 10
28 32 11
22 29 32
26 29 30
27 28 31
25 28 33
24 29 33
26 27 33
30 31 32
243
{[15, 13, 12, 10, 6]}
{[8, 7, 4, 2, 0]}
34
11 19 13
9 10 22
15 17 6
20 18 6
19 15 5
14 4 10
2 3 25
8 13 18
7 12 9
1 8 21
1 5 23
0 16 31
8 16 17
0 7 14
20 13 5
2 4 16
11 12 15
12 2 18
7 3 17
0 20 4
14 19 3
23 24 9
24 25 1
21 27 10
21 22 26
22 30 6
24 28 32
23 29 32
26 29 30
27 28 31
25 28 33
29 33 11
26 27 33
30 31 32
244
{[15, 13, 12, 10, 6]}
{[9, 7, 3, 2, 0]}
34
11 19 13
9 10 30
15 17 6
20 18 6
19 15 5
14 4 10
2 3 22
8 13 18
7 12 9
1 8 24
1 5 25
0 16 21
8 16 17
0 7 14
20 13 5
2 4 16
11 12 15
12 2 18
7 3 17
0 20 4
14 19 3
23 24 11
23 25 6
21 22 27
21 26 9
22 31 10
24 28 32
23 29 32
26 29 30
27 28 31
28 33 1
25 29 33
26 27 33
30 31 32
245
{[15, 13, 12, 10, 6]}
{[6, 3, 2, 1, 0]}
34
11 19 13
9 10 26
15 17 6
20 18 6
19 15 5
14 4 10
2 3 23
8 13 18
7 12 9
1 8 22
1 5 25
0 16 21
8 16 17
0 7 14
20 13 5
2 4 16
11 12 15
12 2 18
7 3 17
0 20 4
14 19 3
22 24 11
21 27 9
24 25 6
21 23 31
23 30 10
28 32 1
22 29 32
26 29 30
27 28 31
25 28 33
24 29 33
26 27 33
30 31 32
246
{[15, 13, 12, 10, 6]}
{[9, 7, 3, 2, 0]}
34
11 19 13
9 10 21
15 17 6
20 18 6
19 15 5
14 4 10
2 3 24
8 13 18
7 12 9
1 8 22
1 5 25
0 16 30
8 16 17
0 7 14
20 13 5
2 4 16
11 12 15
12 2 18
7 3 17
0 20 4
14 19 3
23 24 1
23 25 9
21 22 27
21 26 6
22 31 10
24 28 32
23 29 32
26 29 30
27 28 31
28 33 11
25 29 33
26 27 33
30 31 32
247
{[15, 13, 12, 10, 6]}
{[5, 4, 2, 1, 0]}
34
11 19 13
9 10 23
15 17 6
20 18 6
19 15 5
14 4 10
2 3 24
8 13 18
7 12 9
1 8 21
1 5 22
0 16 27
8 16 17
0 7 14
20 13 5
2 4 16
11 12 15
12 2 18
7 3 17
0 20 4
14 19 3
22 25 9
21 26 10
24 25 1
23 31 6
21 23 30
22 28 32
29 32 11
26 29 30
27 28 31
25 28 33
24 29 33
26 27 33
30 31 32
248
{[15, 13, 12, 10, 6]}
{[8, 7, 4, 2, 0]}
34
11 19 13
9 10 31
15 17 6
20 18 6
19 15 5
14 4 10
2 3 21
8 13 18
7 12 9
1 8 25
1 5 23
0 16 22
8 16 17
0 7 14
20 13 5
2 4 16
11 12 15
12 2 18
7 3 17
0 20 4
14 19 3
23 24 6
24 25 11
21 27 10
21 22 26
22 30 9
24 28 32
23 29 32
26 29 30
27 28 31
25 28 33
29 33 1
26 27 33
30 31 32
249
{[15, 13, 12, 10, 6]}
{[16, 13, 12, 11, 10]}
34
11 19 13
9 10 26
15 17 6
20 18 6
19 15 5
14 4 10
2 3 27
8 13 18
7 12 9
1 8 33
1 5 32
0 16 31
8 16 17
0 7 14
20 13 5
2 4 16
11 12 15
12 2 18
7 3 17
0 20 4
14 19 3
23 24 25
23 26 27
21 22 28
21 27 30
21 26 29
22 25 1
22 24 6
23 29 30
25 28 32
24 28 31
30 33 11
29 33 10
31 32 9
250
{[15, 13, 12, 10, 6]}
{[17, 16, 14, 12, 10]}
34
11 19 13
9 10 27
15 17 6
20 18 6
19 15 5
14 4 10
2 3 30
8 13 18
7 12 9
1 8 32
1 5 31
0 16 33
8 16 17
0 7 14
20 13 5
2 4 16
11 12 15
12 2 18
7 3 17
0 20 4
14 19 3
23 24 25
23 26 27
21 22 28
21 27 30
21 26 29
22 25 31
22 24 1
23 29 30
25 28 33
24 28 6
26 32 10
31 33 9
29 32 11
251
{[15, 13, 12, 10, 6]}
{[16, 13, 12, 11, 10]}
34
11 19 13
9 10 31
15 17 6
20 18 6
19 15 5
14 4 10
2 3 33
8 13 18
7 12 9
1 8 27
1 5 32
0 16 26
8 16 17
0 7 14
20 13 5
2 4 16
11 12 15
12 2 18
7 3 17
0 20 4
14 19 3
23 24 25
23 26 27
21 22 28
21 27 30
21 26 29
22 25 11
22 24 9
23 29 30
25 28 32
24 28 31
30 33 1
29 33 10
31 32 6
252
{[15, 13, 12, 10, 6]}
{[17, 16, 14, 12, 10]}
34
11 19 13
9 10 33
15 17 6
20 18 6
19 15 5
14 4 10
2 3 32
8 13 18
7 12 9
1 8 30
1 5 31
0 16 27
8 16 17
0 7 14
20 13 5
2 4 16
11 12 15
12 2 18
7 3 17
0 20 4
14 19 3
23 24 25
23 26 27
21 22 28
21 27 30
21 26 29
22 25 31
22 24 11
23 29 30
25 28 33
24 28 9
26 32 10
31 33 6
29 32 1
253
{[15, 13, 12, 10, 6]}
{[17, 16, 15, 13, 11]}
34
11 19 13
9 10 31
15 17 6
20 18 6
19 15 5
14 4 10
2 3 32
8 13 18
7 12 9
1 8 26
1 5 33
0 16 29
8 16 17
0 7 14
20 13 5
2 4 16
11 12 15
12 2 18
7 3 17
0 20 4
14 19 3
23 24 25
23 26 27
21 22 28
21 27 30
21 26 29
22 25 9
22 24 31
23 29 30
25 28 11
24 28 33
27 32 1
31 33 6
30 32 10
254
{[15, 13, 12, 10, 6]}
{[17, 16, 15, 13, 11]}
34
11 19 13
9 10 29
15 17 6
20 18 6
19 15 5
14 4 10
2 3 26
8 13 18
7 12 9
1 8 32
1 5 33
0 16 31
8 16 17
0 7 14
20 13 5
2 4 16
11 12 15
12 2 18
7 3 17
0 20 4
14 19 3
23 24 25
23 26 27
21 22 28
21 27 30
21 26 29
22 25 6
22 24 31
23 29 30
25 28 1
24 28 33
27 32 11
31 33 9
30 32 10
255
{[15, 13, 12, 10, 6]}
{[17, 15, 14, 13, 12]}
34
11 19 13
9 10 32
15 17 6
20 18 6
19 15 5
14 4 10
2 3 33
8 13 18
7 12 9
1 8 29
1 5 31
0 16 30
8 16 17
0 7 14
20 13 5
2 4 16
11 12 15
12 2 18
7 3 17
0 20 4
14 19 3
23 24 25
23 26 27
21 22 28
21 27 30
21 26 29
22 25 32
22 24 31
23 29 30
25 28 9
24 28 11
27 33 10
26 33 1
31 32 6
256
{[15, 13, 12, 10, 6]}
{[17, 15, 14, 13, 12]}
34
11 19 13
9 10 30
15 17 6
20 18 6
19 15 5
14 4 10
2 3 29
8 13 18
7 12 9
1 8 33
1 5 31
0 16 32
8 16 17
0 7 14
20 13 5
2 4 16
11 12 15
12 2 18
7 3 17
0 20 4
14 19 3
23 24 25
23 26 27
21 22 28
21 27 30
21 26 29
22 25 32
22 24 31
23 29 30
25 28 6
24 28 1
27 33 10
26 33 11
31 32 9
257
{[23, 22, 17, 9, 8]}
{[5, 4, 2, 1, 0]}
34
14 19 15
9 11 12
17 7 22
20 7 24
19 17 5
16 4 12
13 11 7
2 3 6
9 10 13
1 8 27
14 8 11
1 10 6
1 5 13
8 12 6
0 10 18
0 16 23
20 15 5
2 4 18
14 17 21
0 20 4
16 19 3
22 25 18
21 26 2
24 25 15
23 31 3
21 23 30
22 28 32
29 32 9
26 29 30
27 28 31
25 28 33
24 29 33
26 27 33
30 31 32
258
{[23, 22, 17, 9, 8]}
{[6, 3, 2, 1, 0]}
34
14 19 15
9 11 12
17 7 25
20 7 23
19 17 5
16 4 12
13 11 7
2 3 6
9 10 13
1 8 21
14 8 11
1 10 6
1 5 13
8 12 6
0 10 18
0 16 26
20 15 5
2 4 18
14 17 22
0 20 4
16 19 3
22 24 9
21 27 18
24 25 3
21 23 31
23 30 2
28 32 15
22 29 32
26 29 30
27 28 31
25 28 33
24 29 33
26 27 33
30 31 32
259
{[23, 22, 17, 9, 8]}
{[8, 7, 4, 2, 0]}
34
14 19 15
9 11 12
17 7 23
20 7 21
19 17 5
16 4 12
13 11 7
2 3 6
9 10 13
1 8 22
14 8 11
1 10 6
1 5 13
8 12 6
0 10 18
0 16 31
20 15 5
2 4 18
14 17 25
0 20 4
16 19 3
23 24 3
24 25 9
21 27 2
21 22 26
22 30 18
24 28 32
23 29 32
26 29 30
27 28 31
25 28 33
29 33 15
26 27 33
30 31 32
260
{[23, 22, 17, 9, 8]}
{[9, 7, 3, 2, 0]}
34
14 19 15
9 11 12
17 7 25
20 7 24
19 17 5
16 4 12
13 11 7
2 3 6
9 10 13
1 8 30
14 8 11
1 10 6
1 5 13
8 12 6
0 10 18
0 16 21
20 15 5
2 4 18
14 17 22
0 20 4
16 19 3
23 24 15
23 25 18
21 22 27
21 26 3
22 31 2
24 28 32
23 29 32
26 29 30
27 28 31
28 33 9
25 29 33
26 27 33
30 31 32
261
{[23, 22, 17, 9, 8]}
{[6, 3, 2, 1, 0]}
34
14 19 15
9 11 12
17 7 25
20 7 22
19 17 5
16 4 12
13 11 7
2 3 6
9 10 13
1 8 26
14 8 11
1 10 6
1 5 13
8 12 6
0 10 18
0 16 21
20 15 5
2 4 18
14 17 23
0 20 4
16 19 3
22 24 15
21 27 3
24 25 18
21 23 31
23 30 2
28 32 9
22 29 32
26 29 30
27 28 31
25 28 33
24 29 33
26 27 33
30 31 32
262
{[23, 22, 17, 9, 8]}
{[9, 7, 3, 2, 0]}
34
14 19 15
9 11 12
17 7 25
20 7 22
19 17 5
16 4 12
13 11 7
2 3 6
9 10 13
1 8 21
14 8 11
1 10 6
1 5 13
8 12 6
0 10 18
0 16 30
20 15 5
2 4 18
14 17 24
0 20 4
16 19 3
23 24 9
23 25 3
21 22 27
21 26 18
22 31 2
24 28 32
23 29 32
26 29 30
27 28 31
28 33 15
25 29 33
26 27 33
30 31 32
263
{[23, 22, 17, 9, 8]}
{[5, 4, 2, 1, 0]}
34
14 19 15
9 11 12
17 7 22
20 7 21
19 17 5
16 4 12
13 11 7
2 3 6
9 10 13
1 8 23
14 8 11
1 10 6
1 5 13
8 12 6
0 10 18
0 16 27
20 15 5
2 4 18
14 17 24
0 20 4
16 19 3
22 25 3
21 26 2
24 25 9
23 31 18
21 23 30
22 28 32
29 32 15
26 29 30
27 28 31
25 28 33
24 29 33
26 27 33
30 31 32
264
{[23, 22, 17, 9, 8]}
{[8, 7, 4, 2, 0]}
34
14 19 15
9 11 12
17 7 23
20 7 25
19 17 5
16 4 12
13 11 7
2 3 6
9 10 13
1 8 31
14 8 11
1 10 6
1 5 13
8 12 6
0 10 18
0 16 22
20 15 5
2 4 18
14 17 21
0 20 4
16 19 3
23 24 18
24 25 15
21 27 2
21 22 26
22 30 3
24 28 32
23 29 32
26 29 30
27 28 31
25 28 33
29 33 9
26 27 33
30 31 32
265
{[23, 22, 17, 9, 8]}
{[16, 13, 12, 11, 10]}
34
14 19 15
9 11 12
17 7 32
20 7 33
19 17 5
16 4 12
13 11 7
2 3 6
9 10 13
1 8 26
14 8 11
1 10 6
1 5 13
8 12 6
0 10 18
0 16 31
20 15 5
2 4 18
14 17 27
0 20 4
16 19 3
23 24 25
23 26 27
21 22 28
21 27 30
21 26 29
22 25 9
22 24 18
23 29 30
25 28 32
24 28 31
30 33 15
29 33 2
31 32 3
266
{[23, 22, 17, 9, 8]}
{[17, 16, 14, 12, 10]}
34
14 19 15
9 11 12
17 7 31
20 7 32
19 17 5
16 4 12
13 11 7
2 3 6
9 10 13
1 8 27
14 8 11
1 10 6
1 5 13
8 12 6
0 10 18
0 16 33
20 15 5
2 4 18
14 17 30
0 20 4
16 19 3
23 24 25
23 26 27
21 22 28
21 27 30
21 26 29
22 25 31
22 24 9
23 29 30
25 28 33
24 28 18
26 32 2
31 33 3
29 32 15
267
{[23, 22, 17, 9, 8]}
{[16, 13, 12, 11, 10]}
34
14 19 15
9 11 12
17 7 32
20 7 27
19 17 5
16 4 12
13 11 7
2 3 6
9 10 13
1 8 31
14 8 11
1 10 6
1 5 13
8 12 6
0 10 18
0 16 26
20 15 5
2 4 18
14 17 33
0 20 4
16 19 3
23 24 25
23 26 27
21 22 28
21 27 30
21 26 29
22 25 15
22 24 3
23 29 30
25 28 32
24 28 31
30 33 9
29 33 2
31 32 18
268
{[23, 22, 17, 9, 8]}
{[17, 16, 14, 12, 10]}
34
14 19 15
9 11 12
17 7 31
20 7 30
19 17 5
16 4 12
13 11 7
2 3 6
9 10 13
1 8 33
14 8 11
1 10 6
1 5 13
8 12 6
0 10 18
0 16 27
20 15 5
2 4 18
14 17 32
0 20 4
16 19 3
23 24 25
23 26 27
21 22 28
21 27 30
21 26 29
22 25 31
22 24 15
23 29 30
25 28 33
24 28 3
26 32 2
31 33 18
29 32 9
269
{[23, 22, 17, 9, 8]}
{[17, 16, 15, 13, 11]}
34
14 19 15
9 11 12
17 7 33
20 7 26
19 17 5
16 4 12
13 11 7
2 3 6
9 10 13
1 8 31
14 8 11
1 10 6
1 5 13
8 12 6
0 10 18
0 16 29
20 15 5
2 4 18
14 17 32
0 20 4
16 19 3
23 24 25
23 26 27
21 22 28
21 27 30
21 26 29
22 25 3
22 24 31
23 29 30
25 28 15
24 28 33
27 32 9
31 33 18
30 32 2
270
{[23, 22, 17, 9, 8]}
{[17, 16, 15, 13, 11]}
34
14 19 15
9 11 12
17 7 33
20 7 32
19 17 5
16 4 12
13 11 7
2 3 6
9 10 13
1 8 29
14 8 11
1 10 6
1 5 13
8 12 6
0 10 18
0 16 31
20 15 5
2 4 18
14 17 26
0 20 4
16 19 3
23 24 25
23 26 27
21 22 28
21 27 30
21 26 29
22 25 18
22 24 31
23 29 30
25 28 9
24 28 33
27 32 15
31 33 3
30 32 2
271
{[23, 22, 17, 9, 8]}
{[17, 15, 14, 13, 12]}
34
14 19 15
9 11 12
17 7 31
20 7 29
19 17 5
16 4 12
13 11 7
2 3 6
9 10 13
1 8 32
14 8 11
1 10 6
1 5 13
8 12 6
0 10 18
0 16 30
20 15 5
2 4 18
14 17 33
0 20 4
16 19 3
23 24 25
23 26 27
21 22 28
21 27 30
21 26 29
22 25 32
22 24 31
23 29 30
25 28 3
24 28 15
27 33 2
26 33 9
31 32 18
272
{[23, 22, 17, 9, 8]}
{[17, 15, 14, 13, 12]}
34
14 19 15
9 11 12
17 7 31
20 7 33
19 17 5
16 4 12
13 11 7
2 3 6
9 10 13
1 8 30
14 8 11
1 10 6
1 5 13
8 12 6
0 10 18
0 16 32
20 15 5
2 4 18
14 17 29
0 20 4
16 19 3
23 24 25
23 26 27
21 22 28
21 27 30
21 26 29
22 25 32
22 24 31
23 29 30
25 28 18
24 28 9
27 33 2
26 33 15
31 32 3
273
{[23, 22, 17, 9, 8]}
{[5, 4, 2, 1, 0]}
34
14 19 15
9 11 12
17 7 22
20 7 21
19 17 5
16 4 12
13 11 7
2 3 6
9 10 13
1 8 23
14 8 11
1 10 6
1 5 13
8 12 6
0 10 18
0 16 27
20 15 5
2 4 18
14 17 24
0 20 4
16 19 3
22 25 3
21 26 2
24 25 9
23 31 18
21 23 30
22 28 32
29 32 15
26 29 30
27 28 31
25 28 33
24 29 33
26 27 33
30 31 32
274
{[23, 22, 17, 9, 8]}
{[6, 3, 2, 1, 0]}
34
14 19 15
9 11 12
17 7 25
20 7 22
19 17 5
16 4 12
13 11 7
2 3 6
9 10 13
1 8 26
14 8 11
1 10 6
1 5 13
8 12 6
0 10 18
0 16 21
20 15 5
2 4 18
14 17 23
0 20 4
16 19 3
22 24 15
21 27 3
24 25 18
21 23 31
23 30 2
28 32 9
22 29 32
26 29 30
27 28 31
25 28 33
24 29 33
26 27 33
30 31 32
275
{[23, 22, 17, 9, 8]}
{[8, 7, 4, 2, 0]}
34
14 19 15
9 11 12
17 7 23
20 7 25
19 17 5
16 4 12
13 11 7
2 3 6
9 10 13
1 8 31
14 8 11
1 10 6
1 5 13
8 12 6
0 10 18
0 16 22
20 15 5
2 4 18
14 17 21
0 20 4
16 19 3
23 24 18
24 25 15
21 27 2
21 22 26
22 30 3
24 28 32
23 29 32
26 29 30
27 28 31
25 28 33
29 33 9
26 27 33
30 31 32
276
{[23, 22, 17, 9, 8]}
{[9, 7, 3, 2, 0]}
34
14 19 15
9 11 12
17 7 25
20 7 22
19 17 5
16 4 12
13 11 7
2 3 6
9 10 13
1 8 21
14 8 11
1 10 6
1 5 13
8 12 6
0 10 18
0 16 30
20 15 5
2 4 18
14 17 24
0 20 4
16 19 3
23 24 9
23 25 3
21 22 27
21 26 18
22 31 2
24 28 32
23 29 32
26 29 30
27 28 31
28 33 15
25 29 33
26 27 33
30 31 32
277
{[23, 22, 17, 9, 8]}
{[6, 3, 2, 1, 0]}
34
14 19 15
9 11 12
17 7 25
20 7 23
19 17 5
16 4 12
13 11 7
2 3 6
9 10 13
1 8 21
14 8 11
1 10 6
1 5 13
8 12 6
0 10 18
0 16 26
20 15 5
2 4 18
14 17 22
0 20 4
16 19 3
22 24 9
21 27 18
24 25 3
21 23 31
23 30 2
28 32 15
22 29 32
26 29 30
27 28 31
25 28 33
24 29 33
26 27 33
30 31 32
278
{[23, 22, 17, 9, 8]}
{[9, 7, 3, 2, 0]}
34
14 19 15
9 11 12
17 7 25
20 7 24
19 17 5
16 4 12
13 11 7
2 3 6
9 10 13
1 8 30
14 8 11
1 10 6
1 5 13
8 12 6
0 10 18
0 16 21
20 15 5
2 4 18
14 17 22
0 20 4
16 19 3
23 24 15
23 25 18
21 22 27
21 26 3
22 31 2
24 28 32
23 29 32
26 29 30
27 28 31
28 33 9
25 29 33
26 27 33
30 31 32
279
{[23, 22, 17, 9, 8]}
{[5, 4, 2, 1, 0]}
34
14 19 15
9 11 12
17 7 22
20 7 24
19 17 5
16 4 12
13 11 7
2 3 6
9 10 13
1 8 27
14 8 11
1 10 6
1 5 13
8 12 6
0 10 18
0 16 23
20 15 5
2 4 18
14 17 21
0 20 4
16 19 3
22 25 18
21 26 2
24 25 15
23 31 3
21 23 30
22 28 32
29 32 9
26 29 30
27 28 31
25 28 33
24 29 33
26 27 33
30 31 32
280
{[23, 22, 17, 9, 8]}
{[8, 7, 4, 2, 0]}
34
14 19 15
9 11 12
17 7 23
20 7 21
19 17 5
16 4 12
13 11 7
2 3 6
9 10 13
1 8 22
14 8 11
1 10 6
1 5 13
8 12 6
0 10 18
0 16 31
20 15 5
2 4 18
14 17 25
0 20 4
16 19 3
23 24 3
24 25 9
21 27 2
21 22 26
22 30 18
24 28 32
23 29 32
26 29 30
27 28 31
25 28 33
29 33 15
26 27 33
30 31 32
281
{[23, 22, 17, 9, 8]}
{[16, 13, 12, 11, 10]}
34
14 19 15
9 11 12
17 7 32
20 7 27
19 17 5
16 4 12
13 11 7
2 3 6
9 10 13
1 8 31
14 8 11
1 10 6
1 5 13
8 12 6
0 10 18
0 16 26
20 15 5
2 4 18
14 17 33
0 20 4
16 19 3
23 24 25
23 26 27
21 22 28
21 27 30
21 26 29
22 25 15
22 24 3
23 29 30
25 28 32
24 28 31
30 33 9
29 33 2
31 32 18
282
{[23, 22, 17, 9, 8]}
{[17, 16, 14, 12, 10]}
34
14 19 15
9 11 12
17 7 31
20 7 30
19 17 5
16 4 12
13 11 7
2 3 6
9 10 13
1 8 33
14 8 11
1 10 6
1 5 13
8 12 6
0 10 18
0 16 27
20 15 5
2 4 18
14 17 32
0 20 4
16 19 3
23 24 25
23 26 27
21 22 28
21 27 30
21 26 29
22 25 31
22 24 15
23 29 30
25 28 33
24 28 3
26 32 2
31 33 18
29 32 9
283
{[23, 22, 17, 9, 8]}
{[16, 13, 12, 11, 10]}
34
14 19 15
9 11 12
17 7 32
20 7 33
19 17 5
16 4 12
13 11 7
2 3 6
9 10 13
1 8 26
14 8 11
1 10 6
1 5 13
8 12 6
0 10 18
0 16 31
20 15 5
2 4 18
14 17 27
0 20 4
16 19 3
23 24 25
23 26 27
21 22 28
21 27 30
21 26 29
22 25 9
22 24 18
23 29 30
25 28 32
24 28 31
30 33 15
29 33 2
31 32 3
284
{[23, 22, 17, 9, 8]}
{[17, 16, 14, 12, 10]}
34
14 19 15
9 11 12
17 7 31
20 7 32
19 17 5
16 4 12
13 11 7
2 3 6
9 10 13
1 8 27
14 8 11
1 10 6
1 5 13
8 12 6
0 10 18
0 16 33
20 15 5
2 4 18
14 17 30
0 20 4
16 19 3
23 24 25
23 26 27
21 22 28
21 27 30
21 26 29
22 25 31
22 24 9
23 29 30
25 28 33
24 28 18
26 32 2
31 33 3
29 32 15
285
{[23, 22, 17, 9, 8]}
{[17, 16, 15, 13, 11]}
34
14 19 15
9 11 12
17 7 33
20 7 32
19 17 5
16 4 12
13 11 7
2 3 6
9 10 13
1 8 29
14 8 11
1 10 6
1 5 13
8 12 6
0 10 18
0 16 31
20 15 5
2 4 18
14 17 26
0 20 4
16 19 3
23 24 25
23 26 27
21 22 28
21 27 30
21 26 29
22 25 18
22 24 31
23 29 30
25 28 9
24 28 33
27 32 15
31 33 3
30 32 2
286
{[23, 22, 17, 9, 8]}
{[17, 16, 15, 13, 11]}
34
14 19 15
9 11 12
17 7 33
20 7 26
19 17 5
16 4 12
13 11 7
2 3 6
9 10 13
1 8 31
14 8 11
1 10 6
1 5 13
8 12 6
0 10 18
0 16 29
20 15 5
2 4 18
14 17 32
0 20 4
16 19 3
23 24 25
23 26 27
21 22 28
21 27 30
21 26 29
22 25 3
22 24 31
23 29 30
25 28 15
24 28 33
27 32 9
31 33 18
30 32 2
287
{[23, 22, 17, 9, 8]}
{[17, 15, 14, 13, 12]}
34
14 19 15
9 11 12
17 7 31
20 7 33
19 17 5
16 4 12
13 11 7
2 3 6
9 10 13
1 8 30
14 8 11
1 10 6
1 5 13
8 12 6
0 10 18
0 16 32
20 15 5
2 4 18
14 17 29
0 20 4
16 19 3
23 24 25
23 26 27
21 22 28
21 27 30
21 26 29
22 25 32
22 24 31
23 29 30
25 28 18
24 28 9
27 33 2
26 33 15
31 32 3
288
{[23, 22, 17, 9, 8]}
{[17, 15, 14, 13, 12]}
34
14 19 15
9 11 12
17 7 31
20 7 29
19 17 5
16 4 12
13 11 7
2 3 6
9 10 13
1 8 32
14 8 11
1 10 6
1 5 13
8 12 6
0 10 18
0 16 30
20 15 5
2 4 18
14 17 33
0 20 4
16 19 3
23 24 25
23 26 27
21 22 28
21 27 30
21 26 29
22 25 32
22 24 31
23 29 30
25 28 3
24 28 15
27 33 2
26 33 9
31 32 18
