256
1
{[22, 21, 20, 10, 0]}
{[5, 4, 2, 1, 0]}
34
15 11 12
9 3 6
7 13 6
1 10 4
15 16 3
17 12 21
17 1 2
8 2 18
7 9 11
19 8 1
14 3 11
0 10 8
0 5 13
16 2 12
15 10 23
14 0 4
17 4 13
16 5 6
7 20 24
20 9 22
19 18 27
22 25 5
21 26 19
24 25 14
23 31 18
21 23 30
22 28 32
29 32 20
26 29 30
27 28 31
25 28 33
24 29 33
26 27 33
30 31 32
2
{[22, 21, 20, 10, 0]}
{[6, 3, 2, 1, 0]}
34
15 11 12
9 3 6
7 13 6
1 10 4
15 16 3
17 12 22
17 1 2
8 2 18
7 9 11
19 8 1
14 3 11
0 10 8
0 5 13
16 2 12
15 10 26
14 0 4
17 4 13
16 5 6
7 20 23
20 9 25
19 18 21
22 24 20
21 27 5
24 25 18
21 23 31
23 30 19
28 32 14
22 29 32
26 29 30
27 28 31
25 28 33
24 29 33
26 27 33
30 31 32
3
{[22, 21, 20, 10, 0]}
{[8, 7, 4, 2, 0]}
34
15 11 12
9 3 6
7 13 6
1 10 4
15 16 3
17 12 25
17 1 2
8 2 18
7 9 11
19 8 1
14 3 11
0 10 8
0 5 13
16 2 12
15 10 31
14 0 4
17 4 13
16 5 6
7 20 21
20 9 23
19 18 22
23 24 18
24 25 20
21 27 19
21 22 26
22 30 5
24 28 32
23 29 32
26 29 30
27 28 31
25 28 33
29 33 14
26 27 33
30 31 32
4
{[22, 21, 20, 10, 0]}
{[9, 7, 3, 2, 0]}
34
15 11 12
9 3 6
7 13 6
1 10 4
15 16 3
17 12 22
17 1 2
8 2 18
7 9 11
19 8 1
14 3 11
0 10 8
0 5 13
16 2 12
15 10 21
14 0 4
17 4 13
16 5 6
7 20 24
20 9 25
19 18 30
23 24 14
23 25 5
21 22 27
21 26 18
22 31 19
24 28 32
23 29 32
26 29 30
27 28 31
28 33 20
25 29 33
26 27 33
30 31 32
5
{[22, 21, 20, 10, 0]}
{[6, 3, 2, 1, 0]}
34
15 11 12
9 3 6
7 13 6
1 10 4
15 16 3
17 12 23
17 1 2
8 2 18
7 9 11
19 8 1
14 3 11
0 10 8
0 5 13
16 2 12
15 10 21
14 0 4
17 4 13
16 5 6
7 20 22
20 9 25
19 18 26
22 24 14
21 27 18
24 25 5
21 23 31
23 30 19
28 32 20
22 29 32
26 29 30
27 28 31
25 28 33
24 29 33
26 27 33
30 31 32
6
{[22, 21, 20, 10, 0]}
{[9, 7, 3, 2, 0]}
34
15 11 12
9 3 6
7 13 6
1 10 4
15 16 3
17 12 24
17 1 2
8 2 18
7 9 11
19 8 1
14 3 11
0 10 8
0 5 13
16 2 12
15 10 30
14 0 4
17 4 13
16 5 6
7 20 22
20 9 25
19 18 21
23 24 20
23 25 18
21 22 27
21 26 5
22 31 19
24 28 32
23 29 32
26 29 30
27 28 31
28 33 14
25 29 33
26 27 33
30 31 32
7
{[22, 21, 20, 10, 0]}
{[5, 4, 2, 1, 0]}
34
15 11 12
9 3 6
7 13 6
1 10 4
15 16 3
17 12 24
17 1 2
8 2 18
7 9 11
19 8 1
14 3 11
0 10 8
0 5 13
16 2 12
15 10 27
14 0 4
17 4 13
16 5 6
7 20 21
20 9 22
19 18 23
22 25 18
21 26 19
24 25 20
23 31 5
21 23 30
22 28 32
29 32 14
26 29 30
27 28 31
25 28 33
24 29 33
26 27 33
30 31 32
8
{[22, 21, 20, 10, 0]}
{[8, 7, 4, 2, 0]}
34
15 11 12
9 3 6
7 13 6
1 10 4
15 16 3
17 12 21
17 1 2
8 2 18
7 9 11
19 8 1
14 3 11
0 10 8
0 5 13
16 2 12
15 10 22
14 0 4
17 4 13
16 5 6
7 20 25
20 9 23
19 18 31
23 24 5
24 25 14
21 27 19
21 22 26
22 30 18
24 28 32
23 29 32
26 29 30
27 28 31
25 28 33
29 33 20
26 27 33
30 31 32
9
{[22, 21, 20, 10, 0]}
{[16, 13, 12, 11, 10]}
34
15 11 12
9 3 6
7 13 6
1 10 4
15 16 3
17 12 27
17 1 2
8 2 18
7 9 11
19 8 1
14 3 11
0 10 8
0 5 13
16 2 12
15 10 31
14 0 4
17 4 13
16 5 6
7 20 33
20 9 32
19 18 26
23 24 25
23 26 27
21 22 28
21 27 30
21 26 29
22 25 20
22 24 5
23 29 30
25 28 32
24 28 31
30 33 14
29 33 19
31 32 18
10
{[22, 21, 20, 10, 0]}
{[17, 16, 14, 12, 10]}
34
15 11 12
9 3 6
7 13 6
1 10 4
15 16 3
17 12 30
17 1 2
8 2 18
7 9 11
19 8 1
14 3 11
0 10 8
0 5 13
16 2 12
15 10 33
14 0 4
17 4 13
16 5 6
7 20 32
20 9 31
19 18 27
23 24 25
23 26 27
21 22 28
21 27 30
21 26 29
22 25 31
22 24 20
23 29 30
25 28 33
24 28 5
26 32 19
31 33 18
29 32 14
11
{[22, 21, 20, 10, 0]}
{[16, 13, 12, 11, 10]}
34
15 11 12
9 3 6
7 13 6
1 10 4
15 16 3
17 12 33
17 1 2
8 2 18
7 9 11
19 8 1
14 3 11
0 10 8
0 5 13
16 2 12
15 10 26
14 0 4
17 4 13
16 5 6
7 20 27
20 9 32
19 18 31
23 24 25
23 26 27
21 22 28
21 27 30
21 26 29
22 25 14
22 24 18
23 29 30
25 28 32
24 28 31
30 33 20
29 33 19
31 32 5
12
{[22, 21, 20, 10, 0]}
{[17, 16, 14, 12, 10]}
34
15 11 12
9 3 6
7 13 6
1 10 4
15 16 3
17 12 32
17 1 2
8 2 18
7 9 11
19 8 1
14 3 11
0 10 8
0 5 13
16 2 12
15 10 27
14 0 4
17 4 13
16 5 6
7 20 30
20 9 31
19 18 33
23 24 25
23 26 27
21 22 28
21 27 30
21 26 29
22 25 31
22 24 14
23 29 30
25 28 33
24 28 18
26 32 19
31 33 5
29 32 20
13
{[22, 21, 20, 10, 0]}
{[17, 16, 15, 13, 11]}
34
15 11 12
9 3 6
7 13 6
1 10 4
15 16 3
17 12 32
17 1 2
8 2 18
7 9 11
19 8 1
14 3 11
0 10 8
0 5 13
16 2 12
15 10 29
14 0 4
17 4 13
16 5 6
7 20 26
20 9 33
19 18 31
23 24 25
23 26 27
21 22 28
21 27 30
21 26 29
22 25 18
22 24 31
23 29 30
25 28 14
24 28 33
27 32 20
31 33 5
30 32 19
14
{[22, 21, 20, 10, 0]}
{[17, 16, 15, 13, 11]}
34
15 11 12
9 3 6
7 13 6
1 10 4
15 16 3
17 12 26
17 1 2
8 2 18
7 9 11
19 8 1
14 3 11
0 10 8
0 5 13
16 2 12
15 10 31
14 0 4
17 4 13
16 5 6
7 20 32
20 9 33
19 18 29
23 24 25
23 26 27
21 22 28
21 27 30
21 26 29
22 25 5
22 24 31
23 29 30
25 28 20
24 28 33
27 32 14
31 33 18
30 32 19
15
{[22, 21, 20, 10, 0]}
{[17, 15, 14, 13, 12]}
34
15 11 12
9 3 6
7 13 6
1 10 4
15 16 3
17 12 33
17 1 2
8 2 18
7 9 11
19 8 1
14 3 11
0 10 8
0 5 13
16 2 12
15 10 30
14 0 4
17 4 13
16 5 6
7 20 29
20 9 31
19 18 32
23 24 25
23 26 27
21 22 28
21 27 30
21 26 29
22 25 32
22 24 31
23 29 30
25 28 18
24 28 14
27 33 19
26 33 20
31 32 5
16
{[22, 21, 20, 10, 0]}
{[17, 15, 14, 13, 12]}
34
15 11 12
9 3 6
7 13 6
1 10 4
15 16 3
17 12 29
17 1 2
8 2 18
7 9 11
19 8 1
14 3 11
0 10 8
0 5 13
16 2 12
15 10 32
14 0 4
17 4 13
16 5 6
7 20 33
20 9 31
19 18 30
23 24 25
23 26 27
21 22 28
21 27 30
21 26 29
22 25 32
22 24 31
23 29 30
25 28 5
24 28 20
27 33 19
26 33 14
31 32 18
17
{[25, 23, 22, 20, 0]}
{[5, 4, 2, 1, 0]}
34
16 12 13
10 3 6
7 14 6
1 11 4
16 17 3
18 19 13
18 1 2
8 2 23
7 10 12
20 19 27
20 8 1
15 3 12
0 11 8
0 5 14
17 2 13
16 11 21
15 0 4
18 4 14
17 5 6
9 5 22
9 10 24
22 25 15
21 26 19
24 25 7
23 31 20
21 23 30
22 28 32
29 32 9
26 29 30
27 28 31
25 28 33
24 29 33
26 27 33
30 31 32
18
{[25, 23, 22, 20, 0]}
{[6, 3, 2, 1, 0]}
34
16 12 13
10 3 6
7 14 6
1 11 4
16 17 3
18 19 13
18 1 2
8 2 26
7 10 12
20 19 21
20 8 1
15 3 12
0 11 8
0 5 14
17 2 13
16 11 22
15 0 4
18 4 14
17 5 6
9 5 25
9 10 23
22 24 9
21 27 15
24 25 20
21 23 31
23 30 19
28 32 7
22 29 32
26 29 30
27 28 31
25 28 33
24 29 33
26 27 33
30 31 32
19
{[25, 23, 22, 20, 0]}
{[8, 7, 4, 2, 0]}
34
16 12 13
10 3 6
7 14 6
1 11 4
16 17 3
18 19 13
18 1 2
8 2 31
7 10 12
20 19 22
20 8 1
15 3 12
0 11 8
0 5 14
17 2 13
16 11 25
15 0 4
18 4 14
17 5 6
9 5 23
9 10 21
23 24 20
24 25 9
21 27 19
21 22 26
22 30 15
24 28 32
23 29 32
26 29 30
27 28 31
25 28 33
29 33 7
26 27 33
30 31 32
20
{[25, 23, 22, 20, 0]}
{[9, 7, 3, 2, 0]}
34
16 12 13
10 3 6
7 14 6
1 11 4
16 17 3
18 19 13
18 1 2
8 2 21
7 10 12
20 19 30
20 8 1
15 3 12
0 11 8
0 5 14
17 2 13
16 11 22
15 0 4
18 4 14
17 5 6
9 5 25
9 10 24
23 24 7
23 25 15
21 22 27
21 26 20
22 31 19
24 28 32
23 29 32
26 29 30
27 28 31
28 33 9
25 29 33
26 27 33
30 31 32
21
{[25, 23, 22, 20, 0]}
{[6, 3, 2, 1, 0]}
34
16 12 13
10 3 6
7 14 6
1 11 4
16 17 3
18 19 13
18 1 2
8 2 21
7 10 12
20 19 26
20 8 1
15 3 12
0 11 8
0 5 14
17 2 13
16 11 23
15 0 4
18 4 14
17 5 6
9 5 25
9 10 22
22 24 7
21 27 20
24 25 15
21 23 31
23 30 19
28 32 9
22 29 32
26 29 30
27 28 31
25 28 33
24 29 33
26 27 33
30 31 32
22
{[25, 23, 22, 20, 0]}
{[9, 7, 3, 2, 0]}
34
16 12 13
10 3 6
7 14 6
1 11 4
16 17 3
18 19 13
18 1 2
8 2 30
7 10 12
20 19 21
20 8 1
15 3 12
0 11 8
0 5 14
17 2 13
16 11 24
15 0 4
18 4 14
17 5 6
9 5 25
9 10 22
23 24 9
23 25 20
21 22 27
21 26 15
22 31 19
24 28 32
23 29 32
26 29 30
27 28 31
28 33 7
25 29 33
26 27 33
30 31 32
23
{[25, 23, 22, 20, 0]}
{[5, 4, 2, 1, 0]}
34
16 12 13
10 3 6
7 14 6
1 11 4
16 17 3
18 19 13
18 1 2
8 2 27
7 10 12
20 19 23
20 8 1
15 3 12
0 11 8
0 5 14
17 2 13
16 11 24
15 0 4
18 4 14
17 5 6
9 5 22
9 10 21
22 25 20
21 26 19
24 25 9
23 31 15
21 23 30
22 28 32
29 32 7
26 29 30
27 28 31
25 28 33
24 29 33
26 27 33
30 31 32
24
{[25, 23, 22, 20, 0]}
{[8, 7, 4, 2, 0]}
34
16 12 13
10 3 6
7 14 6
1 11 4
16 17 3
18 19 13
18 1 2
8 2 22
7 10 12
20 19 31
20 8 1
15 3 12
0 11 8
0 5 14
17 2 13
16 11 21
15 0 4
18 4 14
17 5 6
9 5 23
9 10 25
23 24 15
24 25 7
21 27 19
21 22 26
22 30 20
24 28 32
23 29 32
26 29 30
27 28 31
25 28 33
29 33 9
26 27 33
30 31 32
25
{[25, 23, 22, 20, 0]}
{[16, 13, 12, 11, 10]}
34
16 12 13
10 3 6
7 14 6
1 11 4
16 17 3
18 19 13
18 1 2
8 2 31
7 10 12
20 19 26
20 8 1
15 3 12
0 11 8
0 5 14
17 2 13
16 11 27
15 0 4
18 4 14
17 5 6
9 5 32
9 10 33
23 24 25
23 26 27
21 22 28
21 27 30
21 26 29
22 25 9
22 24 15
23 29 30
25 28 32
24 28 31
30 33 7
29 33 19
31 32 20
26
{[25, 23, 22, 20, 0]}
{[17, 16, 14, 12, 10]}
34
16 12 13
10 3 6
7 14 6
1 11 4
16 17 3
18 19 13
18 1 2
8 2 33
7 10 12
20 19 27
20 8 1
15 3 12
0 11 8
0 5 14
17 2 13
16 11 30
15 0 4
18 4 14
17 5 6
9 5 31
9 10 32
23 24 25
23 26 27
21 22 28
21 27 30
21 26 29
22 25 31
22 24 9
23 29 30
25 28 33
24 28 15
26 32 19
31 33 20
29 32 7
27
{[25, 23, 22, 20, 0]}
{[16, 13, 12, 11, 10]}
34
16 12 13
10 3 6
7 14 6
1 11 4
16 17 3
18 19 13
18 1 2
8 2 26
7 10 12
20 19 31
20 8 1
15 3 12
0 11 8
0 5 14
17 2 13
16 11 33
15 0 4
18 4 14
17 5 6
9 5 32
9 10 27
23 24 25
23 26 27
21 22 28
21 27 30
21 26 29
22 25 7
22 24 20
23 29 30
25 28 32
24 28 31
30 33 9
29 33 19
31 32 15
28
{[25, 23, 22, 20, 0]}
{[17, 16, 14, 12, 10]}
34
16 12 13
10 3 6
7 14 6
1 11 4
16 17 3
18 19 13
18 1 2
8 2 27
7 10 12
20 19 33
20 8 1
15 3 12
0 11 8
0 5 14
17 2 13
16 11 32
15 0 4
18 4 14
17 5 6
9 5 31
9 10 30
23 24 25
23 26 27
21 22 28
21 27 30
21 26 29
22 25 31
22 24 7
23 29 30
25 28 33
24 28 20
26 32 19
31 33 15
29 32 9
29
{[25, 23, 22, 20, 0]}
{[17, 16, 15, 13, 11]}
34
16 12 13
10 3 6
7 14 6
1 11 4
16 17 3
18 19 13
18 1 2
8 2 29
7 10 12
20 19 31
20 8 1
15 3 12
0 11 8
0 5 14
17 2 13
16 11 32
15 0 4
18 4 14
17 5 6
9 5 33
9 10 26
23 24 25
23 26 27
21 22 28
21 27 30
21 26 29
22 25 20
22 24 31
23 29 30
25 28 7
24 28 33
27 32 9
31 33 15
30 32 19
30
{[25, 23, 22, 20, 0]}
{[17, 16, 15, 13, 11]}
34
16 12 13
10 3 6
7 14 6
1 11 4
16 17 3
18 19 13
18 1 2
8 2 31
7 10 12
20 19 29
20 8 1
15 3 12
0 11 8
0 5 14
17 2 13
16 11 26
15 0 4
18 4 14
17 5 6
9 5 33
9 10 32
23 24 25
23 26 27
21 22 28
21 27 30
21 26 29
22 25 15
22 24 31
23 29 30
25 28 9
24 28 33
27 32 7
31 33 20
30 32 19
31
{[25, 23, 22, 20, 0]}
{[17, 15, 14, 13, 12]}
34
16 12 13
10 3 6
7 14 6
1 11 4
16 17 3
18 19 13
18 1 2
8 2 30
7 10 12
20 19 32
20 8 1
15 3 12
0 11 8
0 5 14
17 2 13
16 11 33
15 0 4
18 4 14
17 5 6
9 5 31
9 10 29
23 24 25
23 26 27
21 22 28
21 27 30
21 26 29
22 25 32
22 24 31
23 29 30
25 28 20
24 28 7
27 33 19
26 33 9
31 32 15
32
{[25, 23, 22, 20, 0]}
{[17, 15, 14, 13, 12]}
34
16 12 13
10 3 6
7 14 6
1 11 4
16 17 3
18 19 13
18 1 2
8 2 32
7 10 12
20 19 30
20 8 1
15 3 12
0 11 8
0 5 14
17 2 13
16 11 29
15 0 4
18 4 14
17 5 6
9 5 31
9 10 33
23 24 25
23 26 27
21 22 28
21 27 30
21 26 29
22 25 32
22 24 31
23 29 30
25 28 15
24 28 9
27 33 19
26 33 7
31 32 20
33
{[22, 21, 20, 10, 0]}
{[5, 4, 2, 1, 0]}
34
15 11 12
9 3 6
7 13 6
1 10 4
15 16 3
17 12 24
17 1 2
8 2 18
7 9 11
19 8 1
14 3 11
0 10 8
0 5 13
16 2 12
15 10 27
14 0 4
17 4 13
16 5 6
7 20 21
20 9 22
19 18 23
22 25 18
21 26 19
24 25 20
23 31 5
21 23 30
22 28 32
29 32 14
26 29 30
27 28 31
25 28 33
24 29 33
26 27 33
30 31 32
34
{[22, 21, 20, 10, 0]}
{[6, 3, 2, 1, 0]}
34
15 11 12
9 3 6
7 13 6
1 10 4
15 16 3
17 12 23
17 1 2
8 2 18
7 9 11
19 8 1
14 3 11
0 10 8
0 5 13
16 2 12
15 10 21
14 0 4
17 4 13
16 5 6
7 20 22
20 9 25
19 18 26
22 24 14
21 27 18
24 25 5
21 23 31
23 30 19
28 32 20
22 29 32
26 29 30
27 28 31
25 28 33
24 29 33
26 27 33
30 31 32
35
{[22, 21, 20, 10, 0]}
{[8, 7, 4, 2, 0]}
34
15 11 12
9 3 6
7 13 6
1 10 4
15 16 3
17 12 21
17 1 2
8 2 18
7 9 11
19 8 1
14 3 11
0 10 8
0 5 13
16 2 12
15 10 22
14 0 4
17 4 13
16 5 6
7 20 25
20 9 23
19 18 31
23 24 5
24 25 14
21 27 19
21 22 26
22 30 18
24 28 32
23 29 32
26 29 30
27 28 31
25 28 33
29 33 20
26 27 33
30 31 32
36
{[22, 21, 20, 10, 0]}
{[9, 7, 3, 2, 0]}
34
15 11 12
9 3 6
7 13 6
1 10 4
15 16 3
17 12 24
17 1 2
8 2 18
7 9 11
19 8 1
14 3 11
0 10 8
0 5 13
16 2 12
15 10 30
14 0 4
17 4 13
16 5 6
7 20 22
20 9 25
19 18 21
23 24 20
23 25 18
21 22 27
21 26 5
22 31 19
24 28 32
23 29 32
26 29 30
27 28 31
28 33 14
25 29 33
26 27 33
30 31 32
37
{[22, 21, 20, 10, 0]}
{[6, 3, 2, 1, 0]}
34
15 11 12
9 3 6
7 13 6
1 10 4
15 16 3
17 12 22
17 1 2
8 2 18
7 9 11
19 8 1
14 3 11
0 10 8
0 5 13
16 2 12
15 10 26
14 0 4
17 4 13
16 5 6
7 20 23
20 9 25
19 18 21
22 24 20
21 27 5
24 25 18
21 23 31
23 30 19
28 32 14
22 29 32
26 29 30
27 28 31
25 28 33
24 29 33
26 27 33
30 31 32
38
{[22, 21, 20, 10, 0]}
{[9, 7, 3, 2, 0]}
34
15 11 12
9 3 6
7 13 6
1 10 4
15 16 3
17 12 22
17 1 2
8 2 18
7 9 11
19 8 1
14 3 11
0 10 8
0 5 13
16 2 12
15 10 21
14 0 4
17 4 13
16 5 6
7 20 24
20 9 25
19 18 30
23 24 14
23 25 5
21 22 27
21 26 18
22 31 19
24 28 32
23 29 32
26 29 30
27 28 31
28 33 20
25 29 33
26 27 33
30 31 32
39
{[22, 21, 20, 10, 0]}
{[5, 4, 2, 1, 0]}
34
15 11 12
9 3 6
7 13 6
1 10 4
15 16 3
17 12 21
17 1 2
8 2 18
7 9 11
19 8 1
14 3 11
0 10 8
0 5 13
16 2 12
15 10 23
14 0 4
17 4 13
16 5 6
7 20 24
20 9 22
19 18 27
22 25 5
21 26 19
24 25 14
23 31 18
21 23 30
22 28 32
29 32 20
26 29 30
27 28 31
25 28 33
24 29 33
26 27 33
30 31 32
40
{[22, 21, 20, 10, 0]}
{[8, 7, 4, 2, 0]}
34
15 11 12
9 3 6
7 13 6
1 10 4
15 16 3
17 12 25
17 1 2
8 2 18
7 9 11
19 8 1
14 3 11
0 10 8
0 5 13
16 2 12
15 10 31
14 0 4
17 4 13
16 5 6
7 20 21
20 9 23
19 18 22
23 24 18
24 25 20
21 27 19
21 22 26
22 30 5
24 28 32
23 29 32
26 29 30
27 28 31
25 28 33
29 33 14
26 27 33
30 31 32
41
{[22, 21, 20, 10, 0]}
{[16, 13, 12, 11, 10]}
34
15 11 12
9 3 6
7 13 6
1 10 4
15 16 3
17 12 33
17 1 2
8 2 18
7 9 11
19 8 1
14 3 11
0 10 8
0 5 13
16 2 12
15 10 26
14 0 4
17 4 13
16 5 6
7 20 27
20 9 32
19 18 31
23 24 25
23 26 27
21 22 28
21 27 30
21 26 29
22 25 14
22 24 18
23 29 30
25 28 32
24 28 31
30 33 20
29 33 19
31 32 5
42
{[22, 21, 20, 10, 0]}
{[17, 16, 14, 12, 10]}
34
15 11 12
9 3 6
7 13 6
1 10 4
15 16 3
17 12 32
17 1 2
8 2 18
7 9 11
19 8 1
14 3 11
0 10 8
0 5 13
16 2 12
15 10 27
14 0 4
17 4 13
16 5 6
7 20 30
20 9 31
19 18 33
23 24 25
23 26 27
21 22 28
21 27 30
21 26 29
22 25 31
22 24 14
23 29 30
25 28 33
24 28 18
26 32 19
31 33 5
29 32 20
43
{[22, 21, 20, 10, 0]}
{[16, 13, 12, 11, 10]}
34
15 11 12
9 3 6
7 13 6
1 10 4
15 16 3
17 12 27
17 1 2
8 2 18
7 9 11
19 8 1
14 3 11
0 10 8
0 5 13
16 2 12
15 10 31
14 0 4
17 4 13
16 5 6
7 20 33
20 9 32
19 18 26
23 24 25
23 26 27
21 22 28
21 27 30
21 26 29
22 25 20
22 24 5
23 29 30
25 28 32
24 28 31
30 33 14
29 33 19
31 32 18
44
{[22, 21, 20, 10, 0]}
{[17, 16, 14, 12, 10]}
34
15 11 12
9 3 6
7 13 6
1 10 4
15 16 3
17 12 30
17 1 2
8 2 18
7 9 11
19 8 1
14 3 11
0 10 8
0 5 13
16 2 12
15 10 33
14 0 4
17 4 13
16 5 6
7 20 32
20 9 31
19 18 27
23 24 25
23 26 27
21 22 28
21 27 30
21 26 29
22 25 31
22 24 20
23 29 30
25 28 33
24 28 5
26 32 19
31 33 18
29 32 14
45
{[22, 21, 20, 10, 0]}
{[17, 16, 15, 13, 11]}
34
15 11 12
9 3 6
7 13 6
1 10 4
15 16 3
17 12 26
17 1 2
8 2 18
7 9 11
19 8 1
14 3 11
0 10 8
0 5 13
16 2 12
15 10 31
14 0 4
17 4 13
16 5 6
7 20 32
20 9 33
19 18 29
23 24 25
23 26 27
21 22 28
21 27 30
21 26 29
22 25 5
22 24 31
23 29 30
25 28 20
24 28 33
27 32 14
31 33 18
30 32 19
46
{[22, 21, 20, 10, 0]}
{[17, 16, 15, 13, 11]}
34
15 11 12
9 3 6
7 13 6
1 10 4
15 16 3
17 12 32
17 1 2
8 2 18
7 9 11
19 8 1
14 3 11
0 10 8
0 5 13
16 2 12
15 10 29
14 0 4
17 4 13
16 5 6
7 20 26
20 9 33
19 18 31
23 24 25
23 26 27
21 22 28
21 27 30
21 26 29
22 25 18
22 24 31
23 29 30
25 28 14
24 28 33
27 32 20
31 33 5
30 32 19
47
{[22, 21, 20, 10, 0]}
{[17, 15, 14, 13, 12]}
34
15 11 12
9 3 6
7 13 6
1 10 4
15 16 3
17 12 29
17 1 2
8 2 18
7 9 11
19 8 1
14 3 11
0 10 8
0 5 13
16 2 12
15 10 32
14 0 4
17 4 13
16 5 6
7 20 33
20 9 31
19 18 30
23 24 25
23 26 27
21 22 28
21 27 30
21 26 29
22 25 32
22 24 31
23 29 30
25 28 5
24 28 20
27 33 19
26 33 14
31 32 18
48
{[22, 21, 20, 10, 0]}
{[17, 15, 14, 13, 12]}
34
15 11 12
9 3 6
7 13 6
1 10 4
15 16 3
17 12 33
17 1 2
8 2 18
7 9 11
19 8 1
14 3 11
0 10 8
0 5 13
16 2 12
15 10 30
14 0 4
17 4 13
16 5 6
7 20 29
20 9 31
19 18 32
23 24 25
23 26 27
21 22 28
21 27 30
21 26 29
22 25 32
22 24 31
23 29 30
25 28 18
24 28 14
27 33 19
26 33 20
31 32 5
49
{[25, 23, 22, 20, 0]}
{[5, 4, 2, 1, 0]}
34
16 12 13
10 3 6
7 14 6
1 11 4
16 17 3
18 19 13
18 1 2
8 2 27
7 10 12
20 19 23
20 8 1
15 3 12
0 11 8
0 5 14
17 2 13
16 11 24
15 0 4
18 4 14
17 5 6
9 5 22
9 10 21
22 25 20
21 26 19
24 25 9
23 31 15
21 23 30
22 28 32
29 32 7
26 29 30
27 28 31
25 28 33
24 29 33
26 27 33
30 31 32
50
{[25, 23, 22, 20, 0]}
{[6, 3, 2, 1, 0]}
34
16 12 13
10 3 6
7 14 6
1 11 4
16 17 3
18 19 13
18 1 2
8 2 21
7 10 12
20 19 26
20 8 1
15 3 12
0 11 8
0 5 14
17 2 13
16 11 23
15 0 4
18 4 14
17 5 6
9 5 25
9 10 22
22 24 7
21 27 20
24 25 15
21 23 31
23 30 19
28 32 9
22 29 32
26 29 30
27 28 31
25 28 33
24 29 33
26 27 33
30 31 32
51
{[25, 23, 22, 20, 0]}
{[8, 7, 4, 2, 0]}
34
16 12 13
10 3 6
7 14 6
1 11 4
16 17 3
18 19 13
18 1 2
8 2 22
7 10 12
20 19 31
20 8 1
15 3 12
0 11 8
0 5 14
17 2 13
16 11 21
15 0 4
18 4 14
17 5 6
9 5 23
9 10 25
23 24 15
24 25 7
21 27 19
21 22 26
22 30 20
24 28 32
23 29 32
26 29 30
27 28 31
25 28 33
29 33 9
26 27 33
30 31 32
52
{[25, 23, 22, 20, 0]}
{[9, 7, 3, 2, 0]}
34
16 12 13
10 3 6
7 14 6
1 11 4
16 17 3
18 19 13
18 1 2
8 2 30
7 10 12
20 19 21
20 8 1
15 3 12
0 11 8
0 5 14
17 2 13
16 11 24
15 0 4
18 4 14
17 5 6
9 5 25
9 10 22
23 24 9
23 25 20
21 22 27
21 26 15
22 31 19
24 28 32
23 29 32
26 29 30
27 28 31
28 33 7
25 29 33
26 27 33
30 31 32
53
{[25, 23, 22, 20, 0]}
{[6, 3, 2, 1, 0]}
34
16 12 13
10 3 6
7 14 6
1 11 4
16 17 3
18 19 13
18 1 2
8 2 26
7 10 12
20 19 21
20 8 1
15 3 12
0 11 8
0 5 14
17 2 13
16 11 22
15 0 4
18 4 14
17 5 6
9 5 25
9 10 23
22 24 9
21 27 15
24 25 20
21 23 31
23 30 19
28 32 7
22 29 32
26 29 30
27 28 31
25 28 33
24 29 33
26 27 33
30 31 32
54
{[25, 23, 22, 20, 0]}
{[9, 7, 3, 2, 0]}
34
16 12 13
10 3 6
7 14 6
1 11 4
16 17 3
18 19 13
18 1 2
8 2 21
7 10 12
20 19 30
20 8 1
15 3 12
0 11 8
0 5 14
17 2 13
16 11 22
15 0 4
18 4 14
17 5 6
9 5 25
9 10 24
23 24 7
23 25 15
21 22 27
21 26 20
22 31 19
24 28 32
23 29 32
26 29 30
27 28 31
28 33 9
25 29 33
26 27 33
30 31 32
55
{[25, 23, 22, 20, 0]}
{[5, 4, 2, 1, 0]}
34
16 12 13
10 3 6
7 14 6
1 11 4
16 17 3
18 19 13
18 1 2
8 2 23
7 10 12
20 19 27
20 8 1
15 3 12
0 11 8
0 5 14
17 2 13
16 11 21
15 0 4
18 4 14
17 5 6
9 5 22
9 10 24
22 25 15
21 26 19
24 25 7
23 31 20
21 23 30
22 28 32
29 32 9
26 29 30
27 28 31
25 28 33
24 29 33
26 27 33
30 31 32
56
{[25, 23, 22, 20, 0]}
{[8, 7, 4, 2, 0]}
34
16 12 13
10 3 6
7 14 6
1 11 4
16 17 3
18 19 13
18 1 2
8 2 31
7 10 12
20 19 22
20 8 1
15 3 12
0 11 8
0 5 14
17 2 13
16 11 25
15 0 4
18 4 14
17 5 6
9 5 23
9 10 21
23 24 20
24 25 9
21 27 19
21 22 26
22 30 15
24 28 32
23 29 32
26 29 30
27 28 31
25 28 33
29 33 7
26 27 33
30 31 32
57
{[25, 23, 22, 20, 0]}
{[16, 13, 12, 11, 10]}
34
16 12 13
10 3 6
7 14 6
1 11 4
16 17 3
18 19 13
18 1 2
8 2 26
7 10 12
20 19 31
20 8 1
15 3 12
0 11 8
0 5 14
17 2 13
16 11 33
15 0 4
18 4 14
17 5 6
9 5 32
9 10 27
23 24 25
23 26 27
21 22 28
21 27 30
21 26 29
22 25 7
22 24 20
23 29 30
25 28 32
24 28 31
30 33 9
29 33 19
31 32 15
58
{[25, 23, 22, 20, 0]}
{[17, 16, 14, 12, 10]}
34
16 12 13
10 3 6
7 14 6
1 11 4
16 17 3
18 19 13
18 1 2
8 2 27
7 10 12
20 19 33
20 8 1
15 3 12
0 11 8
0 5 14
17 2 13
16 11 32
15 0 4
18 4 14
17 5 6
9 5 31
9 10 30
23 24 25
23 26 27
21 22 28
21 27 30
21 26 29
22 25 31
22 24 7
23 29 30
25 28 33
24 28 20
26 32 19
31 33 15
29 32 9
59
{[25, 23, 22, 20, 0]}
{[16, 13, 12, 11, 10]}
34
16 12 13
10 3 6
7 14 6
1 11 4
16 17 3
18 19 13
18 1 2
8 2 31
7 10 12
20 19 26
20 8 1
15 3 12
0 11 8
0 5 14
17 2 13
16 11 27
15 0 4
18 4 14
17 5 6
9 5 32
9 10 33
23 24 25
23 26 27
21 22 28
21 27 30
21 26 29
22 25 9
22 24 15
23 29 30
25 28 32
24 28 31
30 33 7
29 33 19
31 32 20
60
{[25, 23, 22, 20, 0]}
{[17, 16, 14, 12, 10]}
34
16 12 13
10 3 6
7 14 6
1 11 4
16 17 3
18 19 13
18 1 2
8 2 33
7 10 12
20 19 27
20 8 1
15 3 12
0 11 8
0 5 14
17 2 13
16 11 30
15 0 4
18 4 14
17 5 6
9 5 31
9 10 32
23 24 25
23 26 27
21 22 28
21 27 30
21 26 29
22 25 31
22 24 9
23 29 30
25 28 33
24 28 15
26 32 19
31 33 20
29 32 7
61
{[25, 23, 22, 20, 0]}
{[17, 16, 15, 13, 11]}
34
16 12 13
10 3 6
7 14 6
1 11 4
16 17 3
18 19 13
18 1 2
8 2 31
7 10 12
20 19 29
20 8 1
15 3 12
0 11 8
0 5 14
17 2 13
16 11 26
15 0 4
18 4 14
17 5 6
9 5 33
9 10 32
23 24 25
23 26 27
21 22 28
21 27 30
21 26 29
22 25 15
22 24 31
23 29 30
25 28 9
24 28 33
27 32 7
31 33 20
30 32 19
62
{[25, 23, 22, 20, 0]}
{[17, 16, 15, 13, 11]}
34
16 12 13
10 3 6
7 14 6
1 11 4
16 17 3
18 19 13
18 1 2
8 2 29
7 10 12
20 19 31
20 8 1
15 3 12
0 11 8
0 5 14
17 2 13
16 11 32
15 0 4
18 4 14
17 5 6
9 5 33
9 10 26
23 24 25
23 26 27
21 22 28
21 27 30
21 26 29
22 25 20
22 24 31
23 29 30
25 28 7
24 28 33
27 32 9
31 33 15
30 32 19
63
{[25, 23, 22, 20, 0]}
{[17, 15, 14, 13, 12]}
34
16 12 13
10 3 6
7 14 6
1 11 4
16 17 3
18 19 13
18 1 2
8 2 32
7 10 12
20 19 30
20 8 1
15 3 12
0 11 8
0 5 14
17 2 13
16 11 29
15 0 4
18 4 14
17 5 6
9 5 31
9 10 33
23 24 25
23 26 27
21 22 28
21 27 30
21 26 29
22 25 32
22 24 31
23 29 30
25 28 15
24 28 9
27 33 19
26 33 7
31 32 20
64
{[25, 23, 22, 20, 0]}
{[17, 15, 14, 13, 12]}
34
16 12 13
10 3 6
7 14 6
1 11 4
16 17 3
18 19 13
18 1 2
8 2 30
7 10 12
20 19 32
20 8 1
15 3 12
0 11 8
0 5 14
17 2 13
16 11 33
15 0 4
18 4 14
17 5 6
9 5 31
9 10 29
23 24 25
23 26 27
21 22 28
21 27 30
21 26 29
22 25 32
22 24 31
23 29 30
25 28 20
24 28 7
27 33 19
26 33 9
31 32 15
65
{[17, 16, 13, 12, 1]}
{[5, 4, 2, 1, 0]}
34
15 17 21
10 3 6
7 12 6
1 4 27
13 3 22
14 16 11
14 1 2
8 2 18
7 10 23
19 16 17
19 8 1
5 12 24
13 2 11
14 4 12
13 5 6
0 20 16
9 15 5
0 9 18
7 20 17
20 9 10
19 15 18
22 25 0
21 26 4
24 25 8
23 31 11
21 23 30
22 28 32
29 32 3
26 29 30
27 28 31
25 28 33
24 29 33
26 27 33
30 31 32
66
{[17, 16, 13, 12, 1]}
{[6, 3, 2, 1, 0]}
34
15 17 22
10 3 6
7 12 6
1 4 21
13 3 25
14 16 11
14 1 2
8 2 18
7 10 26
19 16 17
19 8 1
5 12 23
13 2 11
14 4 12
13 5 6
0 20 16
9 15 5
0 9 18
7 20 17
20 9 10
19 15 18
22 24 3
21 27 0
24 25 11
21 23 31
23 30 4
28 32 8
22 29 32
26 29 30
27 28 31
25 28 33
24 29 33
26 27 33
30 31 32
67
{[17, 16, 13, 12, 1]}
{[8, 7, 4, 2, 0]}
34
15 17 25
10 3 6
7 12 6
1 4 22
13 3 23
14 16 11
14 1 2
8 2 18
7 10 31
19 16 17
19 8 1
5 12 21
13 2 11
14 4 12
13 5 6
0 20 16
9 15 5
0 9 18
7 20 17
20 9 10
19 15 18
23 24 11
24 25 3
21 27 4
21 22 26
22 30 0
24 28 32
23 29 32
26 29 30
27 28 31
25 28 33
29 33 8
26 27 33
30 31 32
68
{[17, 16, 13, 12, 1]}
{[9, 7, 3, 2, 0]}
34
15 17 22
10 3 6
7 12 6
1 4 30
13 3 25
14 16 11
14 1 2
8 2 18
7 10 21
19 16 17
19 8 1
5 12 24
13 2 11
14 4 12
13 5 6
0 20 16
9 15 5
0 9 18
7 20 17
20 9 10
19 15 18
23 24 8
23 25 0
21 22 27
21 26 11
22 31 4
24 28 32
23 29 32
26 29 30
27 28 31
28 33 3
25 29 33
26 27 33
30 31 32
69
{[17, 16, 13, 12, 1]}
{[6, 3, 2, 1, 0]}
34
15 17 23
10 3 6
7 12 6
1 4 26
13 3 25
14 16 11
14 1 2
8 2 18
7 10 21
19 16 17
19 8 1
5 12 22
13 2 11
14 4 12
13 5 6
0 20 16
9 15 5
0 9 18
7 20 17
20 9 10
19 15 18
22 24 8
21 27 11
24 25 0
21 23 31
23 30 4
28 32 3
22 29 32
26 29 30
27 28 31
25 28 33
24 29 33
26 27 33
30 31 32
70
{[17, 16, 13, 12, 1]}
{[9, 7, 3, 2, 0]}
34
15 17 24
10 3 6
7 12 6
1 4 21
13 3 25
14 16 11
14 1 2
8 2 18
7 10 30
19 16 17
19 8 1
5 12 22
13 2 11
14 4 12
13 5 6
0 20 16
9 15 5
0 9 18
7 20 17
20 9 10
19 15 18
23 24 3
23 25 11
21 22 27
21 26 0
22 31 4
24 28 32
23 29 32
26 29 30
27 28 31
28 33 8
25 29 33
26 27 33
30 31 32
71
{[17, 16, 13, 12, 1]}
{[5, 4, 2, 1, 0]}
34
15 17 24
10 3 6
7 12 6
1 4 23
13 3 22
14 16 11
14 1 2
8 2 18
7 10 27
19 16 17
19 8 1
5 12 21
13 2 11
14 4 12
13 5 6
0 20 16
9 15 5
0 9 18
7 20 17
20 9 10
19 15 18
22 25 11
21 26 4
24 25 3
23 31 0
21 23 30
22 28 32
29 32 8
26 29 30
27 28 31
25 28 33
24 29 33
26 27 33
30 31 32
72
{[17, 16, 13, 12, 1]}
{[8, 7, 4, 2, 0]}
34
15 17 21
10 3 6
7 12 6
1 4 31
13 3 23
14 16 11
14 1 2
8 2 18
7 10 22
19 16 17
19 8 1
5 12 25
13 2 11
14 4 12
13 5 6
0 20 16
9 15 5
0 9 18
7 20 17
20 9 10
19 15 18
23 24 0
24 25 8
21 27 4
21 22 26
22 30 11
24 28 32
23 29 32
26 29 30
27 28 31
25 28 33
29 33 3
26 27 33
30 31 32
73
{[17, 16, 13, 12, 1]}
{[16, 13, 12, 11, 10]}
34
15 17 27
10 3 6
7 12 6
1 4 26
13 3 32
14 16 11
14 1 2
8 2 18
7 10 31
19 16 17
19 8 1
5 12 33
13 2 11
14 4 12
13 5 6
0 20 16
9 15 5
0 9 18
7 20 17
20 9 10
19 15 18
23 24 25
23 26 27
21 22 28
21 27 30
21 26 29
22 25 3
22 24 0
23 29 30
25 28 32
24 28 31
30 33 8
29 33 4
31 32 11
74
{[17, 16, 13, 12, 1]}
{[17, 16, 14, 12, 10]}
34
15 17 30
10 3 6
7 12 6
1 4 27
13 3 31
14 16 11
14 1 2
8 2 18
7 10 33
19 16 17
19 8 1
5 12 32
13 2 11
14 4 12
13 5 6
0 20 16
9 15 5
0 9 18
7 20 17
20 9 10
19 15 18
23 24 25
23 26 27
21 22 28
21 27 30
21 26 29
22 25 31
22 24 3
23 29 30
25 28 33
24 28 0
26 32 4
31 33 11
29 32 8
75
{[17, 16, 13, 12, 1]}
{[16, 13, 12, 11, 10]}
34
15 17 33
10 3 6
7 12 6
1 4 31
13 3 32
14 16 11
14 1 2
8 2 18
7 10 26
19 16 17
19 8 1
5 12 27
13 2 11
14 4 12
13 5 6
0 20 16
9 15 5
0 9 18
7 20 17
20 9 10
19 15 18
23 24 25
23 26 27
21 22 28
21 27 30
21 26 29
22 25 8
22 24 11
23 29 30
25 28 32
24 28 31
30 33 3
29 33 4
31 32 0
76
{[17, 16, 13, 12, 1]}
{[17, 16, 14, 12, 10]}
34
15 17 32
10 3 6
7 12 6
1 4 33
13 3 31
14 16 11
14 1 2
8 2 18
7 10 27
19 16 17
19 8 1
5 12 30
13 2 11
14 4 12
13 5 6
0 20 16
9 15 5
0 9 18
7 20 17
20 9 10
19 15 18
23 24 25
23 26 27
21 22 28
21 27 30
21 26 29
22 25 31
22 24 8
23 29 30
25 28 33
24 28 11
26 32 4
31 33 0
29 32 3
77
{[17, 16, 13, 12, 1]}
{[17, 16, 15, 13, 11]}
34
15 17 32
10 3 6
7 12 6
1 4 31
13 3 33
14 16 11
14 1 2
8 2 18
7 10 29
19 16 17
19 8 1
5 12 26
13 2 11
14 4 12
13 5 6
0 20 16
9 15 5
0 9 18
7 20 17
20 9 10
19 15 18
23 24 25
23 26 27
21 22 28
21 27 30
21 26 29
22 25 11
22 24 31
23 29 30
25 28 8
24 28 33
27 32 3
31 33 0
30 32 4
78
{[17, 16, 13, 12, 1]}
{[17, 16, 15, 13, 11]}
34
15 17 26
10 3 6
7 12 6
1 4 29
13 3 33
14 16 11
14 1 2
8 2 18
7 10 31
19 16 17
19 8 1
5 12 32
13 2 11
14 4 12
13 5 6
0 20 16
9 15 5
0 9 18
7 20 17
20 9 10
19 15 18
23 24 25
23 26 27
21 22 28
21 27 30
21 26 29
22 25 0
22 24 31
23 29 30
25 28 3
24 28 33
27 32 8
31 33 11
30 32 4
79
{[17, 16, 13, 12, 1]}
{[17, 15, 14, 13, 12]}
34
15 17 33
10 3 6
7 12 6
1 4 32
13 3 31
14 16 11
14 1 2
8 2 18
7 10 30
19 16 17
19 8 1
5 12 29
13 2 11
14 4 12
13 5 6
0 20 16
9 15 5
0 9 18
7 20 17
20 9 10
19 15 18
23 24 25
23 26 27
21 22 28
21 27 30
21 26 29
22 25 32
22 24 31
23 29 30
25 28 11
24 28 8
27 33 4
26 33 3
31 32 0
80
{[17, 16, 13, 12, 1]}
{[17, 15, 14, 13, 12]}
34
15 17 29
10 3 6
7 12 6
1 4 30
13 3 31
14 16 11
14 1 2
8 2 18
7 10 32
19 16 17
19 8 1
5 12 33
13 2 11
14 4 12
13 5 6
0 20 16
9 15 5
0 9 18
7 20 17
20 9 10
19 15 18
23 24 25
23 26 27
21 22 28
21 27 30
21 26 29
22 25 32
22 24 31
23 29 30
25 28 0
24 28 3
27 33 4
26 33 8
31 32 11
81
{[17, 16, 13, 12, 1]}
{[5, 4, 2, 1, 0]}
34
15 17 24
10 3 6
7 12 6
1 4 23
13 3 22
14 16 11
14 1 2
8 2 18
7 10 27
19 16 17
19 8 1
5 12 21
13 2 11
14 4 12
13 5 6
0 20 16
9 15 5
0 9 18
7 20 17
20 9 10
19 15 18
22 25 11
21 26 4
24 25 3
23 31 0
21 23 30
22 28 32
29 32 8
26 29 30
27 28 31
25 28 33
24 29 33
26 27 33
30 31 32
82
{[17, 16, 13, 12, 1]}
{[6, 3, 2, 1, 0]}
34
15 17 23
10 3 6
7 12 6
1 4 26
13 3 25
14 16 11
14 1 2
8 2 18
7 10 21
19 16 17
19 8 1
5 12 22
13 2 11
14 4 12
13 5 6
0 20 16
9 15 5
0 9 18
7 20 17
20 9 10
19 15 18
22 24 8
21 27 11
24 25 0
21 23 31
23 30 4
28 32 3
22 29 32
26 29 30
27 28 31
25 28 33
24 29 33
26 27 33
30 31 32
83
{[17, 16, 13, 12, 1]}
{[8, 7, 4, 2, 0]}
34
15 17 21
10 3 6
7 12 6
1 4 31
13 3 23
14 16 11
14 1 2
8 2 18
7 10 22
19 16 17
19 8 1
5 12 25
13 2 11
14 4 12
13 5 6
0 20 16
9 15 5
0 9 18
7 20 17
20 9 10
19 15 18
23 24 0
24 25 8
21 27 4
21 22 26
22 30 11
24 28 32
23 29 32
26 29 30
27 28 31
25 28 33
29 33 3
26 27 33
30 31 32
84
{[17, 16, 13, 12, 1]}
{[9, 7, 3, 2, 0]}
34
15 17 24
10 3 6
7 12 6
1 4 21
13 3 25
14 16 11
14 1 2
8 2 18
7 10 30
19 16 17
19 8 1
5 12 22
13 2 11
14 4 12
13 5 6
0 20 16
9 15 5
0 9 18
7 20 17
20 9 10
19 15 18
23 24 3
23 25 11
21 22 27
21 26 0
22 31 4
24 28 32
23 29 32
26 29 30
27 28 31
28 33 8
25 29 33
26 27 33
30 31 32
85
{[17, 16, 13, 12, 1]}
{[6, 3, 2, 1, 0]}
34
15 17 22
10 3 6
7 12 6
1 4 21
13 3 25
14 16 11
14 1 2
8 2 18
7 10 26
19 16 17
19 8 1
5 12 23
13 2 11
14 4 12
13 5 6
0 20 16
9 15 5
0 9 18
7 20 17
20 9 10
19 15 18
22 24 3
21 27 0
24 25 11
21 23 31
23 30 4
28 32 8
22 29 32
26 29 30
27 28 31
25 28 33
24 29 33
26 27 33
30 31 32
86
{[17, 16, 13, 12, 1]}
{[9, 7, 3, 2, 0]}
34
15 17 22
10 3 6
7 12 6
1 4 30
13 3 25
14 16 11
14 1 2
8 2 18
7 10 21
19 16 17
19 8 1
5 12 24
13 2 11
14 4 12
13 5 6
0 20 16
9 15 5
0 9 18
7 20 17
20 9 10
19 15 18
23 24 8
23 25 0
21 22 27
21 26 11
22 31 4
24 28 32
23 29 32
26 29 30
27 28 31
28 33 3
25 29 33
26 27 33
30 31 32
87
{[17, 16, 13, 12, 1]}
{[5, 4, 2, 1, 0]}
34
15 17 21
10 3 6
7 12 6
1 4 27
13 3 22
14 16 11
14 1 2
8 2 18
7 10 23
19 16 17
19 8 1
5 12 24
13 2 11
14 4 12
13 5 6
0 20 16
9 15 5
0 9 18
7 20 17
20 9 10
19 15 18
22 25 0
21 26 4
24 25 8
23 31 11
21 23 30
22 28 32
29 32 3
26 29 30
27 28 31
25 28 33
24 29 33
26 27 33
30 31 32
88
{[17, 16, 13, 12, 1]}
{[8, 7, 4, 2, 0]}
34
15 17 25
10 3 6
7 12 6
1 4 22
13 3 23
14 16 11
14 1 2
8 2 18
7 10 31
19 16 17
19 8 1
5 12 21
13 2 11
14 4 12
13 5 6
0 20 16
9 15 5
0 9 18
7 20 17
20 9 10
19 15 18
23 24 11
24 25 3
21 27 4
21 22 26
22 30 0
24 28 32
23 29 32
26 29 30
27 28 31
25 28 33
29 33 8
26 27 33
30 31 32
89
{[17, 16, 13, 12, 1]}
{[16, 13, 12, 11, 10]}
34
15 17 33
10 3 6
7 12 6
1 4 31
13 3 32
14 16 11
14 1 2
8 2 18
7 10 26
19 16 17
19 8 1
5 12 27
13 2 11
14 4 12
13 5 6
0 20 16
9 15 5
0 9 18
7 20 17
20 9 10
19 15 18
23 24 25
23 26 27
21 22 28
21 27 30
21 26 29
22 25 8
22 24 11
23 29 30
25 28 32
24 28 31
30 33 3
29 33 4
31 32 0
90
{[17, 16, 13, 12, 1]}
{[17, 16, 14, 12, 10]}
34
15 17 32
10 3 6
7 12 6
1 4 33
13 3 31
14 16 11
14 1 2
8 2 18
7 10 27
19 16 17
19 8 1
5 12 30
13 2 11
14 4 12
13 5 6
0 20 16
9 15 5
0 9 18
7 20 17
20 9 10
19 15 18
23 24 25
23 26 27
21 22 28
21 27 30
21 26 29
22 25 31
22 24 8
23 29 30
25 28 33
24 28 11
26 32 4
31 33 0
29 32 3
91
{[17, 16, 13, 12, 1]}
{[16, 13, 12, 11, 10]}
34
15 17 27
10 3 6
7 12 6
1 4 26
13 3 32
14 16 11
14 1 2
8 2 18
7 10 31
19 16 17
19 8 1
5 12 33
13 2 11
14 4 12
13 5 6
0 20 16
9 15 5
0 9 18
7 20 17
20 9 10
19 15 18
23 24 25
23 26 27
21 22 28
21 27 30
21 26 29
22 25 3
22 24 0
23 29 30
25 28 32
24 28 31
30 33 8
29 33 4
31 32 11
92
{[17, 16, 13, 12, 1]}
{[17, 16, 14, 12, 10]}
34
15 17 30
10 3 6
7 12 6
1 4 27
13 3 31
14 16 11
14 1 2
8 2 18
7 10 33
19 16 17
19 8 1
5 12 32
13 2 11
14 4 12
13 5 6
0 20 16
9 15 5
0 9 18
7 20 17
20 9 10
19 15 18
23 24 25
23 26 27
21 22 28
21 27 30
21 26 29
22 25 31
22 24 3
23 29 30
25 28 33
24 28 0
26 32 4
31 33 11
29 32 8
93
{[17, 16, 13, 12, 1]}
{[17, 16, 15, 13, 11]}
34
15 17 26
10 3 6
7 12 6
1 4 29
13 3 33
14 16 11
14 1 2
8 2 18
7 10 31
19 16 17
19 8 1
5 12 32
13 2 11
14 4 12
13 5 6
0 20 16
9 15 5
0 9 18
7 20 17
20 9 10
19 15 18
23 24 25
23 26 27
21 22 28
21 27 30
21 26 29
22 25 0
22 24 31
23 29 30
25 28 3
24 28 33
27 32 8
31 33 11
30 32 4
94
{[17, 16, 13, 12, 1]}
{[17, 16, 15, 13, 11]}
34
15 17 32
10 3 6
7 12 6
1 4 31
13 3 33
14 16 11
14 1 2
8 2 18
7 10 29
19 16 17
19 8 1
5 12 26
13 2 11
14 4 12
13 5 6
0 20 16
9 15 5
0 9 18
7 20 17
20 9 10
19 15 18
23 24 25
23 26 27
21 22 28
21 27 30
21 26 29
22 25 11
22 24 31
23 29 30
25 28 8
24 28 33
27 32 3
31 33 0
30 32 4
95
{[17, 16, 13, 12, 1]}
{[17, 15, 14, 13, 12]}
34
15 17 29
10 3 6
7 12 6
1 4 30
13 3 31
14 16 11
14 1 2
8 2 18
7 10 32
19 16 17
19 8 1
5 12 33
13 2 11
14 4 12
13 5 6
0 20 16
9 15 5
0 9 18
7 20 17
20 9 10
19 15 18
23 24 25
23 26 27
21 22 28
21 27 30
21 26 29
22 25 32
22 24 31
23 29 30
25 28 0
24 28 3
27 33 4
26 33 8
31 32 11
96
{[17, 16, 13, 12, 1]}
{[17, 15, 14, 13, 12]}
34
15 17 33
10 3 6
7 12 6
1 4 32
13 3 31
14 16 11
14 1 2
8 2 18
7 10 30
19 16 17
19 8 1
5 12 29
13 2 11
14 4 12
13 5 6
0 20 16
9 15 5
0 9 18
7 20 17
20 9 10
19 15 18
23 24 25
23 26 27
21 22 28
21 27 30
21 26 29
22 25 32
22 24 31
23 29 30
25 28 11
24 28 8
27 33 4
26 33 3
31 32 0
97
{[19, 18, 15, 7, 3]}
{[5, 4, 2, 1, 0]}
34
13 15 17
14 11 12
9 3 24
2 10 4
14 3 27
16 12 23
7 18 22
6 9 11
19 16 17
19 7 2
13 3 11
1 10 7
1 5 21
0 14 10
13 1 4
0 20 16
8 15 5
0 8 18
6 20 17
20 8 9
19 15 18
22 25 12
21 26 6
24 25 5
23 31 2
21 23 30
22 28 32
29 32 4
26 29 30
27 28 31
25 28 33
24 29 33
26 27 33
30 31 32
98
{[19, 18, 15, 7, 3]}
{[6, 3, 2, 1, 0]}
34
13 15 17
14 11 12
9 3 23
2 10 4
14 3 21
16 12 26
7 18 25
6 9 11
19 16 17
19 7 2
13 3 11
1 10 7
1 5 22
0 14 10
13 1 4
0 20 16
8 15 5
0 8 18
6 20 17
20 8 9
19 15 18
22 24 4
21 27 12
24 25 2
21 23 31
23 30 6
28 32 5
22 29 32
26 29 30
27 28 31
25 28 33
24 29 33
26 27 33
30 31 32
99
{[19, 18, 15, 7, 3]}
{[8, 7, 4, 2, 0]}
34
13 15 17
14 11 12
9 3 21
2 10 4
14 3 22
16 12 31
7 18 23
6 9 11
19 16 17
19 7 2
13 3 11
1 10 7
1 5 25
0 14 10
13 1 4
0 20 16
8 15 5
0 8 18
6 20 17
20 8 9
19 15 18
23 24 2
24 25 4
21 27 6
21 22 26
22 30 12
24 28 32
23 29 32
26 29 30
27 28 31
25 28 33
29 33 5
26 27 33
30 31 32
100
{[19, 18, 15, 7, 3]}
{[9, 7, 3, 2, 0]}
34
13 15 17
14 11 12
9 3 24
2 10 4
14 3 30
16 12 21
7 18 25
6 9 11
19 16 17
19 7 2
13 3 11
1 10 7
1 5 22
0 14 10
13 1 4
0 20 16
8 15 5
0 8 18
6 20 17
20 8 9
19 15 18
23 24 5
23 25 12
21 22 27
21 26 2
22 31 6
24 28 32
23 29 32
26 29 30
27 28 31
28 33 4
25 29 33
26 27 33
30 31 32
101
{[19, 18, 15, 7, 3]}
{[6, 3, 2, 1, 0]}
34
13 15 17
14 11 12
9 3 22
2 10 4
14 3 26
16 12 21
7 18 25
6 9 11
19 16 17
19 7 2
13 3 11
1 10 7
1 5 23
0 14 10
13 1 4
0 20 16
8 15 5
0 8 18
6 20 17
20 8 9
19 15 18
22 24 5
21 27 2
24 25 12
21 23 31
23 30 6
28 32 4
22 29 32
26 29 30
27 28 31
25 28 33
24 29 33
26 27 33
30 31 32
102
{[19, 18, 15, 7, 3]}
{[9, 7, 3, 2, 0]}
34
13 15 17
14 11 12
9 3 22
2 10 4
14 3 21
16 12 30
7 18 25
6 9 11
19 16 17
19 7 2
13 3 11
1 10 7
1 5 24
0 14 10
13 1 4
0 20 16
8 15 5
0 8 18
6 20 17
20 8 9
19 15 18
23 24 4
23 25 2
21 22 27
21 26 12
22 31 6
24 28 32
23 29 32
26 29 30
27 28 31
28 33 5
25 29 33
26 27 33
30 31 32
103
{[19, 18, 15, 7, 3]}
{[5, 4, 2, 1, 0]}
34
13 15 17
14 11 12
9 3 21
2 10 4
14 3 23
16 12 27
7 18 22
6 9 11
19 16 17
19 7 2
13 3 11
1 10 7
1 5 24
0 14 10
13 1 4
0 20 16
8 15 5
0 8 18
6 20 17
20 8 9
19 15 18
22 25 2
21 26 6
24 25 4
23 31 12
21 23 30
22 28 32
29 32 5
26 29 30
27 28 31
25 28 33
24 29 33
26 27 33
30 31 32
104
{[19, 18, 15, 7, 3]}
{[8, 7, 4, 2, 0]}
34
13 15 17
14 11 12
9 3 25
2 10 4
14 3 31
16 12 22
7 18 23
6 9 11
19 16 17
19 7 2
13 3 11
1 10 7
1 5 21
0 14 10
13 1 4
0 20 16
8 15 5
0 8 18
6 20 17
20 8 9
19 15 18
23 24 12
24 25 5
21 27 6
21 22 26
22 30 2
24 28 32
23 29 32
26 29 30
27 28 31
25 28 33
29 33 4
26 27 33
30 31 32
105
{[19, 18, 15, 7, 3]}
{[16, 13, 12, 11, 10]}
34
13 15 17
14 11 12
9 3 33
2 10 4
14 3 26
16 12 31
7 18 32
6 9 11
19 16 17
19 7 2
13 3 11
1 10 7
1 5 27
0 14 10
13 1 4
0 20 16
8 15 5
0 8 18
6 20 17
20 8 9
19 15 18
23 24 25
23 26 27
21 22 28
21 27 30
21 26 29
22 25 4
22 24 12
23 29 30
25 28 32
24 28 31
30 33 5
29 33 6
31 32 2
106
{[19, 18, 15, 7, 3]}
{[17, 16, 14, 12, 10]}
34
13 15 17
14 11 12
9 3 32
2 10 4
14 3 27
16 12 33
7 18 31
6 9 11
19 16 17
19 7 2
13 3 11
1 10 7
1 5 30
0 14 10
13 1 4
0 20 16
8 15 5
0 8 18
6 20 17
20 8 9
19 15 18
23 24 25
23 26 27
21 22 28
21 27 30
21 26 29
22 25 31
22 24 4
23 29 30
25 28 33
24 28 12
26 32 6
31 33 2
29 32 5
107
{[19, 18, 15, 7, 3]}
{[16, 13, 12, 11, 10]}
34
13 15 17
14 11 12
9 3 27
2 10 4
14 3 31
16 12 26
7 18 32
6 9 11
19 16 17
19 7 2
13 3 11
1 10 7
1 5 33
0 14 10
13 1 4
0 20 16
8 15 5
0 8 18
6 20 17
20 8 9
19 15 18
23 24 25
23 26 27
21 22 28
21 27 30
21 26 29
22 25 5
22 24 2
23 29 30
25 28 32
24 28 31
30 33 4
29 33 6
31 32 12
108
{[19, 18, 15, 7, 3]}
{[17, 16, 14, 12, 10]}
34
13 15 17
14 11 12
9 3 30
2 10 4
14 3 33
16 12 27
7 18 31
6 9 11
19 16 17
19 7 2
13 3 11
1 10 7
1 5 32
0 14 10
13 1 4
0 20 16
8 15 5
0 8 18
6 20 17
20 8 9
19 15 18
23 24 25
23 26 27
21 22 28
21 27 30
21 26 29
22 25 31
22 24 5
23 29 30
25 28 33
24 28 2
26 32 6
31 33 12
29 32 4
109
{[19, 18, 15, 7, 3]}
{[17, 16, 15, 13, 11]}
34
13 15 17
14 11 12
9 3 26
2 10 4
14 3 31
16 12 29
7 18 33
6 9 11
19 16 17
19 7 2
13 3 11
1 10 7
1 5 32
0 14 10
13 1 4
0 20 16
8 15 5
0 8 18
6 20 17
20 8 9
19 15 18
23 24 25
23 26 27
21 22 28
21 27 30
21 26 29
22 25 2
22 24 31
23 29 30
25 28 5
24 28 33
27 32 4
31 33 12
30 32 6
110
{[19, 18, 15, 7, 3]}
{[17, 16, 15, 13, 11]}
34
13 15 17
14 11 12
9 3 32
2 10 4
14 3 29
16 12 31
7 18 33
6 9 11
19 16 17
19 7 2
13 3 11
1 10 7
1 5 26
0 14 10
13 1 4
0 20 16
8 15 5
0 8 18
6 20 17
20 8 9
19 15 18
23 24 25
23 26 27
21 22 28
21 27 30
21 26 29
22 25 12
22 24 31
23 29 30
25 28 4
24 28 33
27 32 5
31 33 2
30 32 6
111
{[19, 18, 15, 7, 3]}
{[17, 15, 14, 13, 12]}
34
13 15 17
14 11 12
9 3 29
2 10 4
14 3 32
16 12 30
7 18 31
6 9 11
19 16 17
19 7 2
13 3 11
1 10 7
1 5 33
0 14 10
13 1 4
0 20 16
8 15 5
0 8 18
6 20 17
20 8 9
19 15 18
23 24 25
23 26 27
21 22 28
21 27 30
21 26 29
22 25 32
22 24 31
23 29 30
25 28 2
24 28 5
27 33 6
26 33 4
31 32 12
112
{[19, 18, 15, 7, 3]}
{[17, 15, 14, 13, 12]}
34
13 15 17
14 11 12
9 3 33
2 10 4
14 3 30
16 12 32
7 18 31
6 9 11
19 16 17
19 7 2
13 3 11
1 10 7
1 5 29
0 14 10
13 1 4
0 20 16
8 15 5
0 8 18
6 20 17
20 8 9
19 15 18
23 24 25
23 26 27
21 22 28
21 27 30
21 26 29
22 25 32
22 24 31
23 29 30
25 28 12
24 28 4
27 33 6
26 33 5
31 32 2
113
{[19, 18, 15, 7, 3]}
{[5, 4, 2, 1, 0]}
34
13 15 17
14 11 12
9 3 21
2 10 4
14 3 23
16 12 27
7 18 22
6 9 11
19 16 17
19 7 2
13 3 11
1 10 7
1 5 24
0 14 10
13 1 4
0 20 16
8 15 5
0 8 18
6 20 17
20 8 9
19 15 18
22 25 2
21 26 6
24 25 4
23 31 12
21 23 30
22 28 32
29 32 5
26 29 30
27 28 31
25 28 33
24 29 33
26 27 33
30 31 32
114
{[19, 18, 15, 7, 3]}
{[6, 3, 2, 1, 0]}
34
13 15 17
14 11 12
9 3 22
2 10 4
14 3 26
16 12 21
7 18 25
6 9 11
19 16 17
19 7 2
13 3 11
1 10 7
1 5 23
0 14 10
13 1 4
0 20 16
8 15 5
0 8 18
6 20 17
20 8 9
19 15 18
22 24 5
21 27 2
24 25 12
21 23 31
23 30 6
28 32 4
22 29 32
26 29 30
27 28 31
25 28 33
24 29 33
26 27 33
30 31 32
115
{[19, 18, 15, 7, 3]}
{[8, 7, 4, 2, 0]}
34
13 15 17
14 11 12
9 3 25
2 10 4
14 3 31
16 12 22
7 18 23
6 9 11
19 16 17
19 7 2
13 3 11
1 10 7
1 5 21
0 14 10
13 1 4
0 20 16
8 15 5
0 8 18
6 20 17
20 8 9
19 15 18
23 24 12
24 25 5
21 27 6
21 22 26
22 30 2
24 28 32
23 29 32
26 29 30
27 28 31
25 28 33
29 33 4
26 27 33
30 31 32
116
{[19, 18, 15, 7, 3]}
{[9, 7, 3, 2, 0]}
34
13 15 17
14 11 12
9 3 22
2 10 4
14 3 21
16 12 30
7 18 25
6 9 11
19 16 17
19 7 2
13 3 11
1 10 7
1 5 24
0 14 10
13 1 4
0 20 16
8 15 5
0 8 18
6 20 17
20 8 9
19 15 18
23 24 4
23 25 2
21 22 27
21 26 12
22 31 6
24 28 32
23 29 32
26 29 30
27 28 31
28 33 5
25 29 33
26 27 33
30 31 32
117
{[19, 18, 15, 7, 3]}
{[6, 3, 2, 1, 0]}
34
13 15 17
14 11 12
9 3 23
2 10 4
14 3 21
16 12 26
7 18 25
6 9 11
19 16 17
19 7 2
13 3 11
1 10 7
1 5 22
0 14 10
13 1 4
0 20 16
8 15 5
0 8 18
6 20 17
20 8 9
19 15 18
22 24 4
21 27 12
24 25 2
21 23 31
23 30 6
28 32 5
22 29 32
26 29 30
27 28 31
25 28 33
24 29 33
26 27 33
30 31 32
118
{[19, 18, 15, 7, 3]}
{[9, 7, 3, 2, 0]}
34
13 15 17
14 11 12
9 3 24
2 10 4
14 3 30
16 12 21
7 18 25
6 9 11
19 16 17
19 7 2
13 3 11
1 10 7
1 5 22
0 14 10
13 1 4
0 20 16
8 15 5
0 8 18
6 20 17
20 8 9
19 15 18
23 24 5
23 25 12
21 22 27
21 26 2
22 31 6
24 28 32
23 29 32
26 29 30
27 28 31
28 33 4
25 29 33
26 27 33
30 31 32
119
{[19, 18, 15, 7, 3]}
{[5, 4, 2, 1, 0]}
34
13 15 17
14 11 12
9 3 24
2 10 4
14 3 27
16 12 23
7 18 22
6 9 11
19 16 17
19 7 2
13 3 11
1 10 7
1 5 21
0 14 10
13 1 4
0 20 16
8 15 5
0 8 18
6 20 17
20 8 9
19 15 18
22 25 12
21 26 6
24 25 5
23 31 2
21 23 30
22 28 32
29 32 4
26 29 30
27 28 31
25 28 33
24 29 33
26 27 33
30 31 32
120
{[19, 18, 15, 7, 3]}
{[8, 7, 4, 2, 0]}
34
13 15 17
14 11 12
9 3 21
2 10 4
14 3 22
16 12 31
7 18 23
6 9 11
19 16 17
19 7 2
13 3 11
1 10 7
1 5 25
0 14 10
13 1 4
0 20 16
8 15 5
0 8 18
6 20 17
20 8 9
19 15 18
23 24 2
24 25 4
21 27 6
21 22 26
22 30 12
24 28 32
23 29 32
26 29 30
27 28 31
25 28 33
29 33 5
26 27 33
30 31 32
121
{[19, 18, 15, 7, 3]}
{[16, 13, 12, 11, 10]}
34
13 15 17
14 11 12
9 3 27
2 10 4
14 3 31
16 12 26
7 18 32
6 9 11
19 16 17
19 7 2
13 3 11
1 10 7
1 5 33
0 14 10
13 1 4
0 20 16
8 15 5
0 8 18
6 20 17
20 8 9
19 15 18
23 24 25
23 26 27
21 22 28
21 27 30
21 26 29
22 25 5
22 24 2
23 29 30
25 28 32
24 28 31
30 33 4
29 33 6
31 32 12
122
{[19, 18, 15, 7, 3]}
{[17, 16, 14, 12, 10]}
34
13 15 17
14 11 12
9 3 30
2 10 4
14 3 33
16 12 27
7 18 31
6 9 11
19 16 17
19 7 2
13 3 11
1 10 7
1 5 32
0 14 10
13 1 4
0 20 16
8 15 5
0 8 18
6 20 17
20 8 9
19 15 18
23 24 25
23 26 27
21 22 28
21 27 30
21 26 29
22 25 31
22 24 5
23 29 30
25 28 33
24 28 2
26 32 6
31 33 12
29 32 4
123
{[19, 18, 15, 7, 3]}
{[16, 13, 12, 11, 10]}
34
13 15 17
14 11 12
9 3 33
2 10 4
14 3 26
16 12 31
7 18 32
6 9 11
19 16 17
19 7 2
13 3 11
1 10 7
1 5 27
0 14 10
13 1 4
0 20 16
8 15 5
0 8 18
6 20 17
20 8 9
19 15 18
23 24 25
23 26 27
21 22 28
21 27 30
21 26 29
22 25 4
22 24 12
23 29 30
25 28 32
24 28 31
30 33 5
29 33 6
31 32 2
124
{[19, 18, 15, 7, 3]}
{[17, 16, 14, 12, 10]}
34
13 15 17
14 11 12
9 3 32
2 10 4
14 3 27
16 12 33
7 18 31
6 9 11
19 16 17
19 7 2
13 3 11
1 10 7
1 5 30
0 14 10
13 1 4
0 20 16
8 15 5
0 8 18
6 20 17
20 8 9
19 15 18
23 24 25
23 26 27
21 22 28
21 27 30
21 26 29
22 25 31
22 24 4
23 29 30
25 28 33
24 28 12
26 32 6
31 33 2
29 32 5
125
{[19, 18, 15, 7, 3]}
{[17, 16, 15, 13, 11]}
34
13 15 17
14 11 12
9 3 32
2 10 4
14 3 29
16 12 31
7 18 33
6 9 11
19 16 17
19 7 2
13 3 11
1 10 7
1 5 26
0 14 10
13 1 4
0 20 16
8 15 5
0 8 18
6 20 17
20 8 9
19 15 18
23 24 25
23 26 27
21 22 28
21 27 30
21 26 29
22 25 12
22 24 31
23 29 30
25 28 4
24 28 33
27 32 5
31 33 2
30 32 6
126
{[19, 18, 15, 7, 3]}
{[17, 16, 15, 13, 11]}
34
13 15 17
14 11 12
9 3 26
2 10 4
14 3 31
16 12 29
7 18 33
6 9 11
19 16 17
19 7 2
13 3 11
1 10 7
1 5 32
0 14 10
13 1 4
0 20 16
8 15 5
0 8 18
6 20 17
20 8 9
19 15 18
23 24 25
23 26 27
21 22 28
21 27 30
21 26 29
22 25 2
22 24 31
23 29 30
25 28 5
24 28 33
27 32 4
31 33 12
30 32 6
127
{[19, 18, 15, 7, 3]}
{[17, 15, 14, 13, 12]}
34
13 15 17
14 11 12
9 3 33
2 10 4
14 3 30
16 12 32
7 18 31
6 9 11
19 16 17
19 7 2
13 3 11
1 10 7
1 5 29
0 14 10
13 1 4
0 20 16
8 15 5
0 8 18
6 20 17
20 8 9
19 15 18
23 24 25
23 26 27
21 22 28
21 27 30
21 26 29
22 25 32
22 24 31
23 29 30
25 28 12
24 28 4
27 33 6
26 33 5
31 32 2
128
{[19, 18, 15, 7, 3]}
{[17, 15, 14, 13, 12]}
34
13 15 17
14 11 12
9 3 29
2 10 4
14 3 32
16 12 30
7 18 31
6 9 11
19 16 17
19 7 2
13 3 11
1 10 7
1 5 33
0 14 10
13 1 4
0 20 16
8 15 5
0 8 18
6 20 17
20 8 9
19 15 18
23 24 25
23 26 27
21 22 28
21 27 30
21 26 29
22 25 32
22 24 31
23 29 30
25 28 2
24 28 5
27 33 6
26 33 4
31 32 12
129
{[17, 16, 12, 5, 4]}
{[5, 4, 2, 1, 0]}
34
15 17 27
10 11 23
9 5 22
6 12 5
14 16 11
14 2 3
7 3 18
6 9 10
19 16 17
19 7 2
1 7 21
1 4 12
13 3 11
14 12 24
13 4 5
0 20 16
8 15 4
0 8 18
6 20 17
20 8 9
19 15 18
22 25 10
21 26 2
24 25 1
23 31 13
21 23 30
22 28 32
29 32 0
26 29 30
27 28 31
25 28 33
24 29 33
26 27 33
30 31 32
130
{[17, 16, 12, 5, 4]}
{[6, 3, 2, 1, 0]}
34
15 17 21
10 11 26
9 5 25
6 12 5
14 16 11
14 2 3
7 3 18
6 9 10
19 16 17
19 7 2
1 7 22
1 4 12
13 3 11
14 12 23
13 4 5
0 20 16
8 15 4
0 8 18
6 20 17
20 8 9
19 15 18
22 24 0
21 27 10
24 25 13
21 23 31
23 30 2
28 32 1
22 29 32
26 29 30
27 28 31
25 28 33
24 29 33
26 27 33
30 31 32
131
{[17, 16, 12, 5, 4]}
{[8, 7, 4, 2, 0]}
34
15 17 22
10 11 31
9 5 23
6 12 5
14 16 11
14 2 3
7 3 18
6 9 10
19 16 17
19 7 2
1 7 25
1 4 12
13 3 11
14 12 21
13 4 5
0 20 16
8 15 4
0 8 18
6 20 17
20 8 9
19 15 18
23 24 13
24 25 0
21 27 2
21 22 26
22 30 10
24 28 32
23 29 32
26 29 30
27 28 31
25 28 33
29 33 1
26 27 33
30 31 32
132
{[17, 16, 12, 5, 4]}
{[9, 7, 3, 2, 0]}
34
15 17 30
10 11 21
9 5 25
6 12 5
14 16 11
14 2 3
7 3 18
6 9 10
19 16 17
19 7 2
1 7 22
1 4 12
13 3 11
14 12 24
13 4 5
0 20 16
8 15 4
0 8 18
6 20 17
20 8 9
19 15 18
23 24 1
23 25 10
21 22 27
21 26 13
22 31 2
24 28 32
23 29 32
26 29 30
27 28 31
28 33 0
25 29 33
26 27 33
30 31 32
133
{[17, 16, 12, 5, 4]}
{[6, 3, 2, 1, 0]}
34
15 17 26
10 11 21
9 5 25
6 12 5
14 16 11
14 2 3
7 3 18
6 9 10
19 16 17
19 7 2
1 7 23
1 4 12
13 3 11
14 12 22
13 4 5
0 20 16
8 15 4
0 8 18
6 20 17
20 8 9
19 15 18
22 24 1
21 27 13
24 25 10
21 23 31
23 30 2
28 32 0
22 29 32
26 29 30
27 28 31
25 28 33
24 29 33
26 27 33
30 31 32
134
{[17, 16, 12, 5, 4]}
{[9, 7, 3, 2, 0]}
34
15 17 21
10 11 30
9 5 25
6 12 5
14 16 11
14 2 3
7 3 18
6 9 10
19 16 17
19 7 2
1 7 24
1 4 12
13 3 11
14 12 22
13 4 5
0 20 16
8 15 4
0 8 18
6 20 17
20 8 9
19 15 18
23 24 0
23 25 13
21 22 27
21 26 10
22 31 2
24 28 32
23 29 32
26 29 30
27 28 31
28 33 1
25 29 33
26 27 33
30 31 32
135
{[17, 16, 12, 5, 4]}
{[5, 4, 2, 1, 0]}
34
15 17 23
10 11 27
9 5 22
6 12 5
14 16 11
14 2 3
7 3 18
6 9 10
19 16 17
19 7 2
1 7 24
1 4 12
13 3 11
14 12 21
13 4 5
0 20 16
8 15 4
0 8 18
6 20 17
20 8 9
19 15 18
22 25 13
21 26 2
24 25 0
23 31 10
21 23 30
22 28 32
29 32 1
26 29 30
27 28 31
25 28 33
24 29 33
26 27 33
30 31 32
136
{[17, 16, 12, 5, 4]}
{[8, 7, 4, 2, 0]}
34
15 17 31
10 11 22
9 5 23
6 12 5
14 16 11
14 2 3
7 3 18
6 9 10
19 16 17
19 7 2
1 7 21
1 4 12
13 3 11
14 12 25
13 4 5
0 20 16
8 15 4
0 8 18
6 20 17
20 8 9
19 15 18
23 24 10
24 25 1
21 27 2
21 22 26
22 30 13
24 28 32
23 29 32
26 29 30
27 28 31
25 28 33
29 33 0
26 27 33
30 31 32
137
{[17, 16, 12, 5, 4]}
{[16, 13, 12, 11, 10]}
34
15 17 26
10 11 31
9 5 32
6 12 5
14 16 11
14 2 3
7 3 18
6 9 10
19 16 17
19 7 2
1 7 27
1 4 12
13 3 11
14 12 33
13 4 5
0 20 16
8 15 4
0 8 18
6 20 17
20 8 9
19 15 18
23 24 25
23 26 27
21 22 28
21 27 30
21 26 29
22 25 0
22 24 10
23 29 30
25 28 32
24 28 31
30 33 1
29 33 2
31 32 13
138
{[17, 16, 12, 5, 4]}
{[17, 16, 14, 12, 10]}
34
15 17 27
10 11 33
9 5 31
6 12 5
14 16 11
14 2 3
7 3 18
6 9 10
19 16 17
19 7 2
1 7 30
1 4 12
13 3 11
14 12 32
13 4 5
0 20 16
8 15 4
0 8 18
6 20 17
20 8 9
19 15 18
23 24 25
23 26 27
21 22 28
21 27 30
21 26 29
22 25 31
22 24 0
23 29 30
25 28 33
24 28 10
26 32 2
31 33 13
29 32 1
139
{[17, 16, 12, 5, 4]}
{[16, 13, 12, 11, 10]}
34
15 17 31
10 11 26
9 5 32
6 12 5
14 16 11
14 2 3
7 3 18
6 9 10
19 16 17
19 7 2
1 7 33
1 4 12
13 3 11
14 12 27
13 4 5
0 20 16
8 15 4
0 8 18
6 20 17
20 8 9
19 15 18
23 24 25
23 26 27
21 22 28
21 27 30
21 26 29
22 25 1
22 24 13
23 29 30
25 28 32
24 28 31
30 33 0
29 33 2
31 32 10
140
{[17, 16, 12, 5, 4]}
{[17, 16, 14, 12, 10]}
34
15 17 33
10 11 27
9 5 31
6 12 5
14 16 11
14 2 3
7 3 18
6 9 10
19 16 17
19 7 2
1 7 32
1 4 12
13 3 11
14 12 30
13 4 5
0 20 16
8 15 4
0 8 18
6 20 17
20 8 9
19 15 18
23 24 25
23 26 27
21 22 28
21 27 30
21 26 29
22 25 31
22 24 1
23 29 30
25 28 33
24 28 13
26 32 2
31 33 10
29 32 0
141
{[17, 16, 12, 5, 4]}
{[17, 16, 15, 13, 11]}
34
15 17 31
10 11 29
9 5 33
6 12 5
14 16 11
14 2 3
7 3 18
6 9 10
19 16 17
19 7 2
1 7 32
1 4 12
13 3 11
14 12 26
13 4 5
0 20 16
8 15 4
0 8 18
6 20 17
20 8 9
19 15 18
23 24 25
23 26 27
21 22 28
21 27 30
21 26 29
22 25 13
22 24 31
23 29 30
25 28 1
24 28 33
27 32 0
31 33 10
30 32 2
142
{[17, 16, 12, 5, 4]}
{[17, 16, 15, 13, 11]}
34
15 17 29
10 11 31
9 5 33
6 12 5
14 16 11
14 2 3
7 3 18
6 9 10
19 16 17
19 7 2
1 7 26
1 4 12
13 3 11
14 12 32
13 4 5
0 20 16
8 15 4
0 8 18
6 20 17
20 8 9
19 15 18
23 24 25
23 26 27
21 22 28
21 27 30
21 26 29
22 25 10
22 24 31
23 29 30
25 28 0
24 28 33
27 32 1
31 33 13
30 32 2
143
{[17, 16, 12, 5, 4]}
{[17, 15, 14, 13, 12]}
34
15 17 32
10 11 30
9 5 31
6 12 5
14 16 11
14 2 3
7 3 18
6 9 10
19 16 17
19 7 2
1 7 33
1 4 12
13 3 11
14 12 29
13 4 5
0 20 16
8 15 4
0 8 18
6 20 17
20 8 9
19 15 18
23 24 25
23 26 27
21 22 28
21 27 30
21 26 29
22 25 32
22 24 31
23 29 30
25 28 13
24 28 1
27 33 2
26 33 0
31 32 10
144
{[17, 16, 12, 5, 4]}
{[17, 15, 14, 13, 12]}
34
15 17 30
10 11 32
9 5 31
6 12 5
14 16 11
14 2 3
7 3 18
6 9 10
19 16 17
19 7 2
1 7 29
1 4 12
13 3 11
14 12 33
13 4 5
0 20 16
8 15 4
0 8 18
6 20 17
20 8 9
19 15 18
23 24 25
23 26 27
21 22 28
21 27 30
21 26 29
22 25 32
22 24 31
23 29 30
25 28 10
24 28 0
27 33 2
26 33 1
31 32 13
145
{[17, 16, 12, 5, 4]}
{[5, 4, 2, 1, 0]}
34
15 17 23
10 11 27
9 5 22
6 12 5
14 16 11
14 2 3
7 3 18
6 9 10
19 16 17
19 7 2
1 7 24
1 4 12
13 3 11
14 12 21
13 4 5
0 20 16
8 15 4
0 8 18
6 20 17
20 8 9
19 15 18
22 25 13
21 26 2
24 25 0
23 31 10
21 23 30
22 28 32
29 32 1
26 29 30
27 28 31
25 28 33
24 29 33
26 27 33
30 31 32
146
{[17, 16, 12, 5, 4]}
{[6, 3, 2, 1, 0]}
34
15 17 26
10 11 21
9 5 25
6 12 5
14 16 11
14 2 3
7 3 18
6 9 10
19 16 17
19 7 2
1 7 23
1 4 12
13 3 11
14 12 22
13 4 5
0 20 16
8 15 4
0 8 18
6 20 17
20 8 9
19 15 18
22 24 1
21 27 13
24 25 10
21 23 31
23 30 2
28 32 0
22 29 32
26 29 30
27 28 31
25 28 33
24 29 33
26 27 33
30 31 32
147
{[17, 16, 12, 5, 4]}
{[8, 7, 4, 2, 0]}
34
15 17 31
10 11 22
9 5 23
6 12 5
14 16 11
14 2 3
7 3 18
6 9 10
19 16 17
19 7 2
1 7 21
1 4 12
13 3 11
14 12 25
13 4 5
0 20 16
8 15 4
0 8 18
6 20 17
20 8 9
19 15 18
23 24 10
24 25 1
21 27 2
21 22 26
22 30 13
24 28 32
23 29 32
26 29 30
27 28 31
25 28 33
29 33 0
26 27 33
30 31 32
148
{[17, 16, 12, 5, 4]}
{[9, 7, 3, 2, 0]}
34
15 17 21
10 11 30
9 5 25
6 12 5
14 16 11
14 2 3
7 3 18
6 9 10
19 16 17
19 7 2
1 7 24
1 4 12
13 3 11
14 12 22
13 4 5
0 20 16
8 15 4
0 8 18
6 20 17
20 8 9
19 15 18
23 24 0
23 25 13
21 22 27
21 26 10
22 31 2
24 28 32
23 29 32
26 29 30
27 28 31
28 33 1
25 29 33
26 27 33
30 31 32
149
{[17, 16, 12, 5, 4]}
{[6, 3, 2, 1, 0]}
34
15 17 21
10 11 26
9 5 25
6 12 5
14 16 11
14 2 3
7 3 18
6 9 10
19 16 17
19 7 2
1 7 22
1 4 12
13 3 11
14 12 23
13 4 5
0 20 16
8 15 4
0 8 18
6 20 17
20 8 9
19 15 18
22 24 0
21 27 10
24 25 13
21 23 31
23 30 2
28 32 1
22 29 32
26 29 30
27 28 31
25 28 33
24 29 33
26 27 33
30 31 32
150
{[17, 16, 12, 5, 4]}
{[9, 7, 3, 2, 0]}
34
15 17 30
10 11 21
9 5 25
6 12 5
14 16 11
14 2 3
7 3 18
6 9 10
19 16 17
19 7 2
1 7 22
1 4 12
13 3 11
14 12 24
13 4 5
0 20 16
8 15 4
0 8 18
6 20 17
20 8 9
19 15 18
23 24 1
23 25 10
21 22 27
21 26 13
22 31 2
24 28 32
23 29 32
26 29 30
27 28 31
28 33 0
25 29 33
26 27 33
30 31 32
151
{[17, 16, 12, 5, 4]}
{[5, 4, 2, 1, 0]}
34
15 17 27
10 11 23
9 5 22
6 12 5
14 16 11
14 2 3
7 3 18
6 9 10
19 16 17
19 7 2
1 7 21
1 4 12
13 3 11
14 12 24
13 4 5
0 20 16
8 15 4
0 8 18
6 20 17
20 8 9
19 15 18
22 25 10
21 26 2
24 25 1
23 31 13
21 23 30
22 28 32
29 32 0
26 29 30
27 28 31
25 28 33
24 29 33
26 27 33
30 31 32
152
{[17, 16, 12, 5, 4]}
{[8, 7, 4, 2, 0]}
34
15 17 22
10 11 31
9 5 23
6 12 5
14 16 11
14 2 3
7 3 18
6 9 10
19 16 17
19 7 2
1 7 25
1 4 12
13 3 11
14 12 21
13 4 5
0 20 16
8 15 4
0 8 18
6 20 17
20 8 9
19 15 18
23 24 13
24 25 0
21 27 2
21 22 26
22 30 10
24 28 32
23 29 32
26 29 30
27 28 31
25 28 33
29 33 1
26 27 33
30 31 32
153
{[17, 16, 12, 5, 4]}
{[16, 13, 12, 11, 10]}
34
15 17 31
10 11 26
9 5 32
6 12 5
14 16 11
14 2 3
7 3 18
6 9 10
19 16 17
19 7 2
1 7 33
1 4 12
13 3 11
14 12 27
13 4 5
0 20 16
8 15 4
0 8 18
6 20 17
20 8 9
19 15 18
23 24 25
23 26 27
21 22 28
21 27 30
21 26 29
22 25 1
22 24 13
23 29 30
25 28 32
24 28 31
30 33 0
29 33 2
31 32 10
154
{[17, 16, 12, 5, 4]}
{[17, 16, 14, 12, 10]}
34
15 17 33
10 11 27
9 5 31
6 12 5
14 16 11
14 2 3
7 3 18
6 9 10
19 16 17
19 7 2
1 7 32
1 4 12
13 3 11
14 12 30
13 4 5
0 20 16
8 15 4
0 8 18
6 20 17
20 8 9
19 15 18
23 24 25
23 26 27
21 22 28
21 27 30
21 26 29
22 25 31
22 24 1
23 29 30
25 28 33
24 28 13
26 32 2
31 33 10
29 32 0
155
{[17, 16, 12, 5, 4]}
{[16, 13, 12, 11, 10]}
34
15 17 26
10 11 31
9 5 32
6 12 5
14 16 11
14 2 3
7 3 18
6 9 10
19 16 17
19 7 2
1 7 27
1 4 12
13 3 11
14 12 33
13 4 5
0 20 16
8 15 4
0 8 18
6 20 17
20 8 9
19 15 18
23 24 25
23 26 27
21 22 28
21 27 30
21 26 29
22 25 0
22 24 10
23 29 30
25 28 32
24 28 31
30 33 1
29 33 2
31 32 13
156
{[17, 16, 12, 5, 4]}
{[17, 16, 14, 12, 10]}
34
15 17 27
10 11 33
9 5 31
6 12 5
14 16 11
14 2 3
7 3 18
6 9 10
19 16 17
19 7 2
1 7 30
1 4 12
13 3 11
14 12 32
13 4 5
0 20 16
8 15 4
0 8 18
6 20 17
20 8 9
19 15 18
23 24 25
23 26 27
21 22 28
21 27 30
21 26 29
22 25 31
22 24 0
23 29 30
25 28 33
24 28 10
26 32 2
31 33 13
29 32 1
157
{[17, 16, 12, 5, 4]}
{[17, 16, 15, 13, 11]}
34
15 17 29
10 11 31
9 5 33
6 12 5
14 16 11
14 2 3
7 3 18
6 9 10
19 16 17
19 7 2
1 7 26
1 4 12
13 3 11
14 12 32
13 4 5
0 20 16
8 15 4
0 8 18
6 20 17
20 8 9
19 15 18
23 24 25
23 26 27
21 22 28
21 27 30
21 26 29
22 25 10
22 24 31
23 29 30
25 28 0
24 28 33
27 32 1
31 33 13
30 32 2
158
{[17, 16, 12, 5, 4]}
{[17, 16, 15, 13, 11]}
34
15 17 31
10 11 29
9 5 33
6 12 5
14 16 11
14 2 3
7 3 18
6 9 10
19 16 17
19 7 2
1 7 32
1 4 12
13 3 11
14 12 26
13 4 5
0 20 16
8 15 4
0 8 18
6 20 17
20 8 9
19 15 18
23 24 25
23 26 27
21 22 28
21 27 30
21 26 29
22 25 13
22 24 31
23 29 30
25 28 1
24 28 33
27 32 0
31 33 10
30 32 2
159
{[17, 16, 12, 5, 4]}
{[17, 15, 14, 13, 12]}
34
15 17 30
10 11 32
9 5 31
6 12 5
14 16 11
14 2 3
7 3 18
6 9 10
19 16 17
19 7 2
1 7 29
1 4 12
13 3 11
14 12 33
13 4 5
0 20 16
8 15 4
0 8 18
6 20 17
20 8 9
19 15 18
23 24 25
23 26 27
21 22 28
21 27 30
21 26 29
22 25 32
22 24 31
23 29 30
25 28 10
24 28 0
27 33 2
26 33 1
31 32 13
160
{[17, 16, 12, 5, 4]}
{[17, 15, 14, 13, 12]}
34
15 17 32
10 11 30
9 5 31
6 12 5
14 16 11
14 2 3
7 3 18
6 9 10
19 16 17
19 7 2
1 7 33
1 4 12
13 3 11
14 12 29
13 4 5
0 20 16
8 15 4
0 8 18
6 20 17
20 8 9
19 15 18
23 24 25
23 26 27
21 22 28
21 27 30
21 26 29
22 25 32
22 24 31
23 29 30
25 28 13
24 28 1
27 33 2
26 33 0
31 32 10
161
{[19, 18, 15, 14, 6]}
{[5, 4, 2, 1, 0]}
34
13 15 17
14 12 23
10 4 6
7 6 27
2 11 5
14 4 21
2 3 22
8 3 18
7 10 12
19 16 17
19 8 2
13 4 12
1 11 8
0 14 11
13 1 5
0 20 16
9 15 24
0 9 18
7 20 17
20 9 10
19 15 18
22 25 5
21 26 6
24 25 1
23 31 16
21 23 30
22 28 32
29 32 3
26 29 30
27 28 31
25 28 33
24 29 33
26 27 33
30 31 32
162
{[19, 18, 15, 14, 6]}
{[6, 3, 2, 1, 0]}
34
13 15 17
14 12 26
10 4 6
7 6 21
2 11 5
14 4 22
2 3 25
8 3 18
7 10 12
19 16 17
19 8 2
13 4 12
1 11 8
0 14 11
13 1 5
0 20 16
9 15 23
0 9 18
7 20 17
20 9 10
19 15 18
22 24 3
21 27 5
24 25 16
21 23 31
23 30 6
28 32 1
22 29 32
26 29 30
27 28 31
25 28 33
24 29 33
26 27 33
30 31 32
163
{[19, 18, 15, 14, 6]}
{[8, 7, 4, 2, 0]}
34
13 15 17
14 12 31
10 4 6
7 6 22
2 11 5
14 4 25
2 3 23
8 3 18
7 10 12
19 16 17
19 8 2
13 4 12
1 11 8
0 14 11
13 1 5
0 20 16
9 15 21
0 9 18
7 20 17
20 9 10
19 15 18
23 24 16
24 25 3
21 27 6
21 22 26
22 30 5
24 28 32
23 29 32
26 29 30
27 28 31
25 28 33
29 33 1
26 27 33
30 31 32
164
{[19, 18, 15, 14, 6]}
{[9, 7, 3, 2, 0]}
34
13 15 17
14 12 21
10 4 6
7 6 30
2 11 5
14 4 22
2 3 25
8 3 18
7 10 12
19 16 17
19 8 2
13 4 12
1 11 8
0 14 11
13 1 5
0 20 16
9 15 24
0 9 18
7 20 17
20 9 10
19 15 18
23 24 1
23 25 5
21 22 27
21 26 16
22 31 6
24 28 32
23 29 32
26 29 30
27 28 31
28 33 3
25 29 33
26 27 33
30 31 32
165
{[19, 18, 15, 14, 6]}
{[6, 3, 2, 1, 0]}
34
13 15 17
14 12 21
10 4 6
7 6 26
2 11 5
14 4 23
2 3 25
8 3 18
7 10 12
19 16 17
19 8 2
13 4 12
1 11 8
0 14 11
13 1 5
0 20 16
9 15 22
0 9 18
7 20 17
20 9 10
19 15 18
22 24 1
21 27 16
24 25 5
21 23 31
23 30 6
28 32 3
22 29 32
26 29 30
27 28 31
25 28 33
24 29 33
26 27 33
30 31 32
166
{[19, 18, 15, 14, 6]}
{[9, 7, 3, 2, 0]}
34
13 15 17
14 12 30
10 4 6
7 6 21
2 11 5
14 4 24
2 3 25
8 3 18
7 10 12
19 16 17
19 8 2
13 4 12
1 11 8
0 14 11
13 1 5
0 20 16
9 15 22
0 9 18
7 20 17
20 9 10
19 15 18
23 24 3
23 25 16
21 22 27
21 26 5
22 31 6
24 28 32
23 29 32
26 29 30
27 28 31
28 33 1
25 29 33
26 27 33
30 31 32
167
{[19, 18, 15, 14, 6]}
{[5, 4, 2, 1, 0]}
34
13 15 17
14 12 27
10 4 6
7 6 23
2 11 5
14 4 24
2 3 22
8 3 18
7 10 12
19 16 17
19 8 2
13 4 12
1 11 8
0 14 11
13 1 5
0 20 16
9 15 21
0 9 18
7 20 17
20 9 10
19 15 18
22 25 16
21 26 6
24 25 3
23 31 5
21 23 30
22 28 32
29 32 1
26 29 30
27 28 31
25 28 33
24 29 33
26 27 33
30 31 32
168
{[19, 18, 15, 14, 6]}
{[8, 7, 4, 2, 0]}
34
13 15 17
14 12 22
10 4 6
7 6 31
2 11 5
14 4 21
2 3 23
8 3 18
7 10 12
19 16 17
19 8 2
13 4 12
1 11 8
0 14 11
13 1 5
0 20 16
9 15 25
0 9 18
7 20 17
20 9 10
19 15 18
23 24 5
24 25 1
21 27 6
21 22 26
22 30 16
24 28 32
23 29 32
26 29 30
27 28 31
25 28 33
29 33 3
26 27 33
30 31 32
169
{[19, 18, 15, 14, 6]}
{[16, 13, 12, 11, 10]}
34
13 15 17
14 12 31
10 4 6
7 6 26
2 11 5
14 4 27
2 3 32
8 3 18
7 10 12
19 16 17
19 8 2
13 4 12
1 11 8
0 14 11
13 1 5
0 20 16
9 15 33
0 9 18
7 20 17
20 9 10
19 15 18
23 24 25
23 26 27
21 22 28
21 27 30
21 26 29
22 25 3
22 24 5
23 29 30
25 28 32
24 28 31
30 33 1
29 33 6
31 32 16
170
{[19, 18, 15, 14, 6]}
{[17, 16, 14, 12, 10]}
34
13 15 17
14 12 33
10 4 6
7 6 27
2 11 5
14 4 30
2 3 31
8 3 18
7 10 12
19 16 17
19 8 2
13 4 12
1 11 8
0 14 11
13 1 5
0 20 16
9 15 32
0 9 18
7 20 17
20 9 10
19 15 18
23 24 25
23 26 27
21 22 28
21 27 30
21 26 29
22 25 31
22 24 3
23 29 30
25 28 33
24 28 5
26 32 6
31 33 16
29 32 1
171
{[19, 18, 15, 14, 6]}
{[16, 13, 12, 11, 10]}
34
13 15 17
14 12 26
10 4 6
7 6 31
2 11 5
14 4 33
2 3 32
8 3 18
7 10 12
19 16 17
19 8 2
13 4 12
1 11 8
0 14 11
13 1 5
0 20 16
9 15 27
0 9 18
7 20 17
20 9 10
19 15 18
23 24 25
23 26 27
21 22 28
21 27 30
21 26 29
22 25 1
22 24 16
23 29 30
25 28 32
24 28 31
30 33 3
29 33 6
31 32 5
172
{[19, 18, 15, 14, 6]}
{[17, 16, 14, 12, 10]}
34
13 15 17
14 12 27
10 4 6
7 6 33
2 11 5
14 4 32
2 3 31
8 3 18
7 10 12
19 16 17
19 8 2
13 4 12
1 11 8
0 14 11
13 1 5
0 20 16
9 15 30
0 9 18
7 20 17
20 9 10
19 15 18
23 24 25
23 26 27
21 22 28
21 27 30
21 26 29
22 25 31
22 24 1
23 29 30
25 28 33
24 28 16
26 32 6
31 33 5
29 32 3
173
{[19, 18, 15, 14, 6]}
{[17, 16, 15, 13, 11]}
34
13 15 17
14 12 29
10 4 6
7 6 31
2 11 5
14 4 32
2 3 33
8 3 18
7 10 12
19 16 17
19 8 2
13 4 12
1 11 8
0 14 11
13 1 5
0 20 16
9 15 26
0 9 18
7 20 17
20 9 10
19 15 18
23 24 25
23 26 27
21 22 28
21 27 30
21 26 29
22 25 16
22 24 31
23 29 30
25 28 1
24 28 33
27 32 3
31 33 5
30 32 6
174
{[19, 18, 15, 14, 6]}
{[17, 16, 15, 13, 11]}
34
13 15 17
14 12 31
10 4 6
7 6 29
2 11 5
14 4 26
2 3 33
8 3 18
7 10 12
19 16 17
19 8 2
13 4 12
1 11 8
0 14 11
13 1 5
0 20 16
9 15 32
0 9 18
7 20 17
20 9 10
19 15 18
23 24 25
23 26 27
21 22 28
21 27 30
21 26 29
22 25 5
22 24 31
23 29 30
25 28 3
24 28 33
27 32 1
31 33 16
30 32 6
175
{[19, 18, 15, 14, 6]}
{[17, 15, 14, 13, 12]}
34
13 15 17
14 12 30
10 4 6
7 6 32
2 11 5
14 4 33
2 3 31
8 3 18
7 10 12
19 16 17
19 8 2
13 4 12
1 11 8
0 14 11
13 1 5
0 20 16
9 15 29
0 9 18
7 20 17
20 9 10
19 15 18
23 24 25
23 26 27
21 22 28
21 27 30
21 26 29
22 25 32
22 24 31
23 29 30
25 28 16
24 28 1
27 33 6
26 33 3
31 32 5
176
{[19, 18, 15, 14, 6]}
{[17, 15, 14, 13, 12]}
34
13 15 17
14 12 32
10 4 6
7 6 30
2 11 5
14 4 29
2 3 31
8 3 18
7 10 12
19 16 17
19 8 2
13 4 12
1 11 8
0 14 11
13 1 5
0 20 16
9 15 33
0 9 18
7 20 17
20 9 10
19 15 18
23 24 25
23 26 27
21 22 28
21 27 30
21 26 29
22 25 32
22 24 31
23 29 30
25 28 5
24 28 3
27 33 6
26 33 1
31 32 16
177
{[19, 18, 15, 14, 6]}
{[5, 4, 2, 1, 0]}
34
13 15 17
14 12 27
10 4 6
7 6 23
2 11 5
14 4 24
2 3 22
8 3 18
7 10 12
19 16 17
19 8 2
13 4 12
1 11 8
0 14 11
13 1 5
0 20 16
9 15 21
0 9 18
7 20 17
20 9 10
19 15 18
22 25 16
21 26 6
24 25 3
23 31 5
21 23 30
22 28 32
29 32 1
26 29 30
27 28 31
25 28 33
24 29 33
26 27 33
30 31 32
178
{[19, 18, 15, 14, 6]}
{[6, 3, 2, 1, 0]}
34
13 15 17
14 12 21
10 4 6
7 6 26
2 11 5
14 4 23
2 3 25
8 3 18
7 10 12
19 16 17
19 8 2
13 4 12
1 11 8
0 14 11
13 1 5
0 20 16
9 15 22
0 9 18
7 20 17
20 9 10
19 15 18
22 24 1
21 27 16
24 25 5
21 23 31
23 30 6
28 32 3
22 29 32
26 29 30
27 28 31
25 28 33
24 29 33
26 27 33
30 31 32
179
{[19, 18, 15, 14, 6]}
{[8, 7, 4, 2, 0]}
34
13 15 17
14 12 22
10 4 6
7 6 31
2 11 5
14 4 21
2 3 23
8 3 18
7 10 12
19 16 17
19 8 2
13 4 12
1 11 8
0 14 11
13 1 5
0 20 16
9 15 25
0 9 18
7 20 17
20 9 10
19 15 18
23 24 5
24 25 1
21 27 6
21 22 26
22 30 16
24 28 32
23 29 32
26 29 30
27 28 31
25 28 33
29 33 3
26 27 33
30 31 32
180
{[19, 18, 15, 14, 6]}
{[9, 7, 3, 2, 0]}
34
13 15 17
14 12 30
10 4 6
7 6 21
2 11 5
14 4 24
2 3 25
8 3 18
7 10 12
19 16 17
19 8 2
13 4 12
1 11 8
0 14 11
13 1 5
0 20 16
9 15 22
0 9 18
7 20 17
20 9 10
19 15 18
23 24 3
23 25 16
21 22 27
21 26 5
22 31 6
24 28 32
23 29 32
26 29 30
27 28 31
28 33 1
25 29 33
26 27 33
30 31 32
181
{[19, 18, 15, 14, 6]}
{[6, 3, 2, 1, 0]}
34
13 15 17
14 12 26
10 4 6
7 6 21
2 11 5
14 4 22
2 3 25
8 3 18
7 10 12
19 16 17
19 8 2
13 4 12
1 11 8
0 14 11
13 1 5
0 20 16
9 15 23
0 9 18
7 20 17
20 9 10
19 15 18
22 24 3
21 27 5
24 25 16
21 23 31
23 30 6
28 32 1
22 29 32
26 29 30
27 28 31
25 28 33
24 29 33
26 27 33
30 31 32
182
{[19, 18, 15, 14, 6]}
{[9, 7, 3, 2, 0]}
34
13 15 17
14 12 21
10 4 6
7 6 30
2 11 5
14 4 22
2 3 25
8 3 18
7 10 12
19 16 17
19 8 2
13 4 12
1 11 8
0 14 11
13 1 5
0 20 16
9 15 24
0 9 18
7 20 17
20 9 10
19 15 18
23 24 1
23 25 5
21 22 27
21 26 16
22 31 6
24 28 32
23 29 32
26 29 30
27 28 31
28 33 3
25 29 33
26 27 33
30 31 32
183
{[19, 18, 15, 14, 6]}
{[5, 4, 2, 1, 0]}
34
13 15 17
14 12 23
10 4 6
7 6 27
2 11 5
14 4 21
2 3 22
8 3 18
7 10 12
19 16 17
19 8 2
13 4 12
1 11 8
0 14 11
13 1 5
0 20 16
9 15 24
0 9 18
7 20 17
20 9 10
19 15 18
22 25 5
21 26 6
24 25 1
23 31 16
21 23 30
22 28 32
29 32 3
26 29 30
27 28 31
25 28 33
24 29 33
26 27 33
30 31 32
184
{[19, 18, 15, 14, 6]}
{[8, 7, 4, 2, 0]}
34
13 15 17
14 12 31
10 4 6
7 6 22
2 11 5
14 4 25
2 3 23
8 3 18
7 10 12
19 16 17
19 8 2
13 4 12
1 11 8
0 14 11
13 1 5
0 20 16
9 15 21
0 9 18
7 20 17
20 9 10
19 15 18
23 24 16
24 25 3
21 27 6
21 22 26
22 30 5
24 28 32
23 29 32
26 29 30
27 28 31
25 28 33
29 33 1
26 27 33
30 31 32
185
{[19, 18, 15, 14, 6]}
{[16, 13, 12, 11, 10]}
34
13 15 17
14 12 26
10 4 6
7 6 31
2 11 5
14 4 33
2 3 32
8 3 18
7 10 12
19 16 17
19 8 2
13 4 12
1 11 8
0 14 11
13 1 5
0 20 16
9 15 27
0 9 18
7 20 17
20 9 10
19 15 18
23 24 25
23 26 27
21 22 28
21 27 30
21 26 29
22 25 1
22 24 16
23 29 30
25 28 32
24 28 31
30 33 3
29 33 6
31 32 5
186
{[19, 18, 15, 14, 6]}
{[17, 16, 14, 12, 10]}
34
13 15 17
14 12 27
10 4 6
7 6 33
2 11 5
14 4 32
2 3 31
8 3 18
7 10 12
19 16 17
19 8 2
13 4 12
1 11 8
0 14 11
13 1 5
0 20 16
9 15 30
0 9 18
7 20 17
20 9 10
19 15 18
23 24 25
23 26 27
21 22 28
21 27 30
21 26 29
22 25 31
22 24 1
23 29 30
25 28 33
24 28 16
26 32 6
31 33 5
29 32 3
187
{[19, 18, 15, 14, 6]}
{[16, 13, 12, 11, 10]}
34
13 15 17
14 12 31
10 4 6
7 6 26
2 11 5
14 4 27
2 3 32
8 3 18
7 10 12
19 16 17
19 8 2
13 4 12
1 11 8
0 14 11
13 1 5
0 20 16
9 15 33
0 9 18
7 20 17
20 9 10
19 15 18
23 24 25
23 26 27
21 22 28
21 27 30
21 26 29
22 25 3
22 24 5
23 29 30
25 28 32
24 28 31
30 33 1
29 33 6
31 32 16
188
{[19, 18, 15, 14, 6]}
{[17, 16, 14, 12, 10]}
34
13 15 17
14 12 33
10 4 6
7 6 27
2 11 5
14 4 30
2 3 31
8 3 18
7 10 12
19 16 17
19 8 2
13 4 12
1 11 8
0 14 11
13 1 5
0 20 16
9 15 32
0 9 18
7 20 17
20 9 10
19 15 18
23 24 25
23 26 27
21 22 28
21 27 30
21 26 29
22 25 31
22 24 3
23 29 30
25 28 33
24 28 5
26 32 6
31 33 16
29 32 1
189
{[19, 18, 15, 14, 6]}
{[17, 16, 15, 13, 11]}
34
13 15 17
14 12 31
10 4 6
7 6 29
2 11 5
14 4 26
2 3 33
8 3 18
7 10 12
19 16 17
19 8 2
13 4 12
1 11 8
0 14 11
13 1 5
0 20 16
9 15 32
0 9 18
7 20 17
20 9 10
19 15 18
23 24 25
23 26 27
21 22 28
21 27 30
21 26 29
22 25 5
22 24 31
23 29 30
25 28 3
24 28 33
27 32 1
31 33 16
30 32 6
190
{[19, 18, 15, 14, 6]}
{[17, 16, 15, 13, 11]}
34
13 15 17
14 12 29
10 4 6
7 6 31
2 11 5
14 4 32
2 3 33
8 3 18
7 10 12
19 16 17
19 8 2
13 4 12
1 11 8
0 14 11
13 1 5
0 20 16
9 15 26
0 9 18
7 20 17
20 9 10
19 15 18
23 24 25
23 26 27
21 22 28
21 27 30
21 26 29
22 25 16
22 24 31
23 29 30
25 28 1
24 28 33
27 32 3
31 33 5
30 32 6
191
{[19, 18, 15, 14, 6]}
{[17, 15, 14, 13, 12]}
34
13 15 17
14 12 32
10 4 6
7 6 30
2 11 5
14 4 29
2 3 31
8 3 18
7 10 12
19 16 17
19 8 2
13 4 12
1 11 8
0 14 11
13 1 5
0 20 16
9 15 33
0 9 18
7 20 17
20 9 10
19 15 18
23 24 25
23 26 27
21 22 28
21 27 30
21 26 29
22 25 32
22 24 31
23 29 30
25 28 5
24 28 3
27 33 6
26 33 1
31 32 16
192
{[19, 18, 15, 14, 6]}
{[17, 15, 14, 13, 12]}
34
13 15 17
14 12 30
10 4 6
7 6 32
2 11 5
14 4 33
2 3 31
8 3 18
7 10 12
19 16 17
19 8 2
13 4 12
1 11 8
0 14 11
13 1 5
0 20 16
9 15 29
0 9 18
7 20 17
20 9 10
19 15 18
23 24 25
23 26 27
21 22 28
21 27 30
21 26 29
22 25 32
22 24 31
23 29 30
25 28 16
24 28 1
27 33 6
26 33 3
31 32 5
193
{[25, 24, 21, 20, 10]}
{[5, 4, 2, 1, 0]}
34
15 19 21
16 12 13
10 4 7
8 14 7
2 11 5
16 17 4
18 13 27
18 2 3
9 3 20
8 10 12
9 2 24
15 4 12
1 11 9
1 6 14
17 3 13
0 16 11
15 1 5
18 5 14
17 6 7
0 20 23
8 19 22
22 25 0
21 26 20
24 25 19
23 31 10
21 23 30
22 28 32
29 32 6
26 29 30
27 28 31
25 28 33
24 29 33
26 27 33
30 31 32
194
{[25, 24, 21, 20, 10]}
{[6, 3, 2, 1, 0]}
34
15 19 22
16 12 13
10 4 7
8 14 7
2 11 5
16 17 4
18 13 21
18 2 3
9 3 20
8 10 12
9 2 23
15 4 12
1 11 9
1 6 14
17 3 13
0 16 11
15 1 5
18 5 14
17 6 7
0 20 26
8 19 25
22 24 6
21 27 0
24 25 10
21 23 31
23 30 20
28 32 19
22 29 32
26 29 30
27 28 31
25 28 33
24 29 33
26 27 33
30 31 32
195
{[25, 24, 21, 20, 10]}
{[8, 7, 4, 2, 0]}
34
15 19 25
16 12 13
10 4 7
8 14 7
2 11 5
16 17 4
18 13 22
18 2 3
9 3 20
8 10 12
9 2 21
15 4 12
1 11 9
1 6 14
17 3 13
0 16 11
15 1 5
18 5 14
17 6 7
0 20 31
8 19 23
23 24 10
24 25 6
21 27 20
21 22 26
22 30 0
24 28 32
23 29 32
26 29 30
27 28 31
25 28 33
29 33 19
26 27 33
30 31 32
196
{[25, 24, 21, 20, 10]}
{[9, 7, 3, 2, 0]}
34
15 19 22
16 12 13
10 4 7
8 14 7
2 11 5
16 17 4
18 13 30
18 2 3
9 3 20
8 10 12
9 2 24
15 4 12
1 11 9
1 6 14
17 3 13
0 16 11
15 1 5
18 5 14
17 6 7
0 20 21
8 19 25
23 24 19
23 25 0
21 22 27
21 26 10
22 31 20
24 28 32
23 29 32
26 29 30
27 28 31
28 33 6
25 29 33
26 27 33
30 31 32
197
{[25, 24, 21, 20, 10]}
{[6, 3, 2, 1, 0]}
34
15 19 23
16 12 13
10 4 7
8 14 7
2 11 5
16 17 4
18 13 26
18 2 3
9 3 20
8 10 12
9 2 22
15 4 12
1 11 9
1 6 14
17 3 13
0 16 11
15 1 5
18 5 14
17 6 7
0 20 21
8 19 25
22 24 19
21 27 10
24 25 0
21 23 31
23 30 20
28 32 6
22 29 32
26 29 30
27 28 31
25 28 33
24 29 33
26 27 33
30 31 32
198
{[25, 24, 21, 20, 10]}
{[9, 7, 3, 2, 0]}
34
15 19 24
16 12 13
10 4 7
8 14 7
2 11 5
16 17 4
18 13 21
18 2 3
9 3 20
8 10 12
9 2 22
15 4 12
1 11 9
1 6 14
17 3 13
0 16 11
15 1 5
18 5 14
17 6 7
0 20 30
8 19 25
23 24 6
23 25 10
21 22 27
21 26 0
22 31 20
24 28 32
23 29 32
26 29 30
27 28 31
28 33 19
25 29 33
26 27 33
30 31 32
199
{[25, 24, 21, 20, 10]}
{[5, 4, 2, 1, 0]}
34
15 19 24
16 12 13
10 4 7
8 14 7
2 11 5
16 17 4
18 13 23
18 2 3
9 3 20
8 10 12
9 2 21
15 4 12
1 11 9
1 6 14
17 3 13
0 16 11
15 1 5
18 5 14
17 6 7
0 20 27
8 19 22
22 25 10
21 26 20
24 25 6
23 31 0
21 23 30
22 28 32
29 32 19
26 29 30
27 28 31
25 28 33
24 29 33
26 27 33
30 31 32
200
{[25, 24, 21, 20, 10]}
{[8, 7, 4, 2, 0]}
34
15 19 21
16 12 13
10 4 7
8 14 7
2 11 5
16 17 4
18 13 31
18 2 3
9 3 20
8 10 12
9 2 25
15 4 12
1 11 9
1 6 14
17 3 13
0 16 11
15 1 5
18 5 14
17 6 7
0 20 22
8 19 23
23 24 0
24 25 19
21 27 20
21 22 26
22 30 10
24 28 32
23 29 32
26 29 30
27 28 31
25 28 33
29 33 6
26 27 33
30 31 32
201
{[25, 24, 21, 20, 10]}
{[16, 13, 12, 11, 10]}
34
15 19 27
16 12 13
10 4 7
8 14 7
2 11 5
16 17 4
18 13 26
18 2 3
9 3 20
8 10 12
9 2 33
15 4 12
1 11 9
1 6 14
17 3 13
0 16 11
15 1 5
18 5 14
17 6 7
0 20 31
8 19 32
23 24 25
23 26 27
21 22 28
21 27 30
21 26 29
22 25 6
22 24 0
23 29 30
25 28 32
24 28 31
30 33 19
29 33 20
31 32 10
202
{[25, 24, 21, 20, 10]}
{[17, 16, 14, 12, 10]}
34
15 19 30
16 12 13
10 4 7
8 14 7
2 11 5
16 17 4
18 13 27
18 2 3
9 3 20
8 10 12
9 2 32
15 4 12
1 11 9
1 6 14
17 3 13
0 16 11
15 1 5
18 5 14
17 6 7
0 20 33
8 19 31
23 24 25
23 26 27
21 22 28
21 27 30
21 26 29
22 25 31
22 24 6
23 29 30
25 28 33
24 28 0
26 32 20
31 33 10
29 32 19
203
{[25, 24, 21, 20, 10]}
{[16, 13, 12, 11, 10]}
34
15 19 33
16 12 13
10 4 7
8 14 7
2 11 5
16 17 4
18 13 31
18 2 3
9 3 20
8 10 12
9 2 27
15 4 12
1 11 9
1 6 14
17 3 13
0 16 11
15 1 5
18 5 14
17 6 7
0 20 26
8 19 32
23 24 25
23 26 27
21 22 28
21 27 30
21 26 29
22 25 19
22 24 10
23 29 30
25 28 32
24 28 31
30 33 6
29 33 20
31 32 0
204
{[25, 24, 21, 20, 10]}
{[17, 16, 14, 12, 10]}
34
15 19 32
16 12 13
10 4 7
8 14 7
2 11 5
16 17 4
18 13 33
18 2 3
9 3 20
8 10 12
9 2 30
15 4 12
1 11 9
1 6 14
17 3 13
0 16 11
15 1 5
18 5 14
17 6 7
0 20 27
8 19 31
23 24 25
23 26 27
21 22 28
21 27 30
21 26 29
22 25 31
22 24 19
23 29 30
25 28 33
24 28 10
26 32 20
31 33 0
29 32 6
205
{[25, 24, 21, 20, 10]}
{[17, 16, 15, 13, 11]}
34
15 19 32
16 12 13
10 4 7
8 14 7
2 11 5
16 17 4
18 13 31
18 2 3
9 3 20
8 10 12
9 2 26
15 4 12
1 11 9
1 6 14
17 3 13
0 16 11
15 1 5
18 5 14
17 6 7
0 20 29
8 19 33
23 24 25
23 26 27
21 22 28
21 27 30
21 26 29
22 25 10
22 24 31
23 29 30
25 28 19
24 28 33
27 32 6
31 33 0
30 32 20
206
{[25, 24, 21, 20, 10]}
{[17, 16, 15, 13, 11]}
34
15 19 26
16 12 13
10 4 7
8 14 7
2 11 5
16 17 4
18 13 29
18 2 3
9 3 20
8 10 12
9 2 32
15 4 12
1 11 9
1 6 14
17 3 13
0 16 11
15 1 5
18 5 14
17 6 7
0 20 31
8 19 33
23 24 25
23 26 27
21 22 28
21 27 30
21 26 29
22 25 0
22 24 31
23 29 30
25 28 6
24 28 33
27 32 19
31 33 10
30 32 20
207
{[25, 24, 21, 20, 10]}
{[17, 15, 14, 13, 12]}
34
15 19 33
16 12 13
10 4 7
8 14 7
2 11 5
16 17 4
18 13 32
18 2 3
9 3 20
8 10 12
9 2 29
15 4 12
1 11 9
1 6 14
17 3 13
0 16 11
15 1 5
18 5 14
17 6 7
0 20 30
8 19 31
23 24 25
23 26 27
21 22 28
21 27 30
21 26 29
22 25 32
22 24 31
23 29 30
25 28 10
24 28 19
27 33 20
26 33 6
31 32 0
208
{[25, 24, 21, 20, 10]}
{[17, 15, 14, 13, 12]}
34
15 19 29
16 12 13
10 4 7
8 14 7
2 11 5
16 17 4
18 13 30
18 2 3
9 3 20
8 10 12
9 2 33
15 4 12
1 11 9
1 6 14
17 3 13
0 16 11
15 1 5
18 5 14
17 6 7
0 20 32
8 19 31
23 24 25
23 26 27
21 22 28
21 27 30
21 26 29
22 25 32
22 24 31
23 29 30
25 28 0
24 28 6
27 33 20
26 33 19
31 32 10
209
{[25, 24, 23, 22, 10]}
{[5, 4, 2, 1, 0]}
34
15 19 22
16 12 13
10 4 7
8 14 7
2 11 5
16 17 4
18 20 13
18 2 3
9 3 24
8 10 12
9 2 27
15 4 12
1 11 9
1 6 14
17 3 13
0 16 11
15 1 5
18 5 14
17 6 7
0 20 23
19 6 21
22 25 20
21 26 0
24 25 19
23 31 8
21 23 30
22 28 32
29 32 10
26 29 30
27 28 31
25 28 33
24 29 33
26 27 33
30 31 32
210
{[25, 24, 23, 22, 10]}
{[6, 3, 2, 1, 0]}
34
15 19 25
16 12 13
10 4 7
8 14 7
2 11 5
16 17 4
18 20 13
18 2 3
9 3 23
8 10 12
9 2 21
15 4 12
1 11 9
1 6 14
17 3 13
0 16 11
15 1 5
18 5 14
17 6 7
0 20 26
19 6 22
22 24 10
21 27 20
24 25 8
21 23 31
23 30 0
28 32 19
22 29 32
26 29 30
27 28 31
25 28 33
24 29 33
26 27 33
30 31 32
211
{[25, 24, 23, 22, 10]}
{[8, 7, 4, 2, 0]}
34
15 19 23
16 12 13
10 4 7
8 14 7
2 11 5
16 17 4
18 20 13
18 2 3
9 3 21
8 10 12
9 2 22
15 4 12
1 11 9
1 6 14
17 3 13
0 16 11
15 1 5
18 5 14
17 6 7
0 20 31
19 6 25
23 24 8
24 25 10
21 27 0
21 22 26
22 30 20
24 28 32
23 29 32
26 29 30
27 28 31
25 28 33
29 33 19
26 27 33
30 31 32
212
{[25, 24, 23, 22, 10]}
{[9, 7, 3, 2, 0]}
34
15 19 25
16 12 13
10 4 7
8 14 7
2 11 5
16 17 4
18 20 13
18 2 3
9 3 24
8 10 12
9 2 30
15 4 12
1 11 9
1 6 14
17 3 13
0 16 11
15 1 5
18 5 14
17 6 7
0 20 21
19 6 22
23 24 19
23 25 20
21 22 27
21 26 8
22 31 0
24 28 32
23 29 32
26 29 30
27 28 31
28 33 10
25 29 33
26 27 33
30 31 32
213
{[25, 24, 23, 22, 10]}
{[6, 3, 2, 1, 0]}
34
15 19 25
16 12 13
10 4 7
8 14 7
2 11 5
16 17 4
18 20 13
18 2 3
9 3 22
8 10 12
9 2 26
15 4 12
1 11 9
1 6 14
17 3 13
0 16 11
15 1 5
18 5 14
17 6 7
0 20 21
19 6 23
22 24 19
21 27 8
24 25 20
21 23 31
23 30 0
28 32 10
22 29 32
26 29 30
27 28 31
25 28 33
24 29 33
26 27 33
30 31 32
214
{[25, 24, 23, 22, 10]}
{[9, 7, 3, 2, 0]}
34
15 19 25
16 12 13
10 4 7
8 14 7
2 11 5
16 17 4
18 20 13
18 2 3
9 3 22
8 10 12
9 2 21
15 4 12
1 11 9
1 6 14
17 3 13
0 16 11
15 1 5
18 5 14
17 6 7
0 20 30
19 6 24
23 24 10
23 25 8
21 22 27
21 26 20
22 31 0
24 28 32
23 29 32
26 29 30
27 28 31
28 33 19
25 29 33
26 27 33
30 31 32
215
{[25, 24, 23, 22, 10]}
{[5, 4, 2, 1, 0]}
34
15 19 22
16 12 13
10 4 7
8 14 7
2 11 5
16 17 4
18 20 13
18 2 3
9 3 21
8 10 12
9 2 23
15 4 12
1 11 9
1 6 14
17 3 13
0 16 11
15 1 5
18 5 14
17 6 7
0 20 27
19 6 24
22 25 8
21 26 0
24 25 10
23 31 20
21 23 30
22 28 32
29 32 19
26 29 30
27 28 31
25 28 33
24 29 33
26 27 33
30 31 32
216
{[25, 24, 23, 22, 10]}
{[8, 7, 4, 2, 0]}
34
15 19 23
16 12 13
10 4 7
8 14 7
2 11 5
16 17 4
18 20 13
18 2 3
9 3 25
8 10 12
9 2 31
15 4 12
1 11 9
1 6 14
17 3 13
0 16 11
15 1 5
18 5 14
17 6 7
0 20 22
19 6 21
23 24 20
24 25 19
21 27 0
21 22 26
22 30 8
24 28 32
23 29 32
26 29 30
27 28 31
25 28 33
29 33 10
26 27 33
30 31 32
217
{[25, 24, 23, 22, 10]}
{[16, 13, 12, 11, 10]}
34
15 19 32
16 12 13
10 4 7
8 14 7
2 11 5
16 17 4
18 20 13
18 2 3
9 3 33
8 10 12
9 2 26
15 4 12
1 11 9
1 6 14
17 3 13
0 16 11
15 1 5
18 5 14
17 6 7
0 20 31
19 6 27
23 24 25
23 26 27
21 22 28
21 27 30
21 26 29
22 25 10
22 24 20
23 29 30
25 28 32
24 28 31
30 33 19
29 33 0
31 32 8
218
{[25, 24, 23, 22, 10]}
{[17, 16, 14, 12, 10]}
34
15 19 31
16 12 13
10 4 7
8 14 7
2 11 5
16 17 4
18 20 13
18 2 3
9 3 32
8 10 12
9 2 27
15 4 12
1 11 9
1 6 14
17 3 13
0 16 11
15 1 5
18 5 14
17 6 7
0 20 33
19 6 30
23 24 25
23 26 27
21 22 28
21 27 30
21 26 29
22 25 31
22 24 10
23 29 30
25 28 33
24 28 20
26 32 0
31 33 8
29 32 19
219
{[25, 24, 23, 22, 10]}
{[16, 13, 12, 11, 10]}
34
15 19 32
16 12 13
10 4 7
8 14 7
2 11 5
16 17 4
18 20 13
18 2 3
9 3 27
8 10 12
9 2 31
15 4 12
1 11 9
1 6 14
17 3 13
0 16 11
15 1 5
18 5 14
17 6 7
0 20 26
19 6 33
23 24 25
23 26 27
21 22 28
21 27 30
21 26 29
22 25 19
22 24 8
23 29 30
25 28 32
24 28 31
30 33 10
29 33 0
31 32 20
220
{[25, 24, 23, 22, 10]}
{[17, 16, 14, 12, 10]}
34
15 19 31
16 12 13
10 4 7
8 14 7
2 11 5
16 17 4
18 20 13
18 2 3
9 3 30
8 10 12
9 2 33
15 4 12
1 11 9
1 6 14
17 3 13
0 16 11
15 1 5
18 5 14
17 6 7
0 20 27
19 6 32
23 24 25
23 26 27
21 22 28
21 27 30
21 26 29
22 25 31
22 24 19
23 29 30
25 28 33
24 28 8
26 32 0
31 33 20
29 32 10
221
{[25, 24, 23, 22, 10]}
{[17, 16, 15, 13, 11]}
34
15 19 33
16 12 13
10 4 7
8 14 7
2 11 5
16 17 4
18 20 13
18 2 3
9 3 26
8 10 12
9 2 31
15 4 12
1 11 9
1 6 14
17 3 13
0 16 11
15 1 5
18 5 14
17 6 7
0 20 29
19 6 32
23 24 25
23 26 27
21 22 28
21 27 30
21 26 29
22 25 8
22 24 31
23 29 30
25 28 19
24 28 33
27 32 10
31 33 20
30 32 0
222
{[25, 24, 23, 22, 10]}
{[17, 16, 15, 13, 11]}
34
15 19 33
16 12 13
10 4 7
8 14 7
2 11 5
16 17 4
18 20 13
18 2 3
9 3 32
8 10 12
9 2 29
15 4 12
1 11 9
1 6 14
17 3 13
0 16 11
15 1 5
18 5 14
17 6 7
0 20 31
19 6 26
23 24 25
23 26 27
21 22 28
21 27 30
21 26 29
22 25 20
22 24 31
23 29 30
25 28 10
24 28 33
27 32 19
31 33 8
30 32 0
223
{[25, 24, 23, 22, 10]}
{[17, 15, 14, 13, 12]}
34
15 19 31
16 12 13
10 4 7
8 14 7
2 11 5
16 17 4
18 20 13
18 2 3
9 3 29
8 10 12
9 2 32
15 4 12
1 11 9
1 6 14
17 3 13
0 16 11
15 1 5
18 5 14
17 6 7
0 20 30
19 6 33
23 24 25
23 26 27
21 22 28
21 27 30
21 26 29
22 25 32
22 24 31
23 29 30
25 28 8
24 28 19
27 33 0
26 33 10
31 32 20
224
{[25, 24, 23, 22, 10]}
{[17, 15, 14, 13, 12]}
34
15 19 31
16 12 13
10 4 7
8 14 7
2 11 5
16 17 4
18 20 13
18 2 3
9 3 33
8 10 12
9 2 30
15 4 12
1 11 9
1 6 14
17 3 13
0 16 11
15 1 5
18 5 14
17 6 7
0 20 32
19 6 29
23 24 25
23 26 27
21 22 28
21 27 30
21 26 29
22 25 32
22 24 31
23 29 30
25 28 20
24 28 10
27 33 0
26 33 19
31 32 8
225
{[25, 24, 21, 20, 10]}
{[5, 4, 2, 1, 0]}
34
15 19 24
16 12 13
10 4 7
8 14 7
2 11 5
16 17 4
18 13 23
18 2 3
9 3 20
8 10 12
9 2 21
15 4 12
1 11 9
1 6 14
17 3 13
0 16 11
15 1 5
18 5 14
17 6 7
0 20 27
8 19 22
22 25 10
21 26 20
24 25 6
23 31 0
21 23 30
22 28 32
29 32 19
26 29 30
27 28 31
25 28 33
24 29 33
26 27 33
30 31 32
226
{[25, 24, 21, 20, 10]}
{[6, 3, 2, 1, 0]}
34
15 19 23
16 12 13
10 4 7
8 14 7
2 11 5
16 17 4
18 13 26
18 2 3
9 3 20
8 10 12
9 2 22
15 4 12
1 11 9
1 6 14
17 3 13
0 16 11
15 1 5
18 5 14
17 6 7
0 20 21
8 19 25
22 24 19
21 27 10
24 25 0
21 23 31
23 30 20
28 32 6
22 29 32
26 29 30
27 28 31
25 28 33
24 29 33
26 27 33
30 31 32
227
{[25, 24, 21, 20, 10]}
{[8, 7, 4, 2, 0]}
34
15 19 21
16 12 13
10 4 7
8 14 7
2 11 5
16 17 4
18 13 31
18 2 3
9 3 20
8 10 12
9 2 25
15 4 12
1 11 9
1 6 14
17 3 13
0 16 11
15 1 5
18 5 14
17 6 7
0 20 22
8 19 23
23 24 0
24 25 19
21 27 20
21 22 26
22 30 10
24 28 32
23 29 32
26 29 30
27 28 31
25 28 33
29 33 6
26 27 33
30 31 32
228
{[25, 24, 21, 20, 10]}
{[9, 7, 3, 2, 0]}
34
15 19 24
16 12 13
10 4 7
8 14 7
2 11 5
16 17 4
18 13 21
18 2 3
9 3 20
8 10 12
9 2 22
15 4 12
1 11 9
1 6 14
17 3 13
0 16 11
15 1 5
18 5 14
17 6 7
0 20 30
8 19 25
23 24 6
23 25 10
21 22 27
21 26 0
22 31 20
24 28 32
23 29 32
26 29 30
27 28 31
28 33 19
25 29 33
26 27 33
30 31 32
229
{[25, 24, 21, 20, 10]}
{[6, 3, 2, 1, 0]}
34
15 19 22
16 12 13
10 4 7
8 14 7
2 11 5
16 17 4
18 13 21
18 2 3
9 3 20
8 10 12
9 2 23
15 4 12
1 11 9
1 6 14
17 3 13
0 16 11
15 1 5
18 5 14
17 6 7
0 20 26
8 19 25
22 24 6
21 27 0
24 25 10
21 23 31
23 30 20
28 32 19
22 29 32
26 29 30
27 28 31
25 28 33
24 29 33
26 27 33
30 31 32
230
{[25, 24, 21, 20, 10]}
{[9, 7, 3, 2, 0]}
34
15 19 22
16 12 13
10 4 7
8 14 7
2 11 5
16 17 4
18 13 30
18 2 3
9 3 20
8 10 12
9 2 24
15 4 12
1 11 9
1 6 14
17 3 13
0 16 11
15 1 5
18 5 14
17 6 7
0 20 21
8 19 25
23 24 19
23 25 0
21 22 27
21 26 10
22 31 20
24 28 32
23 29 32
26 29 30
27 28 31
28 33 6
25 29 33
26 27 33
30 31 32
231
{[25, 24, 21, 20, 10]}
{[5, 4, 2, 1, 0]}
34
15 19 21
16 12 13
10 4 7
8 14 7
2 11 5
16 17 4
18 13 27
18 2 3
9 3 20
8 10 12
9 2 24
15 4 12
1 11 9
1 6 14
17 3 13
0 16 11
15 1 5
18 5 14
17 6 7
0 20 23
8 19 22
22 25 0
21 26 20
24 25 19
23 31 10
21 23 30
22 28 32
29 32 6
26 29 30
27 28 31
25 28 33
24 29 33
26 27 33
30 31 32
232
{[25, 24, 21, 20, 10]}
{[8, 7, 4, 2, 0]}
34
15 19 25
16 12 13
10 4 7
8 14 7
2 11 5
16 17 4
18 13 22
18 2 3
9 3 20
8 10 12
9 2 21
15 4 12
1 11 9
1 6 14
17 3 13
0 16 11
15 1 5
18 5 14
17 6 7
0 20 31
8 19 23
23 24 10
24 25 6
21 27 20
21 22 26
22 30 0
24 28 32
23 29 32
26 29 30
27 28 31
25 28 33
29 33 19
26 27 33
30 31 32
233
{[25, 24, 21, 20, 10]}
{[16, 13, 12, 11, 10]}
34
15 19 33
16 12 13
10 4 7
8 14 7
2 11 5
16 17 4
18 13 31
18 2 3
9 3 20
8 10 12
9 2 27
15 4 12
1 11 9
1 6 14
17 3 13
0 16 11
15 1 5
18 5 14
17 6 7
0 20 26
8 19 32
23 24 25
23 26 27
21 22 28
21 27 30
21 26 29
22 25 19
22 24 10
23 29 30
25 28 32
24 28 31
30 33 6
29 33 20
31 32 0
234
{[25, 24, 21, 20, 10]}
{[17, 16, 14, 12, 10]}
34
15 19 32
16 12 13
10 4 7
8 14 7
2 11 5
16 17 4
18 13 33
18 2 3
9 3 20
8 10 12
9 2 30
15 4 12
1 11 9
1 6 14
17 3 13
0 16 11
15 1 5
18 5 14
17 6 7
0 20 27
8 19 31
23 24 25
23 26 27
21 22 28
21 27 30
21 26 29
22 25 31
22 24 19
23 29 30
25 28 33
24 28 10
26 32 20
31 33 0
29 32 6
235
{[25, 24, 21, 20, 10]}
{[16, 13, 12, 11, 10]}
34
15 19 27
16 12 13
10 4 7
8 14 7
2 11 5
16 17 4
18 13 26
18 2 3
9 3 20
8 10 12
9 2 33
15 4 12
1 11 9
1 6 14
17 3 13
0 16 11
15 1 5
18 5 14
17 6 7
0 20 31
8 19 32
23 24 25
23 26 27
21 22 28
21 27 30
21 26 29
22 25 6
22 24 0
23 29 30
25 28 32
24 28 31
30 33 19
29 33 20
31 32 10
236
{[25, 24, 21, 20, 10]}
{[17, 16, 14, 12, 10]}
34
15 19 30
16 12 13
10 4 7
8 14 7
2 11 5
16 17 4
18 13 27
18 2 3
9 3 20
8 10 12
9 2 32
15 4 12
1 11 9
1 6 14
17 3 13
0 16 11
15 1 5
18 5 14
17 6 7
0 20 33
8 19 31
23 24 25
23 26 27
21 22 28
21 27 30
21 26 29
22 25 31
22 24 6
23 29 30
25 28 33
24 28 0
26 32 20
31 33 10
29 32 19
237
{[25, 24, 21, 20, 10]}
{[17, 16, 15, 13, 11]}
34
15 19 26
16 12 13
10 4 7
8 14 7
2 11 5
16 17 4
18 13 29
18 2 3
9 3 20
8 10 12
9 2 32
15 4 12
1 11 9
1 6 14
17 3 13
0 16 11
15 1 5
18 5 14
17 6 7
0 20 31
8 19 33
23 24 25
23 26 27
21 22 28
21 27 30
21 26 29
22 25 0
22 24 31
23 29 30
25 28 6
24 28 33
27 32 19
31 33 10
30 32 20
238
{[25, 24, 21, 20, 10]}
{[17, 16, 15, 13, 11]}
34
15 19 32
16 12 13
10 4 7
8 14 7
2 11 5
16 17 4
18 13 31
18 2 3
9 3 20
8 10 12
9 2 26
15 4 12
1 11 9
1 6 14
17 3 13
0 16 11
15 1 5
18 5 14
17 6 7
0 20 29
8 19 33
23 24 25
23 26 27
21 22 28
21 27 30
21 26 29
22 25 10
22 24 31
23 29 30
25 28 19
24 28 33
27 32 6
31 33 0
30 32 20
239
{[25, 24, 21, 20, 10]}
{[17, 15, 14, 13, 12]}
34
15 19 29
16 12 13
10 4 7
8 14 7
2 11 5
16 17 4
18 13 30
18 2 3
9 3 20
8 10 12
9 2 33
15 4 12
1 11 9
1 6 14
17 3 13
0 16 11
15 1 5
18 5 14
17 6 7
0 20 32
8 19 31
23 24 25
23 26 27
21 22 28
21 27 30
21 26 29
22 25 32
22 24 31
23 29 30
25 28 0
24 28 6
27 33 20
26 33 19
31 32 10
240
{[25, 24, 21, 20, 10]}
{[17, 15, 14, 13, 12]}
34
15 19 33
16 12 13
10 4 7
8 14 7
2 11 5
16 17 4
18 13 32
18 2 3
9 3 20
8 10 12
9 2 29
15 4 12
1 11 9
1 6 14
17 3 13
0 16 11
15 1 5
18 5 14
17 6 7
0 20 30
8 19 31
23 24 25
23 26 27
21 22 28
21 27 30
21 26 29
22 25 32
22 24 31
23 29 30
25 28 10
24 28 19
27 33 20
26 33 6
31 32 0
241
{[25, 24, 23, 22, 10]}
{[5, 4, 2, 1, 0]}
34
15 19 22
16 12 13
10 4 7
8 14 7
2 11 5
16 17 4
18 20 13
18 2 3
9 3 21
8 10 12
9 2 23
15 4 12
1 11 9
1 6 14
17 3 13
0 16 11
15 1 5
18 5 14
17 6 7
0 20 27
19 6 24
22 25 8
21 26 0
24 25 10
23 31 20
21 23 30
22 28 32
29 32 19
26 29 30
27 28 31
25 28 33
24 29 33
26 27 33
30 31 32
242
{[25, 24, 23, 22, 10]}
{[6, 3, 2, 1, 0]}
34
15 19 25
16 12 13
10 4 7
8 14 7
2 11 5
16 17 4
18 20 13
18 2 3
9 3 22
8 10 12
9 2 26
15 4 12
1 11 9
1 6 14
17 3 13
0 16 11
15 1 5
18 5 14
17 6 7
0 20 21
19 6 23
22 24 19
21 27 8
24 25 20
21 23 31
23 30 0
28 32 10
22 29 32
26 29 30
27 28 31
25 28 33
24 29 33
26 27 33
30 31 32
243
{[25, 24, 23, 22, 10]}
{[8, 7, 4, 2, 0]}
34
15 19 23
16 12 13
10 4 7
8 14 7
2 11 5
16 17 4
18 20 13
18 2 3
9 3 25
8 10 12
9 2 31
15 4 12
1 11 9
1 6 14
17 3 13
0 16 11
15 1 5
18 5 14
17 6 7
0 20 22
19 6 21
23 24 20
24 25 19
21 27 0
21 22 26
22 30 8
24 28 32
23 29 32
26 29 30
27 28 31
25 28 33
29 33 10
26 27 33
30 31 32
244
{[25, 24, 23, 22, 10]}
{[9, 7, 3, 2, 0]}
34
15 19 25
16 12 13
10 4 7
8 14 7
2 11 5
16 17 4
18 20 13
18 2 3
9 3 22
8 10 12
9 2 21
15 4 12
1 11 9
1 6 14
17 3 13
0 16 11
15 1 5
18 5 14
17 6 7
0 20 30
19 6 24
23 24 10
23 25 8
21 22 27
21 26 20
22 31 0
24 28 32
23 29 32
26 29 30
27 28 31
28 33 19
25 29 33
26 27 33
30 31 32
245
{[25, 24, 23, 22, 10]}
{[6, 3, 2, 1, 0]}
34
15 19 25
16 12 13
10 4 7
8 14 7
2 11 5
16 17 4
18 20 13
18 2 3
9 3 23
8 10 12
9 2 21
15 4 12
1 11 9
1 6 14
17 3 13
0 16 11
15 1 5
18 5 14
17 6 7
0 20 26
19 6 22
22 24 10
21 27 20
24 25 8
21 23 31
23 30 0
28 32 19
22 29 32
26 29 30
27 28 31
25 28 33
24 29 33
26 27 33
30 31 32
246
{[25, 24, 23, 22, 10]}
{[9, 7, 3, 2, 0]}
34
15 19 25
16 12 13
10 4 7
8 14 7
2 11 5
16 17 4
18 20 13
18 2 3
9 3 24
8 10 12
9 2 30
15 4 12
1 11 9
1 6 14
17 3 13
0 16 11
15 1 5
18 5 14
17 6 7
0 20 21
19 6 22
23 24 19
23 25 20
21 22 27
21 26 8
22 31 0
24 28 32
23 29 32
26 29 30
27 28 31
28 33 10
25 29 33
26 27 33
30 31 32
247
{[25, 24, 23, 22, 10]}
{[5, 4, 2, 1, 0]}
34
15 19 22
16 12 13
10 4 7
8 14 7
2 11 5
16 17 4
18 20 13
18 2 3
9 3 24
8 10 12
9 2 27
15 4 12
1 11 9
1 6 14
17 3 13
0 16 11
15 1 5
18 5 14
17 6 7
0 20 23
19 6 21
22 25 20
21 26 0
24 25 19
23 31 8
21 23 30
22 28 32
29 32 10
26 29 30
27 28 31
25 28 33
24 29 33
26 27 33
30 31 32
248
{[25, 24, 23, 22, 10]}
{[8, 7, 4, 2, 0]}
34
15 19 23
16 12 13
10 4 7
8 14 7
2 11 5
16 17 4
18 20 13
18 2 3
9 3 21
8 10 12
9 2 22
15 4 12
1 11 9
1 6 14
17 3 13
0 16 11
15 1 5
18 5 14
17 6 7
0 20 31
19 6 25
23 24 8
24 25 10
21 27 0
21 22 26
22 30 20
24 28 32
23 29 32
26 29 30
27 28 31
25 28 33
29 33 19
26 27 33
30 31 32
249
{[25, 24, 23, 22, 10]}
{[16, 13, 12, 11, 10]}
34
15 19 32
16 12 13
10 4 7
8 14 7
2 11 5
16 17 4
18 20 13
18 2 3
9 3 27
8 10 12
9 2 31
15 4 12
1 11 9
1 6 14
17 3 13
0 16 11
15 1 5
18 5 14
17 6 7
0 20 26
19 6 33
23 24 25
23 26 27
21 22 28
21 27 30
21 26 29
22 25 19
22 24 8
23 29 30
25 28 32
24 28 31
30 33 10
29 33 0
31 32 20
250
{[25, 24, 23, 22, 10]}
{[17, 16, 14, 12, 10]}
34
15 19 31
16 12 13
10 4 7
8 14 7
2 11 5
16 17 4
18 20 13
18 2 3
9 3 30
8 10 12
9 2 33
15 4 12
1 11 9
1 6 14
17 3 13
0 16 11
15 1 5
18 5 14
17 6 7
0 20 27
19 6 32
23 24 25
23 26 27
21 22 28
21 27 30
21 26 29
22 25 31
22 24 19
23 29 30
25 28 33
24 28 8
26 32 0
31 33 20
29 32 10
251
{[25, 24, 23, 22, 10]}
{[16, 13, 12, 11, 10]}
34
15 19 32
16 12 13
10 4 7
8 14 7
2 11 5
16 17 4
18 20 13
18 2 3
9 3 33
8 10 12
9 2 26
15 4 12
1 11 9
1 6 14
17 3 13
0 16 11
15 1 5
18 5 14
17 6 7
0 20 31
19 6 27
23 24 25
23 26 27
21 22 28
21 27 30
21 26 29
22 25 10
22 24 20
23 29 30
25 28 32
24 28 31
30 33 19
29 33 0
31 32 8
252
{[25, 24, 23, 22, 10]}
{[17, 16, 14, 12, 10]}
34
15 19 31
16 12 13
10 4 7
8 14 7
2 11 5
16 17 4
18 20 13
18 2 3
9 3 32
8 10 12
9 2 27
15 4 12
1 11 9
1 6 14
17 3 13
0 16 11
15 1 5
18 5 14
17 6 7
0 20 33
19 6 30
23 24 25
23 26 27
21 22 28
21 27 30
21 26 29
22 25 31
22 24 10
23 29 30
25 28 33
24 28 20
26 32 0
31 33 8
29 32 19
253
{[25, 24, 23, 22, 10]}
{[17, 16, 15, 13, 11]}
34
15 19 33
16 12 13
10 4 7
8 14 7
2 11 5
16 17 4
18 20 13
18 2 3
9 3 32
8 10 12
9 2 29
15 4 12
1 11 9
1 6 14
17 3 13
0 16 11
15 1 5
18 5 14
17 6 7
0 20 31
19 6 26
23 24 25
23 26 27
21 22 28
21 27 30
21 26 29
22 25 20
22 24 31
23 29 30
25 28 10
24 28 33
27 32 19
31 33 8
30 32 0
254
{[25, 24, 23, 22, 10]}
{[17, 16, 15, 13, 11]}
34
15 19 33
16 12 13
10 4 7
8 14 7
2 11 5
16 17 4
18 20 13
18 2 3
9 3 26
8 10 12
9 2 31
15 4 12
1 11 9
1 6 14
17 3 13
0 16 11
15 1 5
18 5 14
17 6 7
0 20 29
19 6 32
23 24 25
23 26 27
21 22 28
21 27 30
21 26 29
22 25 8
22 24 31
23 29 30
25 28 19
24 28 33
27 32 10
31 33 20
30 32 0
255
{[25, 24, 23, 22, 10]}
{[17, 15, 14, 13, 12]}
34
15 19 31
16 12 13
10 4 7
8 14 7
2 11 5
16 17 4
18 20 13
18 2 3
9 3 33
8 10 12
9 2 30
15 4 12
1 11 9
1 6 14
17 3 13
0 16 11
15 1 5
18 5 14
17 6 7
0 20 32
19 6 29
23 24 25
23 26 27
21 22 28
21 27 30
21 26 29
22 25 32
22 24 31
23 29 30
25 28 20
24 28 10
27 33 0
26 33 19
31 32 8
256
{[25, 24, 23, 22, 10]}
{[17, 15, 14, 13, 12]}
34
15 19 31
16 12 13
10 4 7
8 14 7
2 11 5
16 17 4
18 20 13
18 2 3
9 3 29
8 10 12
9 2 32
15 4 12
1 11 9
1 6 14
17 3 13
0 16 11
15 1 5
18 5 14
17 6 7
0 20 30
19 6 33
23 24 25
23 26 27
21 22 28
21 27 30
21 26 29
22 25 32
22 24 31
23 29 30
25 28 8
24 28 19
27 33 0
26 33 10
31 32 20
