288
1
{[25, 24, 5, 4, 0]}
{[5, 4, 2, 1, 0]}
34
8 10 11
14 19 4
5 17 27
12 10 4
1 17 3
6 15 2
5 8 18
8 9 12
0 7 6
13 7 10
0 9 3
0 16 12
7 11 3
14 9 22
13 1 18
5 16 21
15 11 23
20 2 4
6 20 14
1 20 24
17 18 19
22 25 15
21 26 13
24 25 16
23 31 19
21 23 30
22 28 32
29 32 2
26 29 30
27 28 31
25 28 33
24 29 33
26 27 33
30 31 32
2
{[25, 24, 5, 4, 0]}
{[6, 3, 2, 1, 0]}
34
8 10 11
14 19 4
5 17 21
12 10 4
1 17 3
6 15 2
5 8 18
8 9 12
0 7 6
13 7 10
0 9 3
0 16 12
7 11 3
14 9 25
13 1 18
5 16 22
15 11 26
20 2 4
6 20 14
1 20 23
17 18 19
22 24 2
21 27 15
24 25 19
21 23 31
23 30 13
28 32 16
22 29 32
26 29 30
27 28 31
25 28 33
24 29 33
26 27 33
30 31 32
3
{[25, 24, 5, 4, 0]}
{[8, 7, 4, 2, 0]}
34
8 10 11
14 19 4
5 17 22
12 10 4
1 17 3
6 15 2
5 8 18
8 9 12
0 7 6
13 7 10
0 9 3
0 16 12
7 11 3
14 9 23
13 1 18
5 16 25
15 11 31
20 2 4
6 20 14
1 20 21
17 18 19
23 24 19
24 25 2
21 27 13
21 22 26
22 30 15
24 28 32
23 29 32
26 29 30
27 28 31
25 28 33
29 33 16
26 27 33
30 31 32
4
{[25, 24, 5, 4, 0]}
{[9, 7, 3, 2, 0]}
34
8 10 11
14 19 4
5 17 30
12 10 4
1 17 3
6 15 2
5 8 18
8 9 12
0 7 6
13 7 10
0 9 3
0 16 12
7 11 3
14 9 25
13 1 18
5 16 22
15 11 21
20 2 4
6 20 14
1 20 24
17 18 19
23 24 16
23 25 15
21 22 27
21 26 19
22 31 13
24 28 32
23 29 32
26 29 30
27 28 31
28 33 2
25 29 33
26 27 33
30 31 32
5
{[25, 24, 5, 4, 0]}
{[6, 3, 2, 1, 0]}
34
8 10 11
14 19 4
5 17 26
12 10 4
1 17 3
6 15 2
5 8 18
8 9 12
0 7 6
13 7 10
0 9 3
0 16 12
7 11 3
14 9 25
13 1 18
5 16 23
15 11 21
20 2 4
6 20 14
1 20 22
17 18 19
22 24 16
21 27 19
24 25 15
21 23 31
23 30 13
28 32 2
22 29 32
26 29 30
27 28 31
25 28 33
24 29 33
26 27 33
30 31 32
6
{[25, 24, 5, 4, 0]}
{[9, 7, 3, 2, 0]}
34
8 10 11
14 19 4
5 17 21
12 10 4
1 17 3
6 15 2
5 8 18
8 9 12
0 7 6
13 7 10
0 9 3
0 16 12
7 11 3
14 9 25
13 1 18
5 16 24
15 11 30
20 2 4
6 20 14
1 20 22
17 18 19
23 24 2
23 25 19
21 22 27
21 26 15
22 31 13
24 28 32
23 29 32
26 29 30
27 28 31
28 33 16
25 29 33
26 27 33
30 31 32
7
{[25, 24, 5, 4, 0]}
{[5, 4, 2, 1, 0]}
34
8 10 11
14 19 4
5 17 23
12 10 4
1 17 3
6 15 2
5 8 18
8 9 12
0 7 6
13 7 10
0 9 3
0 16 12
7 11 3
14 9 22
13 1 18
5 16 24
15 11 27
20 2 4
6 20 14
1 20 21
17 18 19
22 25 19
21 26 13
24 25 2
23 31 15
21 23 30
22 28 32
29 32 16
26 29 30
27 28 31
25 28 33
24 29 33
26 27 33
30 31 32
8
{[25, 24, 5, 4, 0]}
{[8, 7, 4, 2, 0]}
34
8 10 11
14 19 4
5 17 31
12 10 4
1 17 3
6 15 2
5 8 18
8 9 12
0 7 6
13 7 10
0 9 3
0 16 12
7 11 3
14 9 23
13 1 18
5 16 21
15 11 22
20 2 4
6 20 14
1 20 25
17 18 19
23 24 15
24 25 16
21 27 13
21 22 26
22 30 19
24 28 32
23 29 32
26 29 30
27 28 31
25 28 33
29 33 2
26 27 33
30 31 32
9
{[25, 24, 5, 4, 0]}
{[16, 13, 12, 11, 10]}
34
8 10 11
14 19 4
5 17 26
12 10 4
1 17 3
6 15 2
5 8 18
8 9 12
0 7 6
13 7 10
0 9 3
0 16 12
7 11 3
14 9 32
13 1 18
5 16 27
15 11 31
20 2 4
6 20 14
1 20 33
17 18 19
23 24 25
23 26 27
21 22 28
21 27 30
21 26 29
22 25 2
22 24 15
23 29 30
25 28 32
24 28 31
30 33 16
29 33 13
31 32 19
10
{[25, 24, 5, 4, 0]}
{[17, 16, 14, 12, 10]}
34
8 10 11
14 19 4
5 17 27
12 10 4
1 17 3
6 15 2
5 8 18
8 9 12
0 7 6
13 7 10
0 9 3
0 16 12
7 11 3
14 9 31
13 1 18
5 16 30
15 11 33
20 2 4
6 20 14
1 20 32
17 18 19
23 24 25
23 26 27
21 22 28
21 27 30
21 26 29
22 25 31
22 24 2
23 29 30
25 28 33
24 28 15
26 32 13
31 33 19
29 32 16
11
{[25, 24, 5, 4, 0]}
{[16, 13, 12, 11, 10]}
34
8 10 11
14 19 4
5 17 31
12 10 4
1 17 3
6 15 2
5 8 18
8 9 12
0 7 6
13 7 10
0 9 3
0 16 12
7 11 3
14 9 32
13 1 18
5 16 33
15 11 26
20 2 4
6 20 14
1 20 27
17 18 19
23 24 25
23 26 27
21 22 28
21 27 30
21 26 29
22 25 16
22 24 19
23 29 30
25 28 32
24 28 31
30 33 2
29 33 13
31 32 15
12
{[25, 24, 5, 4, 0]}
{[17, 16, 14, 12, 10]}
34
8 10 11
14 19 4
5 17 33
12 10 4
1 17 3
6 15 2
5 8 18
8 9 12
0 7 6
13 7 10
0 9 3
0 16 12
7 11 3
14 9 31
13 1 18
5 16 32
15 11 27
20 2 4
6 20 14
1 20 30
17 18 19
23 24 25
23 26 27
21 22 28
21 27 30
21 26 29
22 25 31
22 24 16
23 29 30
25 28 33
24 28 19
26 32 13
31 33 15
29 32 2
13
{[25, 24, 5, 4, 0]}
{[17, 16, 15, 13, 11]}
34
8 10 11
14 19 4
5 17 31
12 10 4
1 17 3
6 15 2
5 8 18
8 9 12
0 7 6
13 7 10
0 9 3
0 16 12
7 11 3
14 9 33
13 1 18
5 16 32
15 11 29
20 2 4
6 20 14
1 20 26
17 18 19
23 24 25
23 26 27
21 22 28
21 27 30
21 26 29
22 25 19
22 24 31
23 29 30
25 28 16
24 28 33
27 32 2
31 33 15
30 32 13
14
{[25, 24, 5, 4, 0]}
{[17, 16, 15, 13, 11]}
34
8 10 11
14 19 4
5 17 29
12 10 4
1 17 3
6 15 2
5 8 18
8 9 12
0 7 6
13 7 10
0 9 3
0 16 12
7 11 3
14 9 33
13 1 18
5 16 26
15 11 31
20 2 4
6 20 14
1 20 32
17 18 19
23 24 25
23 26 27
21 22 28
21 27 30
21 26 29
22 25 15
22 24 31
23 29 30
25 28 2
24 28 33
27 32 16
31 33 19
30 32 13
15
{[25, 24, 5, 4, 0]}
{[17, 15, 14, 13, 12]}
34
8 10 11
14 19 4
5 17 32
12 10 4
1 17 3
6 15 2
5 8 18
8 9 12
0 7 6
13 7 10
0 9 3
0 16 12
7 11 3
14 9 31
13 1 18
5 16 33
15 11 30
20 2 4
6 20 14
1 20 29
17 18 19
23 24 25
23 26 27
21 22 28
21 27 30
21 26 29
22 25 32
22 24 31
23 29 30
25 28 19
24 28 16
27 33 13
26 33 2
31 32 15
16
{[25, 24, 5, 4, 0]}
{[17, 15, 14, 13, 12]}
34
8 10 11
14 19 4
5 17 30
12 10 4
1 17 3
6 15 2
5 8 18
8 9 12
0 7 6
13 7 10
0 9 3
0 16 12
7 11 3
14 9 31
13 1 18
5 16 29
15 11 32
20 2 4
6 20 14
1 20 33
17 18 19
23 24 25
23 26 27
21 22 28
21 27 30
21 26 29
22 25 32
22 24 31
23 29 30
25 28 15
24 28 2
27 33 13
26 33 16
31 32 19
17
{[25, 24, 5, 4, 0]}
{[5, 4, 2, 1, 0]}
34
8 10 11
14 19 4
5 17 23
12 10 4
1 17 3
6 15 2
5 8 18
8 9 12
0 7 6
13 7 10
0 9 3
0 16 12
7 11 3
14 9 22
13 1 18
5 16 24
15 11 27
20 2 4
6 20 14
1 20 21
17 18 19
22 25 19
21 26 13
24 25 2
23 31 15
21 23 30
22 28 32
29 32 16
26 29 30
27 28 31
25 28 33
24 29 33
26 27 33
30 31 32
18
{[25, 24, 5, 4, 0]}
{[6, 3, 2, 1, 0]}
34
8 10 11
14 19 4
5 17 26
12 10 4
1 17 3
6 15 2
5 8 18
8 9 12
0 7 6
13 7 10
0 9 3
0 16 12
7 11 3
14 9 25
13 1 18
5 16 23
15 11 21
20 2 4
6 20 14
1 20 22
17 18 19
22 24 16
21 27 19
24 25 15
21 23 31
23 30 13
28 32 2
22 29 32
26 29 30
27 28 31
25 28 33
24 29 33
26 27 33
30 31 32
19
{[25, 24, 5, 4, 0]}
{[8, 7, 4, 2, 0]}
34
8 10 11
14 19 4
5 17 31
12 10 4
1 17 3
6 15 2
5 8 18
8 9 12
0 7 6
13 7 10
0 9 3
0 16 12
7 11 3
14 9 23
13 1 18
5 16 21
15 11 22
20 2 4
6 20 14
1 20 25
17 18 19
23 24 15
24 25 16
21 27 13
21 22 26
22 30 19
24 28 32
23 29 32
26 29 30
27 28 31
25 28 33
29 33 2
26 27 33
30 31 32
20
{[25, 24, 5, 4, 0]}
{[9, 7, 3, 2, 0]}
34
8 10 11
14 19 4
5 17 21
12 10 4
1 17 3
6 15 2
5 8 18
8 9 12
0 7 6
13 7 10
0 9 3
0 16 12
7 11 3
14 9 25
13 1 18
5 16 24
15 11 30
20 2 4
6 20 14
1 20 22
17 18 19
23 24 2
23 25 19
21 22 27
21 26 15
22 31 13
24 28 32
23 29 32
26 29 30
27 28 31
28 33 16
25 29 33
26 27 33
30 31 32
21
{[25, 24, 5, 4, 0]}
{[6, 3, 2, 1, 0]}
34
8 10 11
14 19 4
5 17 21
12 10 4
1 17 3
6 15 2
5 8 18
8 9 12
0 7 6
13 7 10
0 9 3
0 16 12
7 11 3
14 9 25
13 1 18
5 16 22
15 11 26
20 2 4
6 20 14
1 20 23
17 18 19
22 24 2
21 27 15
24 25 19
21 23 31
23 30 13
28 32 16
22 29 32
26 29 30
27 28 31
25 28 33
24 29 33
26 27 33
30 31 32
22
{[25, 24, 5, 4, 0]}
{[9, 7, 3, 2, 0]}
34
8 10 11
14 19 4
5 17 30
12 10 4
1 17 3
6 15 2
5 8 18
8 9 12
0 7 6
13 7 10
0 9 3
0 16 12
7 11 3
14 9 25
13 1 18
5 16 22
15 11 21
20 2 4
6 20 14
1 20 24
17 18 19
23 24 16
23 25 15
21 22 27
21 26 19
22 31 13
24 28 32
23 29 32
26 29 30
27 28 31
28 33 2
25 29 33
26 27 33
30 31 32
23
{[25, 24, 5, 4, 0]}
{[5, 4, 2, 1, 0]}
34
8 10 11
14 19 4
5 17 27
12 10 4
1 17 3
6 15 2
5 8 18
8 9 12
0 7 6
13 7 10
0 9 3
0 16 12
7 11 3
14 9 22
13 1 18
5 16 21
15 11 23
20 2 4
6 20 14
1 20 24
17 18 19
22 25 15
21 26 13
24 25 16
23 31 19
21 23 30
22 28 32
29 32 2
26 29 30
27 28 31
25 28 33
24 29 33
26 27 33
30 31 32
24
{[25, 24, 5, 4, 0]}
{[8, 7, 4, 2, 0]}
34
8 10 11
14 19 4
5 17 22
12 10 4
1 17 3
6 15 2
5 8 18
8 9 12
0 7 6
13 7 10
0 9 3
0 16 12
7 11 3
14 9 23
13 1 18
5 16 25
15 11 31
20 2 4
6 20 14
1 20 21
17 18 19
23 24 19
24 25 2
21 27 13
21 22 26
22 30 15
24 28 32
23 29 32
26 29 30
27 28 31
25 28 33
29 33 16
26 27 33
30 31 32
25
{[25, 24, 5, 4, 0]}
{[16, 13, 12, 11, 10]}
34
8 10 11
14 19 4
5 17 31
12 10 4
1 17 3
6 15 2
5 8 18
8 9 12
0 7 6
13 7 10
0 9 3
0 16 12
7 11 3
14 9 32
13 1 18
5 16 33
15 11 26
20 2 4
6 20 14
1 20 27
17 18 19
23 24 25
23 26 27
21 22 28
21 27 30
21 26 29
22 25 16
22 24 19
23 29 30
25 28 32
24 28 31
30 33 2
29 33 13
31 32 15
26
{[25, 24, 5, 4, 0]}
{[17, 16, 14, 12, 10]}
34
8 10 11
14 19 4
5 17 33
12 10 4
1 17 3
6 15 2
5 8 18
8 9 12
0 7 6
13 7 10
0 9 3
0 16 12
7 11 3
14 9 31
13 1 18
5 16 32
15 11 27
20 2 4
6 20 14
1 20 30
17 18 19
23 24 25
23 26 27
21 22 28
21 27 30
21 26 29
22 25 31
22 24 16
23 29 30
25 28 33
24 28 19
26 32 13
31 33 15
29 32 2
27
{[25, 24, 5, 4, 0]}
{[16, 13, 12, 11, 10]}
34
8 10 11
14 19 4
5 17 26
12 10 4
1 17 3
6 15 2
5 8 18
8 9 12
0 7 6
13 7 10
0 9 3
0 16 12
7 11 3
14 9 32
13 1 18
5 16 27
15 11 31
20 2 4
6 20 14
1 20 33
17 18 19
23 24 25
23 26 27
21 22 28
21 27 30
21 26 29
22 25 2
22 24 15
23 29 30
25 28 32
24 28 31
30 33 16
29 33 13
31 32 19
28
{[25, 24, 5, 4, 0]}
{[17, 16, 14, 12, 10]}
34
8 10 11
14 19 4
5 17 27
12 10 4
1 17 3
6 15 2
5 8 18
8 9 12
0 7 6
13 7 10
0 9 3
0 16 12
7 11 3
14 9 31
13 1 18
5 16 30
15 11 33
20 2 4
6 20 14
1 20 32
17 18 19
23 24 25
23 26 27
21 22 28
21 27 30
21 26 29
22 25 31
22 24 2
23 29 30
25 28 33
24 28 15
26 32 13
31 33 19
29 32 16
29
{[25, 24, 5, 4, 0]}
{[17, 16, 15, 13, 11]}
34
8 10 11
14 19 4
5 17 29
12 10 4
1 17 3
6 15 2
5 8 18
8 9 12
0 7 6
13 7 10
0 9 3
0 16 12
7 11 3
14 9 33
13 1 18
5 16 26
15 11 31
20 2 4
6 20 14
1 20 32
17 18 19
23 24 25
23 26 27
21 22 28
21 27 30
21 26 29
22 25 15
22 24 31
23 29 30
25 28 2
24 28 33
27 32 16
31 33 19
30 32 13
30
{[25, 24, 5, 4, 0]}
{[17, 16, 15, 13, 11]}
34
8 10 11
14 19 4
5 17 31
12 10 4
1 17 3
6 15 2
5 8 18
8 9 12
0 7 6
13 7 10
0 9 3
0 16 12
7 11 3
14 9 33
13 1 18
5 16 32
15 11 29
20 2 4
6 20 14
1 20 26
17 18 19
23 24 25
23 26 27
21 22 28
21 27 30
21 26 29
22 25 19
22 24 31
23 29 30
25 28 16
24 28 33
27 32 2
31 33 15
30 32 13
31
{[25, 24, 5, 4, 0]}
{[17, 15, 14, 13, 12]}
34
8 10 11
14 19 4
5 17 30
12 10 4
1 17 3
6 15 2
5 8 18
8 9 12
0 7 6
13 7 10
0 9 3
0 16 12
7 11 3
14 9 31
13 1 18
5 16 29
15 11 32
20 2 4
6 20 14
1 20 33
17 18 19
23 24 25
23 26 27
21 22 28
21 27 30
21 26 29
22 25 32
22 24 31
23 29 30
25 28 15
24 28 2
27 33 13
26 33 16
31 32 19
32
{[25, 24, 5, 4, 0]}
{[17, 15, 14, 13, 12]}
34
8 10 11
14 19 4
5 17 32
12 10 4
1 17 3
6 15 2
5 8 18
8 9 12
0 7 6
13 7 10
0 9 3
0 16 12
7 11 3
14 9 31
13 1 18
5 16 33
15 11 30
20 2 4
6 20 14
1 20 29
17 18 19
23 24 25
23 26 27
21 22 28
21 27 30
21 26 29
22 25 32
22 24 31
23 29 30
25 28 19
24 28 16
27 33 13
26 33 2
31 32 15
33
{[13, 12, 11, 10, 1]}
{[5, 4, 2, 1, 0]}
34
11 19 3
12 17 6
7 20 15
0 4 17
20 14 3
10 6 21
1 15 5
8 13 2
7 16 24
14 10 22
9 5 23
0 12 27
11 1 16
7 19 14
13 4 9
18 2 6
8 18 12
1 3 18
15 16 17
0 20 13
19 2 4
22 25 5
21 26 9
24 25 10
23 31 8
21 23 30
22 28 32
29 32 11
26 29 30
27 28 31
25 28 33
24 29 33
26 27 33
30 31 32
34
{[13, 12, 11, 10, 1]}
{[6, 3, 2, 1, 0]}
34
11 19 3
12 17 6
7 20 15
0 4 17
20 14 3
10 6 22
1 15 5
8 13 2
7 16 23
14 10 25
9 5 26
0 12 21
11 1 16
7 19 14
13 4 9
18 2 6
8 18 12
1 3 18
15 16 17
0 20 13
19 2 4
22 24 11
21 27 5
24 25 8
21 23 31
23 30 9
28 32 10
22 29 32
26 29 30
27 28 31
25 28 33
24 29 33
26 27 33
30 31 32
35
{[13, 12, 11, 10, 1]}
{[8, 7, 4, 2, 0]}
34
11 19 3
12 17 6
7 20 15
0 4 17
20 14 3
10 6 25
1 15 5
8 13 2
7 16 21
14 10 23
9 5 31
0 12 22
11 1 16
7 19 14
13 4 9
18 2 6
8 18 12
1 3 18
15 16 17
0 20 13
19 2 4
23 24 8
24 25 11
21 27 9
21 22 26
22 30 5
24 28 32
23 29 32
26 29 30
27 28 31
25 28 33
29 33 10
26 27 33
30 31 32
36
{[13, 12, 11, 10, 1]}
{[9, 7, 3, 2, 0]}
34
11 19 3
12 17 6
7 20 15
0 4 17
20 14 3
10 6 22
1 15 5
8 13 2
7 16 24
14 10 25
9 5 21
0 12 30
11 1 16
7 19 14
13 4 9
18 2 6
8 18 12
1 3 18
15 16 17
0 20 13
19 2 4
23 24 10
23 25 5
21 22 27
21 26 8
22 31 9
24 28 32
23 29 32
26 29 30
27 28 31
28 33 11
25 29 33
26 27 33
30 31 32
37
{[13, 12, 11, 10, 1]}
{[6, 3, 2, 1, 0]}
34
11 19 3
12 17 6
7 20 15
0 4 17
20 14 3
10 6 23
1 15 5
8 13 2
7 16 22
14 10 25
9 5 21
0 12 26
11 1 16
7 19 14
13 4 9
18 2 6
8 18 12
1 3 18
15 16 17
0 20 13
19 2 4
22 24 10
21 27 8
24 25 5
21 23 31
23 30 9
28 32 11
22 29 32
26 29 30
27 28 31
25 28 33
24 29 33
26 27 33
30 31 32
38
{[13, 12, 11, 10, 1]}
{[9, 7, 3, 2, 0]}
34
11 19 3
12 17 6
7 20 15
0 4 17
20 14 3
10 6 24
1 15 5
8 13 2
7 16 22
14 10 25
9 5 30
0 12 21
11 1 16
7 19 14
13 4 9
18 2 6
8 18 12
1 3 18
15 16 17
0 20 13
19 2 4
23 24 11
23 25 8
21 22 27
21 26 5
22 31 9
24 28 32
23 29 32
26 29 30
27 28 31
28 33 10
25 29 33
26 27 33
30 31 32
39
{[13, 12, 11, 10, 1]}
{[5, 4, 2, 1, 0]}
34
11 19 3
12 17 6
7 20 15
0 4 17
20 14 3
10 6 24
1 15 5
8 13 2
7 16 21
14 10 22
9 5 27
0 12 23
11 1 16
7 19 14
13 4 9
18 2 6
8 18 12
1 3 18
15 16 17
0 20 13
19 2 4
22 25 8
21 26 9
24 25 11
23 31 5
21 23 30
22 28 32
29 32 10
26 29 30
27 28 31
25 28 33
24 29 33
26 27 33
30 31 32
40
{[13, 12, 11, 10, 1]}
{[8, 7, 4, 2, 0]}
34
11 19 3
12 17 6
7 20 15
0 4 17
20 14 3
10 6 21
1 15 5
8 13 2
7 16 25
14 10 23
9 5 22
0 12 31
11 1 16
7 19 14
13 4 9
18 2 6
8 18 12
1 3 18
15 16 17
0 20 13
19 2 4
23 24 5
24 25 10
21 27 9
21 22 26
22 30 8
24 28 32
23 29 32
26 29 30
27 28 31
25 28 33
29 33 11
26 27 33
30 31 32
41
{[13, 12, 11, 10, 1]}
{[16, 13, 12, 11, 10]}
34
11 19 3
12 17 6
7 20 15
0 4 17
20 14 3
10 6 27
1 15 5
8 13 2
7 16 33
14 10 32
9 5 31
0 12 26
11 1 16
7 19 14
13 4 9
18 2 6
8 18 12
1 3 18
15 16 17
0 20 13
19 2 4
23 24 25
23 26 27
21 22 28
21 27 30
21 26 29
22 25 11
22 24 5
23 29 30
25 28 32
24 28 31
30 33 10
29 33 9
31 32 8
42
{[13, 12, 11, 10, 1]}
{[17, 16, 14, 12, 10]}
34
11 19 3
12 17 6
7 20 15
0 4 17
20 14 3
10 6 30
1 15 5
8 13 2
7 16 32
14 10 31
9 5 33
0 12 27
11 1 16
7 19 14
13 4 9
18 2 6
8 18 12
1 3 18
15 16 17
0 20 13
19 2 4
23 24 25
23 26 27
21 22 28
21 27 30
21 26 29
22 25 31
22 24 11
23 29 30
25 28 33
24 28 5
26 32 9
31 33 8
29 32 10
43
{[13, 12, 11, 10, 1]}
{[16, 13, 12, 11, 10]}
34
11 19 3
12 17 6
7 20 15
0 4 17
20 14 3
10 6 33
1 15 5
8 13 2
7 16 27
14 10 32
9 5 26
0 12 31
11 1 16
7 19 14
13 4 9
18 2 6
8 18 12
1 3 18
15 16 17
0 20 13
19 2 4
23 24 25
23 26 27
21 22 28
21 27 30
21 26 29
22 25 10
22 24 8
23 29 30
25 28 32
24 28 31
30 33 11
29 33 9
31 32 5
44
{[13, 12, 11, 10, 1]}
{[17, 16, 14, 12, 10]}
34
11 19 3
12 17 6
7 20 15
0 4 17
20 14 3
10 6 32
1 15 5
8 13 2
7 16 30
14 10 31
9 5 27
0 12 33
11 1 16
7 19 14
13 4 9
18 2 6
8 18 12
1 3 18
15 16 17
0 20 13
19 2 4
23 24 25
23 26 27
21 22 28
21 27 30
21 26 29
22 25 31
22 24 10
23 29 30
25 28 33
24 28 8
26 32 9
31 33 5
29 32 11
45
{[13, 12, 11, 10, 1]}
{[17, 16, 15, 13, 11]}
34
11 19 3
12 17 6
7 20 15
0 4 17
20 14 3
10 6 32
1 15 5
8 13 2
7 16 26
14 10 33
9 5 29
0 12 31
11 1 16
7 19 14
13 4 9
18 2 6
8 18 12
1 3 18
15 16 17
0 20 13
19 2 4
23 24 25
23 26 27
21 22 28
21 27 30
21 26 29
22 25 8
22 24 31
23 29 30
25 28 10
24 28 33
27 32 11
31 33 5
30 32 9
46
{[13, 12, 11, 10, 1]}
{[17, 16, 15, 13, 11]}
34
11 19 3
12 17 6
7 20 15
0 4 17
20 14 3
10 6 26
1 15 5
8 13 2
7 16 32
14 10 33
9 5 31
0 12 29
11 1 16
7 19 14
13 4 9
18 2 6
8 18 12
1 3 18
15 16 17
0 20 13
19 2 4
23 24 25
23 26 27
21 22 28
21 27 30
21 26 29
22 25 5
22 24 31
23 29 30
25 28 11
24 28 33
27 32 10
31 33 8
30 32 9
47
{[13, 12, 11, 10, 1]}
{[17, 15, 14, 13, 12]}
34
11 19 3
12 17 6
7 20 15
0 4 17
20 14 3
10 6 33
1 15 5
8 13 2
7 16 29
14 10 31
9 5 30
0 12 32
11 1 16
7 19 14
13 4 9
18 2 6
8 18 12
1 3 18
15 16 17
0 20 13
19 2 4
23 24 25
23 26 27
21 22 28
21 27 30
21 26 29
22 25 32
22 24 31
23 29 30
25 28 8
24 28 10
27 33 9
26 33 11
31 32 5
48
{[13, 12, 11, 10, 1]}
{[17, 15, 14, 13, 12]}
34
11 19 3
12 17 6
7 20 15
0 4 17
20 14 3
10 6 29
1 15 5
8 13 2
7 16 33
14 10 31
9 5 32
0 12 30
11 1 16
7 19 14
13 4 9
18 2 6
8 18 12
1 3 18
15 16 17
0 20 13
19 2 4
23 24 25
23 26 27
21 22 28
21 27 30
21 26 29
22 25 32
22 24 31
23 29 30
25 28 5
24 28 11
27 33 9
26 33 10
31 32 8
49
{[15, 14, 11, 10, 1]}
{[5, 4, 2, 1, 0]}
34
11 19 3
12 17 6
7 20 15
0 4 17
20 14 3
10 6 22
1 15 5
8 13 2
7 16 27
11 10 21
9 5 23
0 12 9
11 1 16
7 19 14
13 4 24
18 2 6
8 18 12
1 3 18
15 16 17
0 20 13
19 2 4
22 25 9
21 26 5
24 25 10
23 31 14
21 23 30
22 28 32
29 32 8
26 29 30
27 28 31
25 28 33
24 29 33
26 27 33
30 31 32
50
{[15, 14, 11, 10, 1]}
{[6, 3, 2, 1, 0]}
34
11 19 3
12 17 6
7 20 15
0 4 17
20 14 3
10 6 25
1 15 5
8 13 2
7 16 21
11 10 22
9 5 26
0 12 9
11 1 16
7 19 14
13 4 23
18 2 6
8 18 12
1 3 18
15 16 17
0 20 13
19 2 4
22 24 8
21 27 9
24 25 14
21 23 31
23 30 5
28 32 10
22 29 32
26 29 30
27 28 31
25 28 33
24 29 33
26 27 33
30 31 32
51
{[15, 14, 11, 10, 1]}
{[8, 7, 4, 2, 0]}
34
11 19 3
12 17 6
7 20 15
0 4 17
20 14 3
10 6 23
1 15 5
8 13 2
7 16 22
11 10 25
9 5 31
0 12 9
11 1 16
7 19 14
13 4 21
18 2 6
8 18 12
1 3 18
15 16 17
0 20 13
19 2 4
23 24 14
24 25 8
21 27 5
21 22 26
22 30 9
24 28 32
23 29 32
26 29 30
27 28 31
25 28 33
29 33 10
26 27 33
30 31 32
52
{[15, 14, 11, 10, 1]}
{[9, 7, 3, 2, 0]}
34
11 19 3
12 17 6
7 20 15
0 4 17
20 14 3
10 6 25
1 15 5
8 13 2
7 16 30
11 10 22
9 5 21
0 12 9
11 1 16
7 19 14
13 4 24
18 2 6
8 18 12
1 3 18
15 16 17
0 20 13
19 2 4
23 24 10
23 25 9
21 22 27
21 26 14
22 31 5
24 28 32
23 29 32
26 29 30
27 28 31
28 33 8
25 29 33
26 27 33
30 31 32
53
{[15, 14, 11, 10, 1]}
{[6, 3, 2, 1, 0]}
34
11 19 3
12 17 6
7 20 15
0 4 17
20 14 3
10 6 25
1 15 5
8 13 2
7 16 26
11 10 23
9 5 21
0 12 9
11 1 16
7 19 14
13 4 22
18 2 6
8 18 12
1 3 18
15 16 17
0 20 13
19 2 4
22 24 10
21 27 14
24 25 9
21 23 31
23 30 5
28 32 8
22 29 32
26 29 30
27 28 31
25 28 33
24 29 33
26 27 33
30 31 32
54
{[15, 14, 11, 10, 1]}
{[9, 7, 3, 2, 0]}
34
11 19 3
12 17 6
7 20 15
0 4 17
20 14 3
10 6 25
1 15 5
8 13 2
7 16 21
11 10 24
9 5 30
0 12 9
11 1 16
7 19 14
13 4 22
18 2 6
8 18 12
1 3 18
15 16 17
0 20 13
19 2 4
23 24 8
23 25 14
21 22 27
21 26 9
22 31 5
24 28 32
23 29 32
26 29 30
27 28 31
28 33 10
25 29 33
26 27 33
30 31 32
55
{[15, 14, 11, 10, 1]}
{[5, 4, 2, 1, 0]}
34
11 19 3
12 17 6
7 20 15
0 4 17
20 14 3
10 6 22
1 15 5
8 13 2
7 16 23
11 10 24
9 5 27
0 12 9
11 1 16
7 19 14
13 4 21
18 2 6
8 18 12
1 3 18
15 16 17
0 20 13
19 2 4
22 25 14
21 26 5
24 25 8
23 31 9
21 23 30
22 28 32
29 32 10
26 29 30
27 28 31
25 28 33
24 29 33
26 27 33
30 31 32
56
{[15, 14, 11, 10, 1]}
{[8, 7, 4, 2, 0]}
34
11 19 3
12 17 6
7 20 15
0 4 17
20 14 3
10 6 23
1 15 5
8 13 2
7 16 31
11 10 21
9 5 22
0 12 9
11 1 16
7 19 14
13 4 25
18 2 6
8 18 12
1 3 18
15 16 17
0 20 13
19 2 4
23 24 9
24 25 10
21 27 5
21 22 26
22 30 14
24 28 32
23 29 32
26 29 30
27 28 31
25 28 33
29 33 8
26 27 33
30 31 32
57
{[15, 14, 11, 10, 1]}
{[16, 13, 12, 11, 10]}
34
11 19 3
12 17 6
7 20 15
0 4 17
20 14 3
10 6 32
1 15 5
8 13 2
7 16 26
11 10 27
9 5 31
0 12 9
11 1 16
7 19 14
13 4 33
18 2 6
8 18 12
1 3 18
15 16 17
0 20 13
19 2 4
23 24 25
23 26 27
21 22 28
21 27 30
21 26 29
22 25 8
22 24 9
23 29 30
25 28 32
24 28 31
30 33 10
29 33 5
31 32 14
58
{[15, 14, 11, 10, 1]}
{[17, 16, 14, 12, 10]}
34
11 19 3
12 17 6
7 20 15
0 4 17
20 14 3
10 6 31
1 15 5
8 13 2
7 16 27
11 10 30
9 5 33
0 12 9
11 1 16
7 19 14
13 4 32
18 2 6
8 18 12
1 3 18
15 16 17
0 20 13
19 2 4
23 24 25
23 26 27
21 22 28
21 27 30
21 26 29
22 25 31
22 24 8
23 29 30
25 28 33
24 28 9
26 32 5
31 33 14
29 32 10
59
{[15, 14, 11, 10, 1]}
{[16, 13, 12, 11, 10]}
34
11 19 3
12 17 6
7 20 15
0 4 17
20 14 3
10 6 32
1 15 5
8 13 2
7 16 31
11 10 33
9 5 26
0 12 9
11 1 16
7 19 14
13 4 27
18 2 6
8 18 12
1 3 18
15 16 17
0 20 13
19 2 4
23 24 25
23 26 27
21 22 28
21 27 30
21 26 29
22 25 10
22 24 14
23 29 30
25 28 32
24 28 31
30 33 8
29 33 5
31 32 9
60
{[15, 14, 11, 10, 1]}
{[17, 16, 14, 12, 10]}
34
11 19 3
12 17 6
7 20 15
0 4 17
20 14 3
10 6 31
1 15 5
8 13 2
7 16 33
11 10 32
9 5 27
0 12 9
11 1 16
7 19 14
13 4 30
18 2 6
8 18 12
1 3 18
15 16 17
0 20 13
19 2 4
23 24 25
23 26 27
21 22 28
21 27 30
21 26 29
22 25 31
22 24 10
23 29 30
25 28 33
24 28 14
26 32 5
31 33 9
29 32 8
61
{[15, 14, 11, 10, 1]}
{[17, 16, 15, 13, 11]}
34
11 19 3
12 17 6
7 20 15
0 4 17
20 14 3
10 6 33
1 15 5
8 13 2
7 16 31
11 10 32
9 5 29
0 12 9
11 1 16
7 19 14
13 4 26
18 2 6
8 18 12
1 3 18
15 16 17
0 20 13
19 2 4
23 24 25
23 26 27
21 22 28
21 27 30
21 26 29
22 25 14
22 24 31
23 29 30
25 28 10
24 28 33
27 32 8
31 33 9
30 32 5
62
{[15, 14, 11, 10, 1]}
{[17, 16, 15, 13, 11]}
34
11 19 3
12 17 6
7 20 15
0 4 17
20 14 3
10 6 33
1 15 5
8 13 2
7 16 29
11 10 26
9 5 31
0 12 9
11 1 16
7 19 14
13 4 32
18 2 6
8 18 12
1 3 18
15 16 17
0 20 13
19 2 4
23 24 25
23 26 27
21 22 28
21 27 30
21 26 29
22 25 9
22 24 31
23 29 30
25 28 8
24 28 33
27 32 10
31 33 14
30 32 5
63
{[15, 14, 11, 10, 1]}
{[17, 15, 14, 13, 12]}
34
11 19 3
12 17 6
7 20 15
0 4 17
20 14 3
10 6 31
1 15 5
8 13 2
7 16 32
11 10 33
9 5 30
0 12 9
11 1 16
7 19 14
13 4 29
18 2 6
8 18 12
1 3 18
15 16 17
0 20 13
19 2 4
23 24 25
23 26 27
21 22 28
21 27 30
21 26 29
22 25 32
22 24 31
23 29 30
25 28 14
24 28 10
27 33 5
26 33 8
31 32 9
64
{[15, 14, 11, 10, 1]}
{[17, 15, 14, 13, 12]}
34
11 19 3
12 17 6
7 20 15
0 4 17
20 14 3
10 6 31
1 15 5
8 13 2
7 16 30
11 10 29
9 5 32
0 12 9
11 1 16
7 19 14
13 4 33
18 2 6
8 18 12
1 3 18
15 16 17
0 20 13
19 2 4
23 24 25
23 26 27
21 22 28
21 27 30
21 26 29
22 25 32
22 24 31
23 29 30
25 28 9
24 28 8
27 33 5
26 33 10
31 32 14
65
{[15, 14, 13, 6, 1]}
{[5, 4, 2, 1, 0]}
34
11 19 3
12 17 5
6 20 15
0 4 17
20 14 3
1 15 24
7 13 2
6 9 16
9 10 23
8 7 21
11 8 22
0 12 10
11 1 16
6 19 14
13 4 27
18 2 5
7 18 12
1 3 18
15 16 17
0 20 13
19 2 4
22 25 9
21 26 10
24 25 8
23 31 5
21 23 30
22 28 32
29 32 14
26 29 30
27 28 31
25 28 33
24 29 33
26 27 33
30 31 32
66
{[15, 14, 13, 6, 1]}
{[6, 3, 2, 1, 0]}
34
11 19 3
12 17 5
6 20 15
0 4 17
20 14 3
1 15 23
7 13 2
6 9 16
9 10 26
8 7 22
11 8 25
0 12 10
11 1 16
6 19 14
13 4 21
18 2 5
7 18 12
1 3 18
15 16 17
0 20 13
19 2 4
22 24 14
21 27 9
24 25 5
21 23 31
23 30 10
28 32 8
22 29 32
26 29 30
27 28 31
25 28 33
24 29 33
26 27 33
30 31 32
67
{[15, 14, 13, 6, 1]}
{[8, 7, 4, 2, 0]}
34
11 19 3
12 17 5
6 20 15
0 4 17
20 14 3
1 15 21
7 13 2
6 9 16
9 10 31
8 7 25
11 8 23
0 12 10
11 1 16
6 19 14
13 4 22
18 2 5
7 18 12
1 3 18
15 16 17
0 20 13
19 2 4
23 24 5
24 25 14
21 27 10
21 22 26
22 30 9
24 28 32
23 29 32
26 29 30
27 28 31
25 28 33
29 33 8
26 27 33
30 31 32
68
{[15, 14, 13, 6, 1]}
{[9, 7, 3, 2, 0]}
34
11 19 3
12 17 5
6 20 15
0 4 17
20 14 3
1 15 24
7 13 2
6 9 16
9 10 21
8 7 22
11 8 25
0 12 10
11 1 16
6 19 14
13 4 30
18 2 5
7 18 12
1 3 18
15 16 17
0 20 13
19 2 4
23 24 8
23 25 9
21 22 27
21 26 5
22 31 10
24 28 32
23 29 32
26 29 30
27 28 31
28 33 14
25 29 33
26 27 33
30 31 32
69
{[15, 14, 13, 6, 1]}
{[6, 3, 2, 1, 0]}
34
11 19 3
12 17 5
6 20 15
0 4 17
20 14 3
1 15 22
7 13 2
6 9 16
9 10 21
8 7 23
11 8 25
0 12 10
11 1 16
6 19 14
13 4 26
18 2 5
7 18 12
1 3 18
15 16 17
0 20 13
19 2 4
22 24 8
21 27 5
24 25 9
21 23 31
23 30 10
28 32 14
22 29 32
26 29 30
27 28 31
25 28 33
24 29 33
26 27 33
30 31 32
70
{[15, 14, 13, 6, 1]}
{[9, 7, 3, 2, 0]}
34
11 19 3
12 17 5
6 20 15
0 4 17
20 14 3
1 15 22
7 13 2
6 9 16
9 10 30
8 7 24
11 8 25
0 12 10
11 1 16
6 19 14
13 4 21
18 2 5
7 18 12
1 3 18
15 16 17
0 20 13
19 2 4
23 24 14
23 25 5
21 22 27
21 26 9
22 31 10
24 28 32
23 29 32
26 29 30
27 28 31
28 33 8
25 29 33
26 27 33
30 31 32
71
{[15, 14, 13, 6, 1]}
{[5, 4, 2, 1, 0]}
34
11 19 3
12 17 5
6 20 15
0 4 17
20 14 3
1 15 21
7 13 2
6 9 16
9 10 27
8 7 24
11 8 22
0 12 10
11 1 16
6 19 14
13 4 23
18 2 5
7 18 12
1 3 18
15 16 17
0 20 13
19 2 4
22 25 5
21 26 10
24 25 14
23 31 9
21 23 30
22 28 32
29 32 8
26 29 30
27 28 31
25 28 33
24 29 33
26 27 33
30 31 32
72
{[15, 14, 13, 6, 1]}
{[8, 7, 4, 2, 0]}
34
11 19 3
12 17 5
6 20 15
0 4 17
20 14 3
1 15 25
7 13 2
6 9 16
9 10 22
8 7 21
11 8 23
0 12 10
11 1 16
6 19 14
13 4 31
18 2 5
7 18 12
1 3 18
15 16 17
0 20 13
19 2 4
23 24 9
24 25 8
21 27 10
21 22 26
22 30 5
24 28 32
23 29 32
26 29 30
27 28 31
25 28 33
29 33 14
26 27 33
30 31 32
73
{[15, 14, 13, 6, 1]}
{[16, 13, 12, 11, 10]}
34
11 19 3
12 17 5
6 20 15
0 4 17
20 14 3
1 15 33
7 13 2
6 9 16
9 10 31
8 7 27
11 8 32
0 12 10
11 1 16
6 19 14
13 4 26
18 2 5
7 18 12
1 3 18
15 16 17
0 20 13
19 2 4
23 24 25
23 26 27
21 22 28
21 27 30
21 26 29
22 25 14
22 24 9
23 29 30
25 28 32
24 28 31
30 33 8
29 33 10
31 32 5
74
{[15, 14, 13, 6, 1]}
{[17, 16, 14, 12, 10]}
34
11 19 3
12 17 5
6 20 15
0 4 17
20 14 3
1 15 32
7 13 2
6 9 16
9 10 33
8 7 30
11 8 31
0 12 10
11 1 16
6 19 14
13 4 27
18 2 5
7 18 12
1 3 18
15 16 17
0 20 13
19 2 4
23 24 25
23 26 27
21 22 28
21 27 30
21 26 29
22 25 31
22 24 14
23 29 30
25 28 33
24 28 9
26 32 10
31 33 5
29 32 8
75
{[15, 14, 13, 6, 1]}
{[16, 13, 12, 11, 10]}
34
11 19 3
12 17 5
6 20 15
0 4 17
20 14 3
1 15 27
7 13 2
6 9 16
9 10 26
8 7 33
11 8 32
0 12 10
11 1 16
6 19 14
13 4 31
18 2 5
7 18 12
1 3 18
15 16 17
0 20 13
19 2 4
23 24 25
23 26 27
21 22 28
21 27 30
21 26 29
22 25 8
22 24 5
23 29 30
25 28 32
24 28 31
30 33 14
29 33 10
31 32 9
76
{[15, 14, 13, 6, 1]}
{[17, 16, 14, 12, 10]}
34
11 19 3
12 17 5
6 20 15
0 4 17
20 14 3
1 15 30
7 13 2
6 9 16
9 10 27
8 7 32
11 8 31
0 12 10
11 1 16
6 19 14
13 4 33
18 2 5
7 18 12
1 3 18
15 16 17
0 20 13
19 2 4
23 24 25
23 26 27
21 22 28
21 27 30
21 26 29
22 25 31
22 24 8
23 29 30
25 28 33
24 28 5
26 32 10
31 33 9
29 32 14
77
{[15, 14, 13, 6, 1]}
{[17, 16, 15, 13, 11]}
34
11 19 3
12 17 5
6 20 15
0 4 17
20 14 3
1 15 26
7 13 2
6 9 16
9 10 29
8 7 32
11 8 33
0 12 10
11 1 16
6 19 14
13 4 31
18 2 5
7 18 12
1 3 18
15 16 17
0 20 13
19 2 4
23 24 25
23 26 27
21 22 28
21 27 30
21 26 29
22 25 5
22 24 31
23 29 30
25 28 8
24 28 33
27 32 14
31 33 9
30 32 10
78
{[15, 14, 13, 6, 1]}
{[17, 16, 15, 13, 11]}
34
11 19 3
12 17 5
6 20 15
0 4 17
20 14 3
1 15 32
7 13 2
6 9 16
9 10 31
8 7 26
11 8 33
0 12 10
11 1 16
6 19 14
13 4 29
18 2 5
7 18 12
1 3 18
15 16 17
0 20 13
19 2 4
23 24 25
23 26 27
21 22 28
21 27 30
21 26 29
22 25 9
22 24 31
23 29 30
25 28 14
24 28 33
27 32 8
31 33 5
30 32 10
79
{[15, 14, 13, 6, 1]}
{[17, 15, 14, 13, 12]}
34
11 19 3
12 17 5
6 20 15
0 4 17
20 14 3
1 15 29
7 13 2
6 9 16
9 10 30
8 7 33
11 8 31
0 12 10
11 1 16
6 19 14
13 4 32
18 2 5
7 18 12
1 3 18
15 16 17
0 20 13
19 2 4
23 24 25
23 26 27
21 22 28
21 27 30
21 26 29
22 25 32
22 24 31
23 29 30
25 28 5
24 28 8
27 33 10
26 33 14
31 32 9
80
{[15, 14, 13, 6, 1]}
{[17, 15, 14, 13, 12]}
34
11 19 3
12 17 5
6 20 15
0 4 17
20 14 3
1 15 33
7 13 2
6 9 16
9 10 32
8 7 29
11 8 31
0 12 10
11 1 16
6 19 14
13 4 30
18 2 5
7 18 12
1 3 18
15 16 17
0 20 13
19 2 4
23 24 25
23 26 27
21 22 28
21 27 30
21 26 29
22 25 32
22 24 31
23 29 30
25 28 9
24 28 14
27 33 10
26 33 8
31 32 5
81
{[13, 12, 11, 10, 1]}
{[5, 4, 2, 1, 0]}
34
11 19 3
12 17 6
7 20 15
0 4 17
20 14 3
10 6 24
1 15 5
8 13 2
7 16 21
14 10 22
9 5 27
0 12 23
11 1 16
7 19 14
13 4 9
18 2 6
8 18 12
1 3 18
15 16 17
0 20 13
19 2 4
22 25 8
21 26 9
24 25 11
23 31 5
21 23 30
22 28 32
29 32 10
26 29 30
27 28 31
25 28 33
24 29 33
26 27 33
30 31 32
82
{[13, 12, 11, 10, 1]}
{[6, 3, 2, 1, 0]}
34
11 19 3
12 17 6
7 20 15
0 4 17
20 14 3
10 6 23
1 15 5
8 13 2
7 16 22
14 10 25
9 5 21
0 12 26
11 1 16
7 19 14
13 4 9
18 2 6
8 18 12
1 3 18
15 16 17
0 20 13
19 2 4
22 24 10
21 27 8
24 25 5
21 23 31
23 30 9
28 32 11
22 29 32
26 29 30
27 28 31
25 28 33
24 29 33
26 27 33
30 31 32
83
{[13, 12, 11, 10, 1]}
{[8, 7, 4, 2, 0]}
34
11 19 3
12 17 6
7 20 15
0 4 17
20 14 3
10 6 21
1 15 5
8 13 2
7 16 25
14 10 23
9 5 22
0 12 31
11 1 16
7 19 14
13 4 9
18 2 6
8 18 12
1 3 18
15 16 17
0 20 13
19 2 4
23 24 5
24 25 10
21 27 9
21 22 26
22 30 8
24 28 32
23 29 32
26 29 30
27 28 31
25 28 33
29 33 11
26 27 33
30 31 32
84
{[13, 12, 11, 10, 1]}
{[9, 7, 3, 2, 0]}
34
11 19 3
12 17 6
7 20 15
0 4 17
20 14 3
10 6 24
1 15 5
8 13 2
7 16 22
14 10 25
9 5 30
0 12 21
11 1 16
7 19 14
13 4 9
18 2 6
8 18 12
1 3 18
15 16 17
0 20 13
19 2 4
23 24 11
23 25 8
21 22 27
21 26 5
22 31 9
24 28 32
23 29 32
26 29 30
27 28 31
28 33 10
25 29 33
26 27 33
30 31 32
85
{[13, 12, 11, 10, 1]}
{[6, 3, 2, 1, 0]}
34
11 19 3
12 17 6
7 20 15
0 4 17
20 14 3
10 6 22
1 15 5
8 13 2
7 16 23
14 10 25
9 5 26
0 12 21
11 1 16
7 19 14
13 4 9
18 2 6
8 18 12
1 3 18
15 16 17
0 20 13
19 2 4
22 24 11
21 27 5
24 25 8
21 23 31
23 30 9
28 32 10
22 29 32
26 29 30
27 28 31
25 28 33
24 29 33
26 27 33
30 31 32
86
{[13, 12, 11, 10, 1]}
{[9, 7, 3, 2, 0]}
34
11 19 3
12 17 6
7 20 15
0 4 17
20 14 3
10 6 22
1 15 5
8 13 2
7 16 24
14 10 25
9 5 21
0 12 30
11 1 16
7 19 14
13 4 9
18 2 6
8 18 12
1 3 18
15 16 17
0 20 13
19 2 4
23 24 10
23 25 5
21 22 27
21 26 8
22 31 9
24 28 32
23 29 32
26 29 30
27 28 31
28 33 11
25 29 33
26 27 33
30 31 32
87
{[13, 12, 11, 10, 1]}
{[5, 4, 2, 1, 0]}
34
11 19 3
12 17 6
7 20 15
0 4 17
20 14 3
10 6 21
1 15 5
8 13 2
7 16 24
14 10 22
9 5 23
0 12 27
11 1 16
7 19 14
13 4 9
18 2 6
8 18 12
1 3 18
15 16 17
0 20 13
19 2 4
22 25 5
21 26 9
24 25 10
23 31 8
21 23 30
22 28 32
29 32 11
26 29 30
27 28 31
25 28 33
24 29 33
26 27 33
30 31 32
88
{[13, 12, 11, 10, 1]}
{[8, 7, 4, 2, 0]}
34
11 19 3
12 17 6
7 20 15
0 4 17
20 14 3
10 6 25
1 15 5
8 13 2
7 16 21
14 10 23
9 5 31
0 12 22
11 1 16
7 19 14
13 4 9
18 2 6
8 18 12
1 3 18
15 16 17
0 20 13
19 2 4
23 24 8
24 25 11
21 27 9
21 22 26
22 30 5
24 28 32
23 29 32
26 29 30
27 28 31
25 28 33
29 33 10
26 27 33
30 31 32
89
{[13, 12, 11, 10, 1]}
{[16, 13, 12, 11, 10]}
34
11 19 3
12 17 6
7 20 15
0 4 17
20 14 3
10 6 33
1 15 5
8 13 2
7 16 27
14 10 32
9 5 26
0 12 31
11 1 16
7 19 14
13 4 9
18 2 6
8 18 12
1 3 18
15 16 17
0 20 13
19 2 4
23 24 25
23 26 27
21 22 28
21 27 30
21 26 29
22 25 10
22 24 8
23 29 30
25 28 32
24 28 31
30 33 11
29 33 9
31 32 5
90
{[13, 12, 11, 10, 1]}
{[17, 16, 14, 12, 10]}
34
11 19 3
12 17 6
7 20 15
0 4 17
20 14 3
10 6 32
1 15 5
8 13 2
7 16 30
14 10 31
9 5 27
0 12 33
11 1 16
7 19 14
13 4 9
18 2 6
8 18 12
1 3 18
15 16 17
0 20 13
19 2 4
23 24 25
23 26 27
21 22 28
21 27 30
21 26 29
22 25 31
22 24 10
23 29 30
25 28 33
24 28 8
26 32 9
31 33 5
29 32 11
91
{[13, 12, 11, 10, 1]}
{[16, 13, 12, 11, 10]}
34
11 19 3
12 17 6
7 20 15
0 4 17
20 14 3
10 6 27
1 15 5
8 13 2
7 16 33
14 10 32
9 5 31
0 12 26
11 1 16
7 19 14
13 4 9
18 2 6
8 18 12
1 3 18
15 16 17
0 20 13
19 2 4
23 24 25
23 26 27
21 22 28
21 27 30
21 26 29
22 25 11
22 24 5
23 29 30
25 28 32
24 28 31
30 33 10
29 33 9
31 32 8
92
{[13, 12, 11, 10, 1]}
{[17, 16, 14, 12, 10]}
34
11 19 3
12 17 6
7 20 15
0 4 17
20 14 3
10 6 30
1 15 5
8 13 2
7 16 32
14 10 31
9 5 33
0 12 27
11 1 16
7 19 14
13 4 9
18 2 6
8 18 12
1 3 18
15 16 17
0 20 13
19 2 4
23 24 25
23 26 27
21 22 28
21 27 30
21 26 29
22 25 31
22 24 11
23 29 30
25 28 33
24 28 5
26 32 9
31 33 8
29 32 10
93
{[13, 12, 11, 10, 1]}
{[17, 16, 15, 13, 11]}
34
11 19 3
12 17 6
7 20 15
0 4 17
20 14 3
10 6 26
1 15 5
8 13 2
7 16 32
14 10 33
9 5 31
0 12 29
11 1 16
7 19 14
13 4 9
18 2 6
8 18 12
1 3 18
15 16 17
0 20 13
19 2 4
23 24 25
23 26 27
21 22 28
21 27 30
21 26 29
22 25 5
22 24 31
23 29 30
25 28 11
24 28 33
27 32 10
31 33 8
30 32 9
94
{[13, 12, 11, 10, 1]}
{[17, 16, 15, 13, 11]}
34
11 19 3
12 17 6
7 20 15
0 4 17
20 14 3
10 6 32
1 15 5
8 13 2
7 16 26
14 10 33
9 5 29
0 12 31
11 1 16
7 19 14
13 4 9
18 2 6
8 18 12
1 3 18
15 16 17
0 20 13
19 2 4
23 24 25
23 26 27
21 22 28
21 27 30
21 26 29
22 25 8
22 24 31
23 29 30
25 28 10
24 28 33
27 32 11
31 33 5
30 32 9
95
{[13, 12, 11, 10, 1]}
{[17, 15, 14, 13, 12]}
34
11 19 3
12 17 6
7 20 15
0 4 17
20 14 3
10 6 29
1 15 5
8 13 2
7 16 33
14 10 31
9 5 32
0 12 30
11 1 16
7 19 14
13 4 9
18 2 6
8 18 12
1 3 18
15 16 17
0 20 13
19 2 4
23 24 25
23 26 27
21 22 28
21 27 30
21 26 29
22 25 32
22 24 31
23 29 30
25 28 5
24 28 11
27 33 9
26 33 10
31 32 8
96
{[13, 12, 11, 10, 1]}
{[17, 15, 14, 13, 12]}
34
11 19 3
12 17 6
7 20 15
0 4 17
20 14 3
10 6 33
1 15 5
8 13 2
7 16 29
14 10 31
9 5 30
0 12 32
11 1 16
7 19 14
13 4 9
18 2 6
8 18 12
1 3 18
15 16 17
0 20 13
19 2 4
23 24 25
23 26 27
21 22 28
21 27 30
21 26 29
22 25 32
22 24 31
23 29 30
25 28 8
24 28 10
27 33 9
26 33 11
31 32 5
97
{[15, 14, 13, 6, 1]}
{[5, 4, 2, 1, 0]}
34
11 19 3
12 17 5
6 20 15
0 4 17
20 14 3
1 15 21
7 13 2
6 9 16
9 10 27
8 7 24
11 8 22
0 12 10
11 1 16
6 19 14
13 4 23
18 2 5
7 18 12
1 3 18
15 16 17
0 20 13
19 2 4
22 25 5
21 26 10
24 25 14
23 31 9
21 23 30
22 28 32
29 32 8
26 29 30
27 28 31
25 28 33
24 29 33
26 27 33
30 31 32
98
{[15, 14, 13, 6, 1]}
{[6, 3, 2, 1, 0]}
34
11 19 3
12 17 5
6 20 15
0 4 17
20 14 3
1 15 22
7 13 2
6 9 16
9 10 21
8 7 23
11 8 25
0 12 10
11 1 16
6 19 14
13 4 26
18 2 5
7 18 12
1 3 18
15 16 17
0 20 13
19 2 4
22 24 8
21 27 5
24 25 9
21 23 31
23 30 10
28 32 14
22 29 32
26 29 30
27 28 31
25 28 33
24 29 33
26 27 33
30 31 32
99
{[15, 14, 13, 6, 1]}
{[8, 7, 4, 2, 0]}
34
11 19 3
12 17 5
6 20 15
0 4 17
20 14 3
1 15 25
7 13 2
6 9 16
9 10 22
8 7 21
11 8 23
0 12 10
11 1 16
6 19 14
13 4 31
18 2 5
7 18 12
1 3 18
15 16 17
0 20 13
19 2 4
23 24 9
24 25 8
21 27 10
21 22 26
22 30 5
24 28 32
23 29 32
26 29 30
27 28 31
25 28 33
29 33 14
26 27 33
30 31 32
100
{[15, 14, 13, 6, 1]}
{[9, 7, 3, 2, 0]}
34
11 19 3
12 17 5
6 20 15
0 4 17
20 14 3
1 15 22
7 13 2
6 9 16
9 10 30
8 7 24
11 8 25
0 12 10
11 1 16
6 19 14
13 4 21
18 2 5
7 18 12
1 3 18
15 16 17
0 20 13
19 2 4
23 24 14
23 25 5
21 22 27
21 26 9
22 31 10
24 28 32
23 29 32
26 29 30
27 28 31
28 33 8
25 29 33
26 27 33
30 31 32
101
{[15, 14, 13, 6, 1]}
{[6, 3, 2, 1, 0]}
34
11 19 3
12 17 5
6 20 15
0 4 17
20 14 3
1 15 23
7 13 2
6 9 16
9 10 26
8 7 22
11 8 25
0 12 10
11 1 16
6 19 14
13 4 21
18 2 5
7 18 12
1 3 18
15 16 17
0 20 13
19 2 4
22 24 14
21 27 9
24 25 5
21 23 31
23 30 10
28 32 8
22 29 32
26 29 30
27 28 31
25 28 33
24 29 33
26 27 33
30 31 32
102
{[15, 14, 13, 6, 1]}
{[9, 7, 3, 2, 0]}
34
11 19 3
12 17 5
6 20 15
0 4 17
20 14 3
1 15 24
7 13 2
6 9 16
9 10 21
8 7 22
11 8 25
0 12 10
11 1 16
6 19 14
13 4 30
18 2 5
7 18 12
1 3 18
15 16 17
0 20 13
19 2 4
23 24 8
23 25 9
21 22 27
21 26 5
22 31 10
24 28 32
23 29 32
26 29 30
27 28 31
28 33 14
25 29 33
26 27 33
30 31 32
103
{[15, 14, 13, 6, 1]}
{[5, 4, 2, 1, 0]}
34
11 19 3
12 17 5
6 20 15
0 4 17
20 14 3
1 15 24
7 13 2
6 9 16
9 10 23
8 7 21
11 8 22
0 12 10
11 1 16
6 19 14
13 4 27
18 2 5
7 18 12
1 3 18
15 16 17
0 20 13
19 2 4
22 25 9
21 26 10
24 25 8
23 31 5
21 23 30
22 28 32
29 32 14
26 29 30
27 28 31
25 28 33
24 29 33
26 27 33
30 31 32
104
{[15, 14, 13, 6, 1]}
{[8, 7, 4, 2, 0]}
34
11 19 3
12 17 5
6 20 15
0 4 17
20 14 3
1 15 21
7 13 2
6 9 16
9 10 31
8 7 25
11 8 23
0 12 10
11 1 16
6 19 14
13 4 22
18 2 5
7 18 12
1 3 18
15 16 17
0 20 13
19 2 4
23 24 5
24 25 14
21 27 10
21 22 26
22 30 9
24 28 32
23 29 32
26 29 30
27 28 31
25 28 33
29 33 8
26 27 33
30 31 32
105
{[15, 14, 13, 6, 1]}
{[16, 13, 12, 11, 10]}
34
11 19 3
12 17 5
6 20 15
0 4 17
20 14 3
1 15 27
7 13 2
6 9 16
9 10 26
8 7 33
11 8 32
0 12 10
11 1 16
6 19 14
13 4 31
18 2 5
7 18 12
1 3 18
15 16 17
0 20 13
19 2 4
23 24 25
23 26 27
21 22 28
21 27 30
21 26 29
22 25 8
22 24 5
23 29 30
25 28 32
24 28 31
30 33 14
29 33 10
31 32 9
106
{[15, 14, 13, 6, 1]}
{[17, 16, 14, 12, 10]}
34
11 19 3
12 17 5
6 20 15
0 4 17
20 14 3
1 15 30
7 13 2
6 9 16
9 10 27
8 7 32
11 8 31
0 12 10
11 1 16
6 19 14
13 4 33
18 2 5
7 18 12
1 3 18
15 16 17
0 20 13
19 2 4
23 24 25
23 26 27
21 22 28
21 27 30
21 26 29
22 25 31
22 24 8
23 29 30
25 28 33
24 28 5
26 32 10
31 33 9
29 32 14
107
{[15, 14, 13, 6, 1]}
{[16, 13, 12, 11, 10]}
34
11 19 3
12 17 5
6 20 15
0 4 17
20 14 3
1 15 33
7 13 2
6 9 16
9 10 31
8 7 27
11 8 32
0 12 10
11 1 16
6 19 14
13 4 26
18 2 5
7 18 12
1 3 18
15 16 17
0 20 13
19 2 4
23 24 25
23 26 27
21 22 28
21 27 30
21 26 29
22 25 14
22 24 9
23 29 30
25 28 32
24 28 31
30 33 8
29 33 10
31 32 5
108
{[15, 14, 13, 6, 1]}
{[17, 16, 14, 12, 10]}
34
11 19 3
12 17 5
6 20 15
0 4 17
20 14 3
1 15 32
7 13 2
6 9 16
9 10 33
8 7 30
11 8 31
0 12 10
11 1 16
6 19 14
13 4 27
18 2 5
7 18 12
1 3 18
15 16 17
0 20 13
19 2 4
23 24 25
23 26 27
21 22 28
21 27 30
21 26 29
22 25 31
22 24 14
23 29 30
25 28 33
24 28 9
26 32 10
31 33 5
29 32 8
109
{[15, 14, 13, 6, 1]}
{[17, 16, 15, 13, 11]}
34
11 19 3
12 17 5
6 20 15
0 4 17
20 14 3
1 15 32
7 13 2
6 9 16
9 10 31
8 7 26
11 8 33
0 12 10
11 1 16
6 19 14
13 4 29
18 2 5
7 18 12
1 3 18
15 16 17
0 20 13
19 2 4
23 24 25
23 26 27
21 22 28
21 27 30
21 26 29
22 25 9
22 24 31
23 29 30
25 28 14
24 28 33
27 32 8
31 33 5
30 32 10
110
{[15, 14, 13, 6, 1]}
{[17, 16, 15, 13, 11]}
34
11 19 3
12 17 5
6 20 15
0 4 17
20 14 3
1 15 26
7 13 2
6 9 16
9 10 29
8 7 32
11 8 33
0 12 10
11 1 16
6 19 14
13 4 31
18 2 5
7 18 12
1 3 18
15 16 17
0 20 13
19 2 4
23 24 25
23 26 27
21 22 28
21 27 30
21 26 29
22 25 5
22 24 31
23 29 30
25 28 8
24 28 33
27 32 14
31 33 9
30 32 10
111
{[15, 14, 13, 6, 1]}
{[17, 15, 14, 13, 12]}
34
11 19 3
12 17 5
6 20 15
0 4 17
20 14 3
1 15 33
7 13 2
6 9 16
9 10 32
8 7 29
11 8 31
0 12 10
11 1 16
6 19 14
13 4 30
18 2 5
7 18 12
1 3 18
15 16 17
0 20 13
19 2 4
23 24 25
23 26 27
21 22 28
21 27 30
21 26 29
22 25 32
22 24 31
23 29 30
25 28 9
24 28 14
27 33 10
26 33 8
31 32 5
112
{[15, 14, 13, 6, 1]}
{[17, 15, 14, 13, 12]}
34
11 19 3
12 17 5
6 20 15
0 4 17
20 14 3
1 15 29
7 13 2
6 9 16
9 10 30
8 7 33
11 8 31
0 12 10
11 1 16
6 19 14
13 4 32
18 2 5
7 18 12
1 3 18
15 16 17
0 20 13
19 2 4
23 24 25
23 26 27
21 22 28
21 27 30
21 26 29
22 25 32
22 24 31
23 29 30
25 28 5
24 28 8
27 33 10
26 33 14
31 32 9
113
{[15, 14, 11, 10, 1]}
{[5, 4, 2, 1, 0]}
34
11 19 3
12 17 6
7 20 15
0 4 17
20 14 3
10 6 22
1 15 5
8 13 2
7 16 23
11 10 24
9 5 27
0 12 9
11 1 16
7 19 14
13 4 21
18 2 6
8 18 12
1 3 18
15 16 17
0 20 13
19 2 4
22 25 14
21 26 5
24 25 8
23 31 9
21 23 30
22 28 32
29 32 10
26 29 30
27 28 31
25 28 33
24 29 33
26 27 33
30 31 32
114
{[15, 14, 11, 10, 1]}
{[6, 3, 2, 1, 0]}
34
11 19 3
12 17 6
7 20 15
0 4 17
20 14 3
10 6 25
1 15 5
8 13 2
7 16 26
11 10 23
9 5 21
0 12 9
11 1 16
7 19 14
13 4 22
18 2 6
8 18 12
1 3 18
15 16 17
0 20 13
19 2 4
22 24 10
21 27 14
24 25 9
21 23 31
23 30 5
28 32 8
22 29 32
26 29 30
27 28 31
25 28 33
24 29 33
26 27 33
30 31 32
115
{[15, 14, 11, 10, 1]}
{[8, 7, 4, 2, 0]}
34
11 19 3
12 17 6
7 20 15
0 4 17
20 14 3
10 6 23
1 15 5
8 13 2
7 16 31
11 10 21
9 5 22
0 12 9
11 1 16
7 19 14
13 4 25
18 2 6
8 18 12
1 3 18
15 16 17
0 20 13
19 2 4
23 24 9
24 25 10
21 27 5
21 22 26
22 30 14
24 28 32
23 29 32
26 29 30
27 28 31
25 28 33
29 33 8
26 27 33
30 31 32
116
{[15, 14, 11, 10, 1]}
{[9, 7, 3, 2, 0]}
34
11 19 3
12 17 6
7 20 15
0 4 17
20 14 3
10 6 25
1 15 5
8 13 2
7 16 21
11 10 24
9 5 30
0 12 9
11 1 16
7 19 14
13 4 22
18 2 6
8 18 12
1 3 18
15 16 17
0 20 13
19 2 4
23 24 8
23 25 14
21 22 27
21 26 9
22 31 5
24 28 32
23 29 32
26 29 30
27 28 31
28 33 10
25 29 33
26 27 33
30 31 32
117
{[15, 14, 11, 10, 1]}
{[6, 3, 2, 1, 0]}
34
11 19 3
12 17 6
7 20 15
0 4 17
20 14 3
10 6 25
1 15 5
8 13 2
7 16 21
11 10 22
9 5 26
0 12 9
11 1 16
7 19 14
13 4 23
18 2 6
8 18 12
1 3 18
15 16 17
0 20 13
19 2 4
22 24 8
21 27 9
24 25 14
21 23 31
23 30 5
28 32 10
22 29 32
26 29 30
27 28 31
25 28 33
24 29 33
26 27 33
30 31 32
118
{[15, 14, 11, 10, 1]}
{[9, 7, 3, 2, 0]}
34
11 19 3
12 17 6
7 20 15
0 4 17
20 14 3
10 6 25
1 15 5
8 13 2
7 16 30
11 10 22
9 5 21
0 12 9
11 1 16
7 19 14
13 4 24
18 2 6
8 18 12
1 3 18
15 16 17
0 20 13
19 2 4
23 24 10
23 25 9
21 22 27
21 26 14
22 31 5
24 28 32
23 29 32
26 29 30
27 28 31
28 33 8
25 29 33
26 27 33
30 31 32
119
{[15, 14, 11, 10, 1]}
{[5, 4, 2, 1, 0]}
34
11 19 3
12 17 6
7 20 15
0 4 17
20 14 3
10 6 22
1 15 5
8 13 2
7 16 27
11 10 21
9 5 23
0 12 9
11 1 16
7 19 14
13 4 24
18 2 6
8 18 12
1 3 18
15 16 17
0 20 13
19 2 4
22 25 9
21 26 5
24 25 10
23 31 14
21 23 30
22 28 32
29 32 8
26 29 30
27 28 31
25 28 33
24 29 33
26 27 33
30 31 32
120
{[15, 14, 11, 10, 1]}
{[8, 7, 4, 2, 0]}
34
11 19 3
12 17 6
7 20 15
0 4 17
20 14 3
10 6 23
1 15 5
8 13 2
7 16 22
11 10 25
9 5 31
0 12 9
11 1 16
7 19 14
13 4 21
18 2 6
8 18 12
1 3 18
15 16 17
0 20 13
19 2 4
23 24 14
24 25 8
21 27 5
21 22 26
22 30 9
24 28 32
23 29 32
26 29 30
27 28 31
25 28 33
29 33 10
26 27 33
30 31 32
121
{[15, 14, 11, 10, 1]}
{[16, 13, 12, 11, 10]}
34
11 19 3
12 17 6
7 20 15
0 4 17
20 14 3
10 6 32
1 15 5
8 13 2
7 16 31
11 10 33
9 5 26
0 12 9
11 1 16
7 19 14
13 4 27
18 2 6
8 18 12
1 3 18
15 16 17
0 20 13
19 2 4
23 24 25
23 26 27
21 22 28
21 27 30
21 26 29
22 25 10
22 24 14
23 29 30
25 28 32
24 28 31
30 33 8
29 33 5
31 32 9
122
{[15, 14, 11, 10, 1]}
{[17, 16, 14, 12, 10]}
34
11 19 3
12 17 6
7 20 15
0 4 17
20 14 3
10 6 31
1 15 5
8 13 2
7 16 33
11 10 32
9 5 27
0 12 9
11 1 16
7 19 14
13 4 30
18 2 6
8 18 12
1 3 18
15 16 17
0 20 13
19 2 4
23 24 25
23 26 27
21 22 28
21 27 30
21 26 29
22 25 31
22 24 10
23 29 30
25 28 33
24 28 14
26 32 5
31 33 9
29 32 8
123
{[15, 14, 11, 10, 1]}
{[16, 13, 12, 11, 10]}
34
11 19 3
12 17 6
7 20 15
0 4 17
20 14 3
10 6 32
1 15 5
8 13 2
7 16 26
11 10 27
9 5 31
0 12 9
11 1 16
7 19 14
13 4 33
18 2 6
8 18 12
1 3 18
15 16 17
0 20 13
19 2 4
23 24 25
23 26 27
21 22 28
21 27 30
21 26 29
22 25 8
22 24 9
23 29 30
25 28 32
24 28 31
30 33 10
29 33 5
31 32 14
124
{[15, 14, 11, 10, 1]}
{[17, 16, 14, 12, 10]}
34
11 19 3
12 17 6
7 20 15
0 4 17
20 14 3
10 6 31
1 15 5
8 13 2
7 16 27
11 10 30
9 5 33
0 12 9
11 1 16
7 19 14
13 4 32
18 2 6
8 18 12
1 3 18
15 16 17
0 20 13
19 2 4
23 24 25
23 26 27
21 22 28
21 27 30
21 26 29
22 25 31
22 24 8
23 29 30
25 28 33
24 28 9
26 32 5
31 33 14
29 32 10
125
{[15, 14, 11, 10, 1]}
{[17, 16, 15, 13, 11]}
34
11 19 3
12 17 6
7 20 15
0 4 17
20 14 3
10 6 33
1 15 5
8 13 2
7 16 29
11 10 26
9 5 31
0 12 9
11 1 16
7 19 14
13 4 32
18 2 6
8 18 12
1 3 18
15 16 17
0 20 13
19 2 4
23 24 25
23 26 27
21 22 28
21 27 30
21 26 29
22 25 9
22 24 31
23 29 30
25 28 8
24 28 33
27 32 10
31 33 14
30 32 5
126
{[15, 14, 11, 10, 1]}
{[17, 16, 15, 13, 11]}
34
11 19 3
12 17 6
7 20 15
0 4 17
20 14 3
10 6 33
1 15 5
8 13 2
7 16 31
11 10 32
9 5 29
0 12 9
11 1 16
7 19 14
13 4 26
18 2 6
8 18 12
1 3 18
15 16 17
0 20 13
19 2 4
23 24 25
23 26 27
21 22 28
21 27 30
21 26 29
22 25 14
22 24 31
23 29 30
25 28 10
24 28 33
27 32 8
31 33 9
30 32 5
127
{[15, 14, 11, 10, 1]}
{[17, 15, 14, 13, 12]}
34
11 19 3
12 17 6
7 20 15
0 4 17
20 14 3
10 6 31
1 15 5
8 13 2
7 16 30
11 10 29
9 5 32
0 12 9
11 1 16
7 19 14
13 4 33
18 2 6
8 18 12
1 3 18
15 16 17
0 20 13
19 2 4
23 24 25
23 26 27
21 22 28
21 27 30
21 26 29
22 25 32
22 24 31
23 29 30
25 28 9
24 28 8
27 33 5
26 33 10
31 32 14
128
{[15, 14, 11, 10, 1]}
{[17, 15, 14, 13, 12]}
34
11 19 3
12 17 6
7 20 15
0 4 17
20 14 3
10 6 31
1 15 5
8 13 2
7 16 32
11 10 33
9 5 30
0 12 9
11 1 16
7 19 14
13 4 29
18 2 6
8 18 12
1 3 18
15 16 17
0 20 13
19 2 4
23 24 25
23 26 27
21 22 28
21 27 30
21 26 29
22 25 32
22 24 31
23 29 30
25 28 14
24 28 10
27 33 5
26 33 8
31 32 9
129
{[23, 22, 20, 7, 2]}
{[5, 4, 2, 1, 0]}
34
14 19 3
9 11 12
6 20 23
0 4 21
20 17 3
13 11 24
7 16 2
6 9 18
9 10 13
1 8 7
14 8 11
1 10 5
1 17 13
8 12 5
0 15 10
14 18 22
6 19 17
16 4 12
7 15 27
0 20 16
19 2 4
22 25 3
21 26 15
24 25 2
23 31 5
21 23 30
22 28 32
29 32 18
26 29 30
27 28 31
25 28 33
24 29 33
26 27 33
30 31 32
130
{[23, 22, 20, 7, 2]}
{[6, 3, 2, 1, 0]}
34
14 19 3
9 11 12
6 20 26
0 4 22
20 17 3
13 11 23
7 16 2
6 9 18
9 10 13
1 8 7
14 8 11
1 10 5
1 17 13
8 12 5
0 15 10
14 18 25
6 19 17
16 4 12
7 15 21
0 20 16
19 2 4
22 24 18
21 27 3
24 25 5
21 23 31
23 30 15
28 32 2
22 29 32
26 29 30
27 28 31
25 28 33
24 29 33
26 27 33
30 31 32
131
{[23, 22, 20, 7, 2]}
{[8, 7, 4, 2, 0]}
34
14 19 3
9 11 12
6 20 31
0 4 25
20 17 3
13 11 21
7 16 2
6 9 18
9 10 13
1 8 7
14 8 11
1 10 5
1 17 13
8 12 5
0 15 10
14 18 23
6 19 17
16 4 12
7 15 22
0 20 16
19 2 4
23 24 5
24 25 18
21 27 15
21 22 26
22 30 3
24 28 32
23 29 32
26 29 30
27 28 31
25 28 33
29 33 2
26 27 33
30 31 32
132
{[23, 22, 20, 7, 2]}
{[9, 7, 3, 2, 0]}
34
14 19 3
9 11 12
6 20 21
0 4 22
20 17 3
13 11 24
7 16 2
6 9 18
9 10 13
1 8 7
14 8 11
1 10 5
1 17 13
8 12 5
0 15 10
14 18 25
6 19 17
16 4 12
7 15 30
0 20 16
19 2 4
23 24 2
23 25 3
21 22 27
21 26 5
22 31 15
24 28 32
23 29 32
26 29 30
27 28 31
28 33 18
25 29 33
26 27 33
30 31 32
133
{[23, 22, 20, 7, 2]}
{[6, 3, 2, 1, 0]}
34
14 19 3
9 11 12
6 20 21
0 4 23
20 17 3
13 11 22
7 16 2
6 9 18
9 10 13
1 8 7
14 8 11
1 10 5
1 17 13
8 12 5
0 15 10
14 18 25
6 19 17
16 4 12
7 15 26
0 20 16
19 2 4
22 24 2
21 27 5
24 25 3
21 23 31
23 30 15
28 32 18
22 29 32
26 29 30
27 28 31
25 28 33
24 29 33
26 27 33
30 31 32
134
{[23, 22, 20, 7, 2]}
{[9, 7, 3, 2, 0]}
34
14 19 3
9 11 12
6 20 30
0 4 24
20 17 3
13 11 22
7 16 2
6 9 18
9 10 13
1 8 7
14 8 11
1 10 5
1 17 13
8 12 5
0 15 10
14 18 25
6 19 17
16 4 12
7 15 21
0 20 16
19 2 4
23 24 18
23 25 5
21 22 27
21 26 3
22 31 15
24 28 32
23 29 32
26 29 30
27 28 31
28 33 2
25 29 33
26 27 33
30 31 32
135
{[23, 22, 20, 7, 2]}
{[5, 4, 2, 1, 0]}
34
14 19 3
9 11 12
6 20 27
0 4 24
20 17 3
13 11 21
7 16 2
6 9 18
9 10 13
1 8 7
14 8 11
1 10 5
1 17 13
8 12 5
0 15 10
14 18 22
6 19 17
16 4 12
7 15 23
0 20 16
19 2 4
22 25 5
21 26 15
24 25 18
23 31 3
21 23 30
22 28 32
29 32 2
26 29 30
27 28 31
25 28 33
24 29 33
26 27 33
30 31 32
136
{[23, 22, 20, 7, 2]}
{[8, 7, 4, 2, 0]}
34
14 19 3
9 11 12
6 20 22
0 4 21
20 17 3
13 11 25
7 16 2
6 9 18
9 10 13
1 8 7
14 8 11
1 10 5
1 17 13
8 12 5
0 15 10
14 18 23
6 19 17
16 4 12
7 15 31
0 20 16
19 2 4
23 24 3
24 25 2
21 27 15
21 22 26
22 30 5
24 28 32
23 29 32
26 29 30
27 28 31
25 28 33
29 33 18
26 27 33
30 31 32
137
{[23, 22, 20, 7, 2]}
{[16, 13, 12, 11, 10]}
34
14 19 3
9 11 12
6 20 31
0 4 27
20 17 3
13 11 33
7 16 2
6 9 18
9 10 13
1 8 7
14 8 11
1 10 5
1 17 13
8 12 5
0 15 10
14 18 32
6 19 17
16 4 12
7 15 26
0 20 16
19 2 4
23 24 25
23 26 27
21 22 28
21 27 30
21 26 29
22 25 18
22 24 3
23 29 30
25 28 32
24 28 31
30 33 2
29 33 15
31 32 5
138
{[23, 22, 20, 7, 2]}
{[17, 16, 14, 12, 10]}
34
14 19 3
9 11 12
6 20 33
0 4 30
20 17 3
13 11 32
7 16 2
6 9 18
9 10 13
1 8 7
14 8 11
1 10 5
1 17 13
8 12 5
0 15 10
14 18 31
6 19 17
16 4 12
7 15 27
0 20 16
19 2 4
23 24 25
23 26 27
21 22 28
21 27 30
21 26 29
22 25 31
22 24 18
23 29 30
25 28 33
24 28 3
26 32 15
31 33 5
29 32 2
139
{[23, 22, 20, 7, 2]}
{[16, 13, 12, 11, 10]}
34
14 19 3
9 11 12
6 20 26
0 4 33
20 17 3
13 11 27
7 16 2
6 9 18
9 10 13
1 8 7
14 8 11
1 10 5
1 17 13
8 12 5
0 15 10
14 18 32
6 19 17
16 4 12
7 15 31
0 20 16
19 2 4
23 24 25
23 26 27
21 22 28
21 27 30
21 26 29
22 25 2
22 24 5
23 29 30
25 28 32
24 28 31
30 33 18
29 33 15
31 32 3
140
{[23, 22, 20, 7, 2]}
{[17, 16, 14, 12, 10]}
34
14 19 3
9 11 12
6 20 27
0 4 32
20 17 3
13 11 30
7 16 2
6 9 18
9 10 13
1 8 7
14 8 11
1 10 5
1 17 13
8 12 5
0 15 10
14 18 31
6 19 17
16 4 12
7 15 33
0 20 16
19 2 4
23 24 25
23 26 27
21 22 28
21 27 30
21 26 29
22 25 31
22 24 2
23 29 30
25 28 33
24 28 5
26 32 15
31 33 3
29 32 18
141
{[23, 22, 20, 7, 2]}
{[17, 16, 15, 13, 11]}
34
14 19 3
9 11 12
6 20 29
0 4 32
20 17 3
13 11 26
7 16 2
6 9 18
9 10 13
1 8 7
14 8 11
1 10 5
1 17 13
8 12 5
0 15 10
14 18 33
6 19 17
16 4 12
7 15 31
0 20 16
19 2 4
23 24 25
23 26 27
21 22 28
21 27 30
21 26 29
22 25 5
22 24 31
23 29 30
25 28 2
24 28 33
27 32 18
31 33 3
30 32 15
142
{[23, 22, 20, 7, 2]}
{[17, 16, 15, 13, 11]}
34
14 19 3
9 11 12
6 20 31
0 4 26
20 17 3
13 11 32
7 16 2
6 9 18
9 10 13
1 8 7
14 8 11
1 10 5
1 17 13
8 12 5
0 15 10
14 18 33
6 19 17
16 4 12
7 15 29
0 20 16
19 2 4
23 24 25
23 26 27
21 22 28
21 27 30
21 26 29
22 25 3
22 24 31
23 29 30
25 28 18
24 28 33
27 32 2
31 33 5
30 32 15
143
{[23, 22, 20, 7, 2]}
{[17, 15, 14, 13, 12]}
34
14 19 3
9 11 12
6 20 30
0 4 33
20 17 3
13 11 29
7 16 2
6 9 18
9 10 13
1 8 7
14 8 11
1 10 5
1 17 13
8 12 5
0 15 10
14 18 31
6 19 17
16 4 12
7 15 32
0 20 16
19 2 4
23 24 25
23 26 27
21 22 28
21 27 30
21 26 29
22 25 32
22 24 31
23 29 30
25 28 5
24 28 2
27 33 15
26 33 18
31 32 3
144
{[23, 22, 20, 7, 2]}
{[17, 15, 14, 13, 12]}
34
14 19 3
9 11 12
6 20 32
0 4 29
20 17 3
13 11 33
7 16 2
6 9 18
9 10 13
1 8 7
14 8 11
1 10 5
1 17 13
8 12 5
0 15 10
14 18 31
6 19 17
16 4 12
7 15 30
0 20 16
19 2 4
23 24 25
23 26 27
21 22 28
21 27 30
21 26 29
22 25 32
22 24 31
23 29 30
25 28 3
24 28 18
27 33 15
26 33 2
31 32 5
145
{[23, 22, 21, 17, 2]}
{[5, 4, 2, 1, 0]}
34
15 19 3
10 12 13
7 20 18
0 4 23
20 17 3
14 12 6
18 5 27
8 16 2
7 10 22
10 11 14
1 9 8
15 9 12
1 11 5
1 17 14
9 13 5
0 11 21
7 19 17
16 4 13
2 6 24
0 20 16
19 2 4
22 25 15
21 26 8
24 25 3
23 31 18
21 23 30
22 28 32
29 32 6
26 29 30
27 28 31
25 28 33
24 29 33
26 27 33
30 31 32
146
{[23, 22, 21, 17, 2]}
{[6, 3, 2, 1, 0]}
34
15 19 3
10 12 13
7 20 18
0 4 26
20 17 3
14 12 6
18 5 21
8 16 2
7 10 25
10 11 14
1 9 8
15 9 12
1 11 5
1 17 14
9 13 5
0 11 22
7 19 17
16 4 13
2 6 23
0 20 16
19 2 4
22 24 6
21 27 15
24 25 18
21 23 31
23 30 8
28 32 3
22 29 32
26 29 30
27 28 31
25 28 33
24 29 33
26 27 33
30 31 32
147
{[23, 22, 21, 17, 2]}
{[8, 7, 4, 2, 0]}
34
15 19 3
10 12 13
7 20 18
0 4 31
20 17 3
14 12 6
18 5 22
8 16 2
7 10 23
10 11 14
1 9 8
15 9 12
1 11 5
1 17 14
9 13 5
0 11 25
7 19 17
16 4 13
2 6 21
0 20 16
19 2 4
23 24 18
24 25 6
21 27 8
21 22 26
22 30 15
24 28 32
23 29 32
26 29 30
27 28 31
25 28 33
29 33 3
26 27 33
30 31 32
148
{[23, 22, 21, 17, 2]}
{[9, 7, 3, 2, 0]}
34
15 19 3
10 12 13
7 20 18
0 4 21
20 17 3
14 12 6
18 5 30
8 16 2
7 10 25
10 11 14
1 9 8
15 9 12
1 11 5
1 17 14
9 13 5
0 11 22
7 19 17
16 4 13
2 6 24
0 20 16
19 2 4
23 24 3
23 25 15
21 22 27
21 26 18
22 31 8
24 28 32
23 29 32
26 29 30
27 28 31
28 33 6
25 29 33
26 27 33
30 31 32
149
{[23, 22, 21, 17, 2]}
{[6, 3, 2, 1, 0]}
34
15 19 3
10 12 13
7 20 18
0 4 21
20 17 3
14 12 6
18 5 26
8 16 2
7 10 25
10 11 14
1 9 8
15 9 12
1 11 5
1 17 14
9 13 5
0 11 23
7 19 17
16 4 13
2 6 22
0 20 16
19 2 4
22 24 3
21 27 18
24 25 15
21 23 31
23 30 8
28 32 6
22 29 32
26 29 30
27 28 31
25 28 33
24 29 33
26 27 33
30 31 32
150
{[23, 22, 21, 17, 2]}
{[9, 7, 3, 2, 0]}
34
15 19 3
10 12 13
7 20 18
0 4 30
20 17 3
14 12 6
18 5 21
8 16 2
7 10 25
10 11 14
1 9 8
15 9 12
1 11 5
1 17 14
9 13 5
0 11 24
7 19 17
16 4 13
2 6 22
0 20 16
19 2 4
23 24 6
23 25 18
21 22 27
21 26 15
22 31 8
24 28 32
23 29 32
26 29 30
27 28 31
28 33 3
25 29 33
26 27 33
30 31 32
151
{[23, 22, 21, 17, 2]}
{[5, 4, 2, 1, 0]}
34
15 19 3
10 12 13
7 20 18
0 4 27
20 17 3
14 12 6
18 5 23
8 16 2
7 10 22
10 11 14
1 9 8
15 9 12
1 11 5
1 17 14
9 13 5
0 11 24
7 19 17
16 4 13
2 6 21
0 20 16
19 2 4
22 25 18
21 26 8
24 25 6
23 31 15
21 23 30
22 28 32
29 32 3
26 29 30
27 28 31
25 28 33
24 29 33
26 27 33
30 31 32
152
{[23, 22, 21, 17, 2]}
{[8, 7, 4, 2, 0]}
34
15 19 3
10 12 13
7 20 18
0 4 22
20 17 3
14 12 6
18 5 31
8 16 2
7 10 23
10 11 14
1 9 8
15 9 12
1 11 5
1 17 14
9 13 5
0 11 21
7 19 17
16 4 13
2 6 25
0 20 16
19 2 4
23 24 15
24 25 3
21 27 8
21 22 26
22 30 18
24 28 32
23 29 32
26 29 30
27 28 31
25 28 33
29 33 6
26 27 33
30 31 32
153
{[23, 22, 21, 17, 2]}
{[16, 13, 12, 11, 10]}
34
15 19 3
10 12 13
7 20 18
0 4 31
20 17 3
14 12 6
18 5 26
8 16 2
7 10 32
10 11 14
1 9 8
15 9 12
1 11 5
1 17 14
9 13 5
0 11 27
7 19 17
16 4 13
2 6 33
0 20 16
19 2 4
23 24 25
23 26 27
21 22 28
21 27 30
21 26 29
22 25 6
22 24 15
23 29 30
25 28 32
24 28 31
30 33 3
29 33 8
31 32 18
154
{[23, 22, 21, 17, 2]}
{[17, 16, 14, 12, 10]}
34
15 19 3
10 12 13
7 20 18
0 4 33
20 17 3
14 12 6
18 5 27
8 16 2
7 10 31
10 11 14
1 9 8
15 9 12
1 11 5
1 17 14
9 13 5
0 11 30
7 19 17
16 4 13
2 6 32
0 20 16
19 2 4
23 24 25
23 26 27
21 22 28
21 27 30
21 26 29
22 25 31
22 24 6
23 29 30
25 28 33
24 28 15
26 32 8
31 33 18
29 32 3
155
{[23, 22, 21, 17, 2]}
{[16, 13, 12, 11, 10]}
34
15 19 3
10 12 13
7 20 18
0 4 26
20 17 3
14 12 6
18 5 31
8 16 2
7 10 32
10 11 14
1 9 8
15 9 12
1 11 5
1 17 14
9 13 5
0 11 33
7 19 17
16 4 13
2 6 27
0 20 16
19 2 4
23 24 25
23 26 27
21 22 28
21 27 30
21 26 29
22 25 3
22 24 18
23 29 30
25 28 32
24 28 31
30 33 6
29 33 8
31 32 15
156
{[23, 22, 21, 17, 2]}
{[17, 16, 14, 12, 10]}
34
15 19 3
10 12 13
7 20 18
0 4 27
20 17 3
14 12 6
18 5 33
8 16 2
7 10 31
10 11 14
1 9 8
15 9 12
1 11 5
1 17 14
9 13 5
0 11 32
7 19 17
16 4 13
2 6 30
0 20 16
19 2 4
23 24 25
23 26 27
21 22 28
21 27 30
21 26 29
22 25 31
22 24 3
23 29 30
25 28 33
24 28 18
26 32 8
31 33 15
29 32 6
157
{[23, 22, 21, 17, 2]}
{[17, 16, 15, 13, 11]}
34
15 19 3
10 12 13
7 20 18
0 4 29
20 17 3
14 12 6
18 5 31
8 16 2
7 10 33
10 11 14
1 9 8
15 9 12
1 11 5
1 17 14
9 13 5
0 11 32
7 19 17
16 4 13
2 6 26
0 20 16
19 2 4
23 24 25
23 26 27
21 22 28
21 27 30
21 26 29
22 25 18
22 24 31
23 29 30
25 28 3
24 28 33
27 32 6
31 33 15
30 32 8
158
{[23, 22, 21, 17, 2]}
{[17, 16, 15, 13, 11]}
34
15 19 3
10 12 13
7 20 18
0 4 31
20 17 3
14 12 6
18 5 29
8 16 2
7 10 33
10 11 14
1 9 8
15 9 12
1 11 5
1 17 14
9 13 5
0 11 26
7 19 17
16 4 13
2 6 32
0 20 16
19 2 4
23 24 25
23 26 27
21 22 28
21 27 30
21 26 29
22 25 15
22 24 31
23 29 30
25 28 6
24 28 33
27 32 3
31 33 18
30 32 8
159
{[23, 22, 21, 17, 2]}
{[17, 15, 14, 13, 12]}
34
15 19 3
10 12 13
7 20 18
0 4 30
20 17 3
14 12 6
18 5 32
8 16 2
7 10 31
10 11 14
1 9 8
15 9 12
1 11 5
1 17 14
9 13 5
0 11 33
7 19 17
16 4 13
2 6 29
0 20 16
19 2 4
23 24 25
23 26 27
21 22 28
21 27 30
21 26 29
22 25 32
22 24 31
23 29 30
25 28 18
24 28 3
27 33 8
26 33 6
31 32 15
160
{[23, 22, 21, 17, 2]}
{[17, 15, 14, 13, 12]}
34
15 19 3
10 12 13
7 20 18
0 4 32
20 17 3
14 12 6
18 5 30
8 16 2
7 10 31
10 11 14
1 9 8
15 9 12
1 11 5
1 17 14
9 13 5
0 11 29
7 19 17
16 4 13
2 6 33
0 20 16
19 2 4
23 24 25
23 26 27
21 22 28
21 27 30
21 26 29
22 25 32
22 24 31
23 29 30
25 28 15
24 28 6
27 33 8
26 33 3
31 32 18
161
{[23, 22, 20, 7, 2]}
{[5, 4, 2, 1, 0]}
34
14 19 3
9 11 12
6 20 27
0 4 24
20 17 3
13 11 21
7 16 2
6 9 18
9 10 13
1 8 7
14 8 11
1 10 5
1 17 13
8 12 5
0 15 10
14 18 22
6 19 17
16 4 12
7 15 23
0 20 16
19 2 4
22 25 5
21 26 15
24 25 18
23 31 3
21 23 30
22 28 32
29 32 2
26 29 30
27 28 31
25 28 33
24 29 33
26 27 33
30 31 32
162
{[23, 22, 20, 7, 2]}
{[6, 3, 2, 1, 0]}
34
14 19 3
9 11 12
6 20 21
0 4 23
20 17 3
13 11 22
7 16 2
6 9 18
9 10 13
1 8 7
14 8 11
1 10 5
1 17 13
8 12 5
0 15 10
14 18 25
6 19 17
16 4 12
7 15 26
0 20 16
19 2 4
22 24 2
21 27 5
24 25 3
21 23 31
23 30 15
28 32 18
22 29 32
26 29 30
27 28 31
25 28 33
24 29 33
26 27 33
30 31 32
163
{[23, 22, 20, 7, 2]}
{[8, 7, 4, 2, 0]}
34
14 19 3
9 11 12
6 20 22
0 4 21
20 17 3
13 11 25
7 16 2
6 9 18
9 10 13
1 8 7
14 8 11
1 10 5
1 17 13
8 12 5
0 15 10
14 18 23
6 19 17
16 4 12
7 15 31
0 20 16
19 2 4
23 24 3
24 25 2
21 27 15
21 22 26
22 30 5
24 28 32
23 29 32
26 29 30
27 28 31
25 28 33
29 33 18
26 27 33
30 31 32
164
{[23, 22, 20, 7, 2]}
{[9, 7, 3, 2, 0]}
34
14 19 3
9 11 12
6 20 30
0 4 24
20 17 3
13 11 22
7 16 2
6 9 18
9 10 13
1 8 7
14 8 11
1 10 5
1 17 13
8 12 5
0 15 10
14 18 25
6 19 17
16 4 12
7 15 21
0 20 16
19 2 4
23 24 18
23 25 5
21 22 27
21 26 3
22 31 15
24 28 32
23 29 32
26 29 30
27 28 31
28 33 2
25 29 33
26 27 33
30 31 32
165
{[23, 22, 20, 7, 2]}
{[6, 3, 2, 1, 0]}
34
14 19 3
9 11 12
6 20 26
0 4 22
20 17 3
13 11 23
7 16 2
6 9 18
9 10 13
1 8 7
14 8 11
1 10 5
1 17 13
8 12 5
0 15 10
14 18 25
6 19 17
16 4 12
7 15 21
0 20 16
19 2 4
22 24 18
21 27 3
24 25 5
21 23 31
23 30 15
28 32 2
22 29 32
26 29 30
27 28 31
25 28 33
24 29 33
26 27 33
30 31 32
166
{[23, 22, 20, 7, 2]}
{[9, 7, 3, 2, 0]}
34
14 19 3
9 11 12
6 20 21
0 4 22
20 17 3
13 11 24
7 16 2
6 9 18
9 10 13
1 8 7
14 8 11
1 10 5
1 17 13
8 12 5
0 15 10
14 18 25
6 19 17
16 4 12
7 15 30
0 20 16
19 2 4
23 24 2
23 25 3
21 22 27
21 26 5
22 31 15
24 28 32
23 29 32
26 29 30
27 28 31
28 33 18
25 29 33
26 27 33
30 31 32
167
{[23, 22, 20, 7, 2]}
{[5, 4, 2, 1, 0]}
34
14 19 3
9 11 12
6 20 23
0 4 21
20 17 3
13 11 24
7 16 2
6 9 18
9 10 13
1 8 7
14 8 11
1 10 5
1 17 13
8 12 5
0 15 10
14 18 22
6 19 17
16 4 12
7 15 27
0 20 16
19 2 4
22 25 3
21 26 15
24 25 2
23 31 5
21 23 30
22 28 32
29 32 18
26 29 30
27 28 31
25 28 33
24 29 33
26 27 33
30 31 32
168
{[23, 22, 20, 7, 2]}
{[8, 7, 4, 2, 0]}
34
14 19 3
9 11 12
6 20 31
0 4 25
20 17 3
13 11 21
7 16 2
6 9 18
9 10 13
1 8 7
14 8 11
1 10 5
1 17 13
8 12 5
0 15 10
14 18 23
6 19 17
16 4 12
7 15 22
0 20 16
19 2 4
23 24 5
24 25 18
21 27 15
21 22 26
22 30 3
24 28 32
23 29 32
26 29 30
27 28 31
25 28 33
29 33 2
26 27 33
30 31 32
169
{[23, 22, 20, 7, 2]}
{[16, 13, 12, 11, 10]}
34
14 19 3
9 11 12
6 20 26
0 4 33
20 17 3
13 11 27
7 16 2
6 9 18
9 10 13
1 8 7
14 8 11
1 10 5
1 17 13
8 12 5
0 15 10
14 18 32
6 19 17
16 4 12
7 15 31
0 20 16
19 2 4
23 24 25
23 26 27
21 22 28
21 27 30
21 26 29
22 25 2
22 24 5
23 29 30
25 28 32
24 28 31
30 33 18
29 33 15
31 32 3
170
{[23, 22, 20, 7, 2]}
{[17, 16, 14, 12, 10]}
34
14 19 3
9 11 12
6 20 27
0 4 32
20 17 3
13 11 30
7 16 2
6 9 18
9 10 13
1 8 7
14 8 11
1 10 5
1 17 13
8 12 5
0 15 10
14 18 31
6 19 17
16 4 12
7 15 33
0 20 16
19 2 4
23 24 25
23 26 27
21 22 28
21 27 30
21 26 29
22 25 31
22 24 2
23 29 30
25 28 33
24 28 5
26 32 15
31 33 3
29 32 18
171
{[23, 22, 20, 7, 2]}
{[16, 13, 12, 11, 10]}
34
14 19 3
9 11 12
6 20 31
0 4 27
20 17 3
13 11 33
7 16 2
6 9 18
9 10 13
1 8 7
14 8 11
1 10 5
1 17 13
8 12 5
0 15 10
14 18 32
6 19 17
16 4 12
7 15 26
0 20 16
19 2 4
23 24 25
23 26 27
21 22 28
21 27 30
21 26 29
22 25 18
22 24 3
23 29 30
25 28 32
24 28 31
30 33 2
29 33 15
31 32 5
172
{[23, 22, 20, 7, 2]}
{[17, 16, 14, 12, 10]}
34
14 19 3
9 11 12
6 20 33
0 4 30
20 17 3
13 11 32
7 16 2
6 9 18
9 10 13
1 8 7
14 8 11
1 10 5
1 17 13
8 12 5
0 15 10
14 18 31
6 19 17
16 4 12
7 15 27
0 20 16
19 2 4
23 24 25
23 26 27
21 22 28
21 27 30
21 26 29
22 25 31
22 24 18
23 29 30
25 28 33
24 28 3
26 32 15
31 33 5
29 32 2
173
{[23, 22, 20, 7, 2]}
{[17, 16, 15, 13, 11]}
34
14 19 3
9 11 12
6 20 31
0 4 26
20 17 3
13 11 32
7 16 2
6 9 18
9 10 13
1 8 7
14 8 11
1 10 5
1 17 13
8 12 5
0 15 10
14 18 33
6 19 17
16 4 12
7 15 29
0 20 16
19 2 4
23 24 25
23 26 27
21 22 28
21 27 30
21 26 29
22 25 3
22 24 31
23 29 30
25 28 18
24 28 33
27 32 2
31 33 5
30 32 15
174
{[23, 22, 20, 7, 2]}
{[17, 16, 15, 13, 11]}
34
14 19 3
9 11 12
6 20 29
0 4 32
20 17 3
13 11 26
7 16 2
6 9 18
9 10 13
1 8 7
14 8 11
1 10 5
1 17 13
8 12 5
0 15 10
14 18 33
6 19 17
16 4 12
7 15 31
0 20 16
19 2 4
23 24 25
23 26 27
21 22 28
21 27 30
21 26 29
22 25 5
22 24 31
23 29 30
25 28 2
24 28 33
27 32 18
31 33 3
30 32 15
175
{[23, 22, 20, 7, 2]}
{[17, 15, 14, 13, 12]}
34
14 19 3
9 11 12
6 20 32
0 4 29
20 17 3
13 11 33
7 16 2
6 9 18
9 10 13
1 8 7
14 8 11
1 10 5
1 17 13
8 12 5
0 15 10
14 18 31
6 19 17
16 4 12
7 15 30
0 20 16
19 2 4
23 24 25
23 26 27
21 22 28
21 27 30
21 26 29
22 25 32
22 24 31
23 29 30
25 28 3
24 28 18
27 33 15
26 33 2
31 32 5
176
{[23, 22, 20, 7, 2]}
{[17, 15, 14, 13, 12]}
34
14 19 3
9 11 12
6 20 30
0 4 33
20 17 3
13 11 29
7 16 2
6 9 18
9 10 13
1 8 7
14 8 11
1 10 5
1 17 13
8 12 5
0 15 10
14 18 31
6 19 17
16 4 12
7 15 32
0 20 16
19 2 4
23 24 25
23 26 27
21 22 28
21 27 30
21 26 29
22 25 32
22 24 31
23 29 30
25 28 5
24 28 2
27 33 15
26 33 18
31 32 3
177
{[23, 22, 21, 17, 2]}
{[5, 4, 2, 1, 0]}
34
15 19 3
10 12 13
7 20 18
0 4 27
20 17 3
14 12 6
18 5 23
8 16 2
7 10 22
10 11 14
1 9 8
15 9 12
1 11 5
1 17 14
9 13 5
0 11 24
7 19 17
16 4 13
2 6 21
0 20 16
19 2 4
22 25 18
21 26 8
24 25 6
23 31 15
21 23 30
22 28 32
29 32 3
26 29 30
27 28 31
25 28 33
24 29 33
26 27 33
30 31 32
178
{[23, 22, 21, 17, 2]}
{[6, 3, 2, 1, 0]}
34
15 19 3
10 12 13
7 20 18
0 4 21
20 17 3
14 12 6
18 5 26
8 16 2
7 10 25
10 11 14
1 9 8
15 9 12
1 11 5
1 17 14
9 13 5
0 11 23
7 19 17
16 4 13
2 6 22
0 20 16
19 2 4
22 24 3
21 27 18
24 25 15
21 23 31
23 30 8
28 32 6
22 29 32
26 29 30
27 28 31
25 28 33
24 29 33
26 27 33
30 31 32
179
{[23, 22, 21, 17, 2]}
{[8, 7, 4, 2, 0]}
34
15 19 3
10 12 13
7 20 18
0 4 22
20 17 3
14 12 6
18 5 31
8 16 2
7 10 23
10 11 14
1 9 8
15 9 12
1 11 5
1 17 14
9 13 5
0 11 21
7 19 17
16 4 13
2 6 25
0 20 16
19 2 4
23 24 15
24 25 3
21 27 8
21 22 26
22 30 18
24 28 32
23 29 32
26 29 30
27 28 31
25 28 33
29 33 6
26 27 33
30 31 32
180
{[23, 22, 21, 17, 2]}
{[9, 7, 3, 2, 0]}
34
15 19 3
10 12 13
7 20 18
0 4 30
20 17 3
14 12 6
18 5 21
8 16 2
7 10 25
10 11 14
1 9 8
15 9 12
1 11 5
1 17 14
9 13 5
0 11 24
7 19 17
16 4 13
2 6 22
0 20 16
19 2 4
23 24 6
23 25 18
21 22 27
21 26 15
22 31 8
24 28 32
23 29 32
26 29 30
27 28 31
28 33 3
25 29 33
26 27 33
30 31 32
181
{[23, 22, 21, 17, 2]}
{[6, 3, 2, 1, 0]}
34
15 19 3
10 12 13
7 20 18
0 4 26
20 17 3
14 12 6
18 5 21
8 16 2
7 10 25
10 11 14
1 9 8
15 9 12
1 11 5
1 17 14
9 13 5
0 11 22
7 19 17
16 4 13
2 6 23
0 20 16
19 2 4
22 24 6
21 27 15
24 25 18
21 23 31
23 30 8
28 32 3
22 29 32
26 29 30
27 28 31
25 28 33
24 29 33
26 27 33
30 31 32
182
{[23, 22, 21, 17, 2]}
{[9, 7, 3, 2, 0]}
34
15 19 3
10 12 13
7 20 18
0 4 21
20 17 3
14 12 6
18 5 30
8 16 2
7 10 25
10 11 14
1 9 8
15 9 12
1 11 5
1 17 14
9 13 5
0 11 22
7 19 17
16 4 13
2 6 24
0 20 16
19 2 4
23 24 3
23 25 15
21 22 27
21 26 18
22 31 8
24 28 32
23 29 32
26 29 30
27 28 31
28 33 6
25 29 33
26 27 33
30 31 32
183
{[23, 22, 21, 17, 2]}
{[5, 4, 2, 1, 0]}
34
15 19 3
10 12 13
7 20 18
0 4 23
20 17 3
14 12 6
18 5 27
8 16 2
7 10 22
10 11 14
1 9 8
15 9 12
1 11 5
1 17 14
9 13 5
0 11 21
7 19 17
16 4 13
2 6 24
0 20 16
19 2 4
22 25 15
21 26 8
24 25 3
23 31 18
21 23 30
22 28 32
29 32 6
26 29 30
27 28 31
25 28 33
24 29 33
26 27 33
30 31 32
184
{[23, 22, 21, 17, 2]}
{[8, 7, 4, 2, 0]}
34
15 19 3
10 12 13
7 20 18
0 4 31
20 17 3
14 12 6
18 5 22
8 16 2
7 10 23
10 11 14
1 9 8
15 9 12
1 11 5
1 17 14
9 13 5
0 11 25
7 19 17
16 4 13
2 6 21
0 20 16
19 2 4
23 24 18
24 25 6
21 27 8
21 22 26
22 30 15
24 28 32
23 29 32
26 29 30
27 28 31
25 28 33
29 33 3
26 27 33
30 31 32
185
{[23, 22, 21, 17, 2]}
{[16, 13, 12, 11, 10]}
34
15 19 3
10 12 13
7 20 18
0 4 26
20 17 3
14 12 6
18 5 31
8 16 2
7 10 32
10 11 14
1 9 8
15 9 12
1 11 5
1 17 14
9 13 5
0 11 33
7 19 17
16 4 13
2 6 27
0 20 16
19 2 4
23 24 25
23 26 27
21 22 28
21 27 30
21 26 29
22 25 3
22 24 18
23 29 30
25 28 32
24 28 31
30 33 6
29 33 8
31 32 15
186
{[23, 22, 21, 17, 2]}
{[17, 16, 14, 12, 10]}
34
15 19 3
10 12 13
7 20 18
0 4 27
20 17 3
14 12 6
18 5 33
8 16 2
7 10 31
10 11 14
1 9 8
15 9 12
1 11 5
1 17 14
9 13 5
0 11 32
7 19 17
16 4 13
2 6 30
0 20 16
19 2 4
23 24 25
23 26 27
21 22 28
21 27 30
21 26 29
22 25 31
22 24 3
23 29 30
25 28 33
24 28 18
26 32 8
31 33 15
29 32 6
187
{[23, 22, 21, 17, 2]}
{[16, 13, 12, 11, 10]}
34
15 19 3
10 12 13
7 20 18
0 4 31
20 17 3
14 12 6
18 5 26
8 16 2
7 10 32
10 11 14
1 9 8
15 9 12
1 11 5
1 17 14
9 13 5
0 11 27
7 19 17
16 4 13
2 6 33
0 20 16
19 2 4
23 24 25
23 26 27
21 22 28
21 27 30
21 26 29
22 25 6
22 24 15
23 29 30
25 28 32
24 28 31
30 33 3
29 33 8
31 32 18
188
{[23, 22, 21, 17, 2]}
{[17, 16, 14, 12, 10]}
34
15 19 3
10 12 13
7 20 18
0 4 33
20 17 3
14 12 6
18 5 27
8 16 2
7 10 31
10 11 14
1 9 8
15 9 12
1 11 5
1 17 14
9 13 5
0 11 30
7 19 17
16 4 13
2 6 32
0 20 16
19 2 4
23 24 25
23 26 27
21 22 28
21 27 30
21 26 29
22 25 31
22 24 6
23 29 30
25 28 33
24 28 15
26 32 8
31 33 18
29 32 3
189
{[23, 22, 21, 17, 2]}
{[17, 16, 15, 13, 11]}
34
15 19 3
10 12 13
7 20 18
0 4 31
20 17 3
14 12 6
18 5 29
8 16 2
7 10 33
10 11 14
1 9 8
15 9 12
1 11 5
1 17 14
9 13 5
0 11 26
7 19 17
16 4 13
2 6 32
0 20 16
19 2 4
23 24 25
23 26 27
21 22 28
21 27 30
21 26 29
22 25 15
22 24 31
23 29 30
25 28 6
24 28 33
27 32 3
31 33 18
30 32 8
190
{[23, 22, 21, 17, 2]}
{[17, 16, 15, 13, 11]}
34
15 19 3
10 12 13
7 20 18
0 4 29
20 17 3
14 12 6
18 5 31
8 16 2
7 10 33
10 11 14
1 9 8
15 9 12
1 11 5
1 17 14
9 13 5
0 11 32
7 19 17
16 4 13
2 6 26
0 20 16
19 2 4
23 24 25
23 26 27
21 22 28
21 27 30
21 26 29
22 25 18
22 24 31
23 29 30
25 28 3
24 28 33
27 32 6
31 33 15
30 32 8
191
{[23, 22, 21, 17, 2]}
{[17, 15, 14, 13, 12]}
34
15 19 3
10 12 13
7 20 18
0 4 32
20 17 3
14 12 6
18 5 30
8 16 2
7 10 31
10 11 14
1 9 8
15 9 12
1 11 5
1 17 14
9 13 5
0 11 29
7 19 17
16 4 13
2 6 33
0 20 16
19 2 4
23 24 25
23 26 27
21 22 28
21 27 30
21 26 29
22 25 32
22 24 31
23 29 30
25 28 15
24 28 6
27 33 8
26 33 3
31 32 18
192
{[23, 22, 21, 17, 2]}
{[17, 15, 14, 13, 12]}
34
15 19 3
10 12 13
7 20 18
0 4 30
20 17 3
14 12 6
18 5 32
8 16 2
7 10 31
10 11 14
1 9 8
15 9 12
1 11 5
1 17 14
9 13 5
0 11 33
7 19 17
16 4 13
2 6 29
0 20 16
19 2 4
23 24 25
23 26 27
21 22 28
21 27 30
21 26 29
22 25 32
22 24 31
23 29 30
25 28 18
24 28 3
27 33 8
26 33 6
31 32 15
193
{[25, 24, 18, 8, 3]}
{[5, 4, 2, 1, 0]}
34
14 3 24
9 11 12
15 19 6
0 4 19
16 3 23
13 11 6
2 17 5
9 18 21
9 10 13
1 8 7
14 8 11
1 10 5
1 16 13
8 12 5
0 15 10
14 2 18
4 12 22
20 6 27
7 20 15
2 3 20
17 18 19
22 25 7
21 26 16
24 25 4
23 31 0
21 23 30
22 28 32
29 32 17
26 29 30
27 28 31
25 28 33
24 29 33
26 27 33
30 31 32
194
{[25, 24, 18, 8, 3]}
{[6, 3, 2, 1, 0]}
34
14 3 23
9 11 12
15 19 6
0 4 19
16 3 26
13 11 6
2 17 5
9 18 22
9 10 13
1 8 7
14 8 11
1 10 5
1 16 13
8 12 5
0 15 10
14 2 18
4 12 25
20 6 21
7 20 15
2 3 20
17 18 19
22 24 17
21 27 7
24 25 0
21 23 31
23 30 16
28 32 4
22 29 32
26 29 30
27 28 31
25 28 33
24 29 33
26 27 33
30 31 32
195
{[25, 24, 18, 8, 3]}
{[8, 7, 4, 2, 0]}
34
14 3 21
9 11 12
15 19 6
0 4 19
16 3 31
13 11 6
2 17 5
9 18 25
9 10 13
1 8 7
14 8 11
1 10 5
1 16 13
8 12 5
0 15 10
14 2 18
4 12 23
20 6 22
7 20 15
2 3 20
17 18 19
23 24 0
24 25 17
21 27 16
21 22 26
22 30 7
24 28 32
23 29 32
26 29 30
27 28 31
25 28 33
29 33 4
26 27 33
30 31 32
196
{[25, 24, 18, 8, 3]}
{[9, 7, 3, 2, 0]}
34
14 3 24
9 11 12
15 19 6
0 4 19
16 3 21
13 11 6
2 17 5
9 18 22
9 10 13
1 8 7
14 8 11
1 10 5
1 16 13
8 12 5
0 15 10
14 2 18
4 12 25
20 6 30
7 20 15
2 3 20
17 18 19
23 24 4
23 25 7
21 22 27
21 26 0
22 31 16
24 28 32
23 29 32
26 29 30
27 28 31
28 33 17
25 29 33
26 27 33
30 31 32
197
{[25, 24, 18, 8, 3]}
{[6, 3, 2, 1, 0]}
34
14 3 22
9 11 12
15 19 6
0 4 19
16 3 21
13 11 6
2 17 5
9 18 23
9 10 13
1 8 7
14 8 11
1 10 5
1 16 13
8 12 5
0 15 10
14 2 18
4 12 25
20 6 26
7 20 15
2 3 20
17 18 19
22 24 4
21 27 0
24 25 7
21 23 31
23 30 16
28 32 17
22 29 32
26 29 30
27 28 31
25 28 33
24 29 33
26 27 33
30 31 32
198
{[25, 24, 18, 8, 3]}
{[9, 7, 3, 2, 0]}
34
14 3 22
9 11 12
15 19 6
0 4 19
16 3 30
13 11 6
2 17 5
9 18 24
9 10 13
1 8 7
14 8 11
1 10 5
1 16 13
8 12 5
0 15 10
14 2 18
4 12 25
20 6 21
7 20 15
2 3 20
17 18 19
23 24 17
23 25 0
21 22 27
21 26 7
22 31 16
24 28 32
23 29 32
26 29 30
27 28 31
28 33 4
25 29 33
26 27 33
30 31 32
199
{[25, 24, 18, 8, 3]}
{[5, 4, 2, 1, 0]}
34
14 3 21
9 11 12
15 19 6
0 4 19
16 3 27
13 11 6
2 17 5
9 18 24
9 10 13
1 8 7
14 8 11
1 10 5
1 16 13
8 12 5
0 15 10
14 2 18
4 12 22
20 6 23
7 20 15
2 3 20
17 18 19
22 25 0
21 26 16
24 25 17
23 31 7
21 23 30
22 28 32
29 32 4
26 29 30
27 28 31
25 28 33
24 29 33
26 27 33
30 31 32
200
{[25, 24, 18, 8, 3]}
{[8, 7, 4, 2, 0]}
34
14 3 25
9 11 12
15 19 6
0 4 19
16 3 22
13 11 6
2 17 5
9 18 21
9 10 13
1 8 7
14 8 11
1 10 5
1 16 13
8 12 5
0 15 10
14 2 18
4 12 23
20 6 31
7 20 15
2 3 20
17 18 19
23 24 7
24 25 4
21 27 16
21 22 26
22 30 0
24 28 32
23 29 32
26 29 30
27 28 31
25 28 33
29 33 17
26 27 33
30 31 32
201
{[25, 24, 18, 8, 3]}
{[16, 13, 12, 11, 10]}
34
14 3 33
9 11 12
15 19 6
0 4 19
16 3 31
13 11 6
2 17 5
9 18 27
9 10 13
1 8 7
14 8 11
1 10 5
1 16 13
8 12 5
0 15 10
14 2 18
4 12 32
20 6 26
7 20 15
2 3 20
17 18 19
23 24 25
23 26 27
21 22 28
21 27 30
21 26 29
22 25 17
22 24 7
23 29 30
25 28 32
24 28 31
30 33 4
29 33 16
31 32 0
202
{[25, 24, 18, 8, 3]}
{[17, 16, 14, 12, 10]}
34
14 3 32
9 11 12
15 19 6
0 4 19
16 3 33
13 11 6
2 17 5
9 18 30
9 10 13
1 8 7
14 8 11
1 10 5
1 16 13
8 12 5
0 15 10
14 2 18
4 12 31
20 6 27
7 20 15
2 3 20
17 18 19
23 24 25
23 26 27
21 22 28
21 27 30
21 26 29
22 25 31
22 24 17
23 29 30
25 28 33
24 28 7
26 32 16
31 33 0
29 32 4
203
{[25, 24, 18, 8, 3]}
{[16, 13, 12, 11, 10]}
34
14 3 27
9 11 12
15 19 6
0 4 19
16 3 26
13 11 6
2 17 5
9 18 33
9 10 13
1 8 7
14 8 11
1 10 5
1 16 13
8 12 5
0 15 10
14 2 18
4 12 32
20 6 31
7 20 15
2 3 20
17 18 19
23 24 25
23 26 27
21 22 28
21 27 30
21 26 29
22 25 4
22 24 0
23 29 30
25 28 32
24 28 31
30 33 17
29 33 16
31 32 7
204
{[25, 24, 18, 8, 3]}
{[17, 16, 14, 12, 10]}
34
14 3 30
9 11 12
15 19 6
0 4 19
16 3 27
13 11 6
2 17 5
9 18 32
9 10 13
1 8 7
14 8 11
1 10 5
1 16 13
8 12 5
0 15 10
14 2 18
4 12 31
20 6 33
7 20 15
2 3 20
17 18 19
23 24 25
23 26 27
21 22 28
21 27 30
21 26 29
22 25 31
22 24 4
23 29 30
25 28 33
24 28 0
26 32 16
31 33 7
29 32 17
205
{[25, 24, 18, 8, 3]}
{[17, 16, 15, 13, 11]}
34
14 3 26
9 11 12
15 19 6
0 4 19
16 3 29
13 11 6
2 17 5
9 18 32
9 10 13
1 8 7
14 8 11
1 10 5
1 16 13
8 12 5
0 15 10
14 2 18
4 12 33
20 6 31
7 20 15
2 3 20
17 18 19
23 24 25
23 26 27
21 22 28
21 27 30
21 26 29
22 25 0
22 24 31
23 29 30
25 28 4
24 28 33
27 32 17
31 33 7
30 32 16
206
{[25, 24, 18, 8, 3]}
{[17, 16, 15, 13, 11]}
34
14 3 32
9 11 12
15 19 6
0 4 19
16 3 31
13 11 6
2 17 5
9 18 26
9 10 13
1 8 7
14 8 11
1 10 5
1 16 13
8 12 5
0 15 10
14 2 18
4 12 33
20 6 29
7 20 15
2 3 20
17 18 19
23 24 25
23 26 27
21 22 28
21 27 30
21 26 29
22 25 7
22 24 31
23 29 30
25 28 17
24 28 33
27 32 4
31 33 0
30 32 16
207
{[25, 24, 18, 8, 3]}
{[17, 15, 14, 13, 12]}
34
14 3 29
9 11 12
15 19 6
0 4 19
16 3 30
13 11 6
2 17 5
9 18 33
9 10 13
1 8 7
14 8 11
1 10 5
1 16 13
8 12 5
0 15 10
14 2 18
4 12 31
20 6 32
7 20 15
2 3 20
17 18 19
23 24 25
23 26 27
21 22 28
21 27 30
21 26 29
22 25 32
22 24 31
23 29 30
25 28 0
24 28 4
27 33 16
26 33 17
31 32 7
208
{[25, 24, 18, 8, 3]}
{[17, 15, 14, 13, 12]}
34
14 3 33
9 11 12
15 19 6
0 4 19
16 3 32
13 11 6
2 17 5
9 18 29
9 10 13
1 8 7
14 8 11
1 10 5
1 16 13
8 12 5
0 15 10
14 2 18
4 12 31
20 6 30
7 20 15
2 3 20
17 18 19
23 24 25
23 26 27
21 22 28
21 27 30
21 26 29
22 25 32
22 24 31
23 29 30
25 28 7
24 28 17
27 33 16
26 33 4
31 32 0
209
{[25, 24, 18, 8, 3]}
{[5, 4, 2, 1, 0]}
34
14 3 21
9 11 12
15 19 6
0 4 19
16 3 27
13 11 6
2 17 5
9 18 24
9 10 13
1 8 7
14 8 11
1 10 5
1 16 13
8 12 5
0 15 10
14 2 18
4 12 22
20 6 23
7 20 15
2 3 20
17 18 19
22 25 0
21 26 16
24 25 17
23 31 7
21 23 30
22 28 32
29 32 4
26 29 30
27 28 31
25 28 33
24 29 33
26 27 33
30 31 32
210
{[25, 24, 18, 8, 3]}
{[6, 3, 2, 1, 0]}
34
14 3 22
9 11 12
15 19 6
0 4 19
16 3 21
13 11 6
2 17 5
9 18 23
9 10 13
1 8 7
14 8 11
1 10 5
1 16 13
8 12 5
0 15 10
14 2 18
4 12 25
20 6 26
7 20 15
2 3 20
17 18 19
22 24 4
21 27 0
24 25 7
21 23 31
23 30 16
28 32 17
22 29 32
26 29 30
27 28 31
25 28 33
24 29 33
26 27 33
30 31 32
211
{[25, 24, 18, 8, 3]}
{[8, 7, 4, 2, 0]}
34
14 3 25
9 11 12
15 19 6
0 4 19
16 3 22
13 11 6
2 17 5
9 18 21
9 10 13
1 8 7
14 8 11
1 10 5
1 16 13
8 12 5
0 15 10
14 2 18
4 12 23
20 6 31
7 20 15
2 3 20
17 18 19
23 24 7
24 25 4
21 27 16
21 22 26
22 30 0
24 28 32
23 29 32
26 29 30
27 28 31
25 28 33
29 33 17
26 27 33
30 31 32
212
{[25, 24, 18, 8, 3]}
{[9, 7, 3, 2, 0]}
34
14 3 22
9 11 12
15 19 6
0 4 19
16 3 30
13 11 6
2 17 5
9 18 24
9 10 13
1 8 7
14 8 11
1 10 5
1 16 13
8 12 5
0 15 10
14 2 18
4 12 25
20 6 21
7 20 15
2 3 20
17 18 19
23 24 17
23 25 0
21 22 27
21 26 7
22 31 16
24 28 32
23 29 32
26 29 30
27 28 31
28 33 4
25 29 33
26 27 33
30 31 32
213
{[25, 24, 18, 8, 3]}
{[6, 3, 2, 1, 0]}
34
14 3 23
9 11 12
15 19 6
0 4 19
16 3 26
13 11 6
2 17 5
9 18 22
9 10 13
1 8 7
14 8 11
1 10 5
1 16 13
8 12 5
0 15 10
14 2 18
4 12 25
20 6 21
7 20 15
2 3 20
17 18 19
22 24 17
21 27 7
24 25 0
21 23 31
23 30 16
28 32 4
22 29 32
26 29 30
27 28 31
25 28 33
24 29 33
26 27 33
30 31 32
214
{[25, 24, 18, 8, 3]}
{[9, 7, 3, 2, 0]}
34
14 3 24
9 11 12
15 19 6
0 4 19
16 3 21
13 11 6
2 17 5
9 18 22
9 10 13
1 8 7
14 8 11
1 10 5
1 16 13
8 12 5
0 15 10
14 2 18
4 12 25
20 6 30
7 20 15
2 3 20
17 18 19
23 24 4
23 25 7
21 22 27
21 26 0
22 31 16
24 28 32
23 29 32
26 29 30
27 28 31
28 33 17
25 29 33
26 27 33
30 31 32
215
{[25, 24, 18, 8, 3]}
{[5, 4, 2, 1, 0]}
34
14 3 24
9 11 12
15 19 6
0 4 19
16 3 23
13 11 6
2 17 5
9 18 21
9 10 13
1 8 7
14 8 11
1 10 5
1 16 13
8 12 5
0 15 10
14 2 18
4 12 22
20 6 27
7 20 15
2 3 20
17 18 19
22 25 7
21 26 16
24 25 4
23 31 0
21 23 30
22 28 32
29 32 17
26 29 30
27 28 31
25 28 33
24 29 33
26 27 33
30 31 32
216
{[25, 24, 18, 8, 3]}
{[8, 7, 4, 2, 0]}
34
14 3 21
9 11 12
15 19 6
0 4 19
16 3 31
13 11 6
2 17 5
9 18 25
9 10 13
1 8 7
14 8 11
1 10 5
1 16 13
8 12 5
0 15 10
14 2 18
4 12 23
20 6 22
7 20 15
2 3 20
17 18 19
23 24 0
24 25 17
21 27 16
21 22 26
22 30 7
24 28 32
23 29 32
26 29 30
27 28 31
25 28 33
29 33 4
26 27 33
30 31 32
217
{[25, 24, 18, 8, 3]}
{[16, 13, 12, 11, 10]}
34
14 3 27
9 11 12
15 19 6
0 4 19
16 3 26
13 11 6
2 17 5
9 18 33
9 10 13
1 8 7
14 8 11
1 10 5
1 16 13
8 12 5
0 15 10
14 2 18
4 12 32
20 6 31
7 20 15
2 3 20
17 18 19
23 24 25
23 26 27
21 22 28
21 27 30
21 26 29
22 25 4
22 24 0
23 29 30
25 28 32
24 28 31
30 33 17
29 33 16
31 32 7
218
{[25, 24, 18, 8, 3]}
{[17, 16, 14, 12, 10]}
34
14 3 30
9 11 12
15 19 6
0 4 19
16 3 27
13 11 6
2 17 5
9 18 32
9 10 13
1 8 7
14 8 11
1 10 5
1 16 13
8 12 5
0 15 10
14 2 18
4 12 31
20 6 33
7 20 15
2 3 20
17 18 19
23 24 25
23 26 27
21 22 28
21 27 30
21 26 29
22 25 31
22 24 4
23 29 30
25 28 33
24 28 0
26 32 16
31 33 7
29 32 17
219
{[25, 24, 18, 8, 3]}
{[16, 13, 12, 11, 10]}
34
14 3 33
9 11 12
15 19 6
0 4 19
16 3 31
13 11 6
2 17 5
9 18 27
9 10 13
1 8 7
14 8 11
1 10 5
1 16 13
8 12 5
0 15 10
14 2 18
4 12 32
20 6 26
7 20 15
2 3 20
17 18 19
23 24 25
23 26 27
21 22 28
21 27 30
21 26 29
22 25 17
22 24 7
23 29 30
25 28 32
24 28 31
30 33 4
29 33 16
31 32 0
220
{[25, 24, 18, 8, 3]}
{[17, 16, 14, 12, 10]}
34
14 3 32
9 11 12
15 19 6
0 4 19
16 3 33
13 11 6
2 17 5
9 18 30
9 10 13
1 8 7
14 8 11
1 10 5
1 16 13
8 12 5
0 15 10
14 2 18
4 12 31
20 6 27
7 20 15
2 3 20
17 18 19
23 24 25
23 26 27
21 22 28
21 27 30
21 26 29
22 25 31
22 24 17
23 29 30
25 28 33
24 28 7
26 32 16
31 33 0
29 32 4
221
{[25, 24, 18, 8, 3]}
{[17, 16, 15, 13, 11]}
34
14 3 32
9 11 12
15 19 6
0 4 19
16 3 31
13 11 6
2 17 5
9 18 26
9 10 13
1 8 7
14 8 11
1 10 5
1 16 13
8 12 5
0 15 10
14 2 18
4 12 33
20 6 29
7 20 15
2 3 20
17 18 19
23 24 25
23 26 27
21 22 28
21 27 30
21 26 29
22 25 7
22 24 31
23 29 30
25 28 17
24 28 33
27 32 4
31 33 0
30 32 16
222
{[25, 24, 18, 8, 3]}
{[17, 16, 15, 13, 11]}
34
14 3 26
9 11 12
15 19 6
0 4 19
16 3 29
13 11 6
2 17 5
9 18 32
9 10 13
1 8 7
14 8 11
1 10 5
1 16 13
8 12 5
0 15 10
14 2 18
4 12 33
20 6 31
7 20 15
2 3 20
17 18 19
23 24 25
23 26 27
21 22 28
21 27 30
21 26 29
22 25 0
22 24 31
23 29 30
25 28 4
24 28 33
27 32 17
31 33 7
30 32 16
223
{[25, 24, 18, 8, 3]}
{[17, 15, 14, 13, 12]}
34
14 3 33
9 11 12
15 19 6
0 4 19
16 3 32
13 11 6
2 17 5
9 18 29
9 10 13
1 8 7
14 8 11
1 10 5
1 16 13
8 12 5
0 15 10
14 2 18
4 12 31
20 6 30
7 20 15
2 3 20
17 18 19
23 24 25
23 26 27
21 22 28
21 27 30
21 26 29
22 25 32
22 24 31
23 29 30
25 28 7
24 28 17
27 33 16
26 33 4
31 32 0
224
{[25, 24, 18, 8, 3]}
{[17, 15, 14, 13, 12]}
34
14 3 29
9 11 12
15 19 6
0 4 19
16 3 30
13 11 6
2 17 5
9 18 33
9 10 13
1 8 7
14 8 11
1 10 5
1 16 13
8 12 5
0 15 10
14 2 18
4 12 31
20 6 32
7 20 15
2 3 20
17 18 19
23 24 25
23 26 27
21 22 28
21 27 30
21 26 29
22 25 32
22 24 31
23 29 30
25 28 0
24 28 4
27 33 16
26 33 17
31 32 7
225
{[25, 24, 19, 18, 5]}
{[5, 4, 2, 1, 0]}
34
15 4 27
10 12 13
16 19 6
7 17 21
0 19 22
14 12 6
2 17 5
8 3 23
7 10 18
10 11 14
1 9 8
15 9 12
1 11 5
1 14 24
9 13 5
0 16 11
15 2 18
20 3 6
8 20 16
2 4 20
17 18 19
22 25 3
21 26 4
24 25 7
23 31 13
21 23 30
22 28 32
29 32 0
26 29 30
27 28 31
25 28 33
24 29 33
26 27 33
30 31 32
226
{[25, 24, 19, 18, 5]}
{[6, 3, 2, 1, 0]}
34
15 4 21
10 12 13
16 19 6
7 17 22
0 19 25
14 12 6
2 17 5
8 3 26
7 10 18
10 11 14
1 9 8
15 9 12
1 11 5
1 14 23
9 13 5
0 16 11
15 2 18
20 3 6
8 20 16
2 4 20
17 18 19
22 24 0
21 27 3
24 25 13
21 23 31
23 30 4
28 32 7
22 29 32
26 29 30
27 28 31
25 28 33
24 29 33
26 27 33
30 31 32
227
{[25, 24, 19, 18, 5]}
{[8, 7, 4, 2, 0]}
34
15 4 22
10 12 13
16 19 6
7 17 25
0 19 23
14 12 6
2 17 5
8 3 31
7 10 18
10 11 14
1 9 8
15 9 12
1 11 5
1 14 21
9 13 5
0 16 11
15 2 18
20 3 6
8 20 16
2 4 20
17 18 19
23 24 13
24 25 0
21 27 4
21 22 26
22 30 3
24 28 32
23 29 32
26 29 30
27 28 31
25 28 33
29 33 7
26 27 33
30 31 32
228
{[25, 24, 19, 18, 5]}
{[9, 7, 3, 2, 0]}
34
15 4 30
10 12 13
16 19 6
7 17 22
0 19 25
14 12 6
2 17 5
8 3 21
7 10 18
10 11 14
1 9 8
15 9 12
1 11 5
1 14 24
9 13 5
0 16 11
15 2 18
20 3 6
8 20 16
2 4 20
17 18 19
23 24 7
23 25 3
21 22 27
21 26 13
22 31 4
24 28 32
23 29 32
26 29 30
27 28 31
28 33 0
25 29 33
26 27 33
30 31 32
229
{[25, 24, 19, 18, 5]}
{[6, 3, 2, 1, 0]}
34
15 4 26
10 12 13
16 19 6
7 17 23
0 19 25
14 12 6
2 17 5
8 3 21
7 10 18
10 11 14
1 9 8
15 9 12
1 11 5
1 14 22
9 13 5
0 16 11
15 2 18
20 3 6
8 20 16
2 4 20
17 18 19
22 24 7
21 27 13
24 25 3
21 23 31
23 30 4
28 32 0
22 29 32
26 29 30
27 28 31
25 28 33
24 29 33
26 27 33
30 31 32
230
{[25, 24, 19, 18, 5]}
{[9, 7, 3, 2, 0]}
34
15 4 21
10 12 13
16 19 6
7 17 24
0 19 25
14 12 6
2 17 5
8 3 30
7 10 18
10 11 14
1 9 8
15 9 12
1 11 5
1 14 22
9 13 5
0 16 11
15 2 18
20 3 6
8 20 16
2 4 20
17 18 19
23 24 0
23 25 13
21 22 27
21 26 3
22 31 4
24 28 32
23 29 32
26 29 30
27 28 31
28 33 7
25 29 33
26 27 33
30 31 32
231
{[25, 24, 19, 18, 5]}
{[5, 4, 2, 1, 0]}
34
15 4 23
10 12 13
16 19 6
7 17 24
0 19 22
14 12 6
2 17 5
8 3 27
7 10 18
10 11 14
1 9 8
15 9 12
1 11 5
1 14 21
9 13 5
0 16 11
15 2 18
20 3 6
8 20 16
2 4 20
17 18 19
22 25 13
21 26 4
24 25 0
23 31 3
21 23 30
22 28 32
29 32 7
26 29 30
27 28 31
25 28 33
24 29 33
26 27 33
30 31 32
232
{[25, 24, 19, 18, 5]}
{[8, 7, 4, 2, 0]}
34
15 4 31
10 12 13
16 19 6
7 17 21
0 19 23
14 12 6
2 17 5
8 3 22
7 10 18
10 11 14
1 9 8
15 9 12
1 11 5
1 14 25
9 13 5
0 16 11
15 2 18
20 3 6
8 20 16
2 4 20
17 18 19
23 24 3
24 25 7
21 27 4
21 22 26
22 30 13
24 28 32
23 29 32
26 29 30
27 28 31
25 28 33
29 33 0
26 27 33
30 31 32
233
{[25, 24, 19, 18, 5]}
{[16, 13, 12, 11, 10]}
34
15 4 26
10 12 13
16 19 6
7 17 27
0 19 32
14 12 6
2 17 5
8 3 31
7 10 18
10 11 14
1 9 8
15 9 12
1 11 5
1 14 33
9 13 5
0 16 11
15 2 18
20 3 6
8 20 16
2 4 20
17 18 19
23 24 25
23 26 27
21 22 28
21 27 30
21 26 29
22 25 0
22 24 3
23 29 30
25 28 32
24 28 31
30 33 7
29 33 4
31 32 13
234
{[25, 24, 19, 18, 5]}
{[17, 16, 14, 12, 10]}
34
15 4 27
10 12 13
16 19 6
7 17 30
0 19 31
14 12 6
2 17 5
8 3 33
7 10 18
10 11 14
1 9 8
15 9 12
1 11 5
1 14 32
9 13 5
0 16 11
15 2 18
20 3 6
8 20 16
2 4 20
17 18 19
23 24 25
23 26 27
21 22 28
21 27 30
21 26 29
22 25 31
22 24 0
23 29 30
25 28 33
24 28 3
26 32 4
31 33 13
29 32 7
235
{[25, 24, 19, 18, 5]}
{[16, 13, 12, 11, 10]}
34
15 4 31
10 12 13
16 19 6
7 17 33
0 19 32
14 12 6
2 17 5
8 3 26
7 10 18
10 11 14
1 9 8
15 9 12
1 11 5
1 14 27
9 13 5
0 16 11
15 2 18
20 3 6
8 20 16
2 4 20
17 18 19
23 24 25
23 26 27
21 22 28
21 27 30
21 26 29
22 25 7
22 24 13
23 29 30
25 28 32
24 28 31
30 33 0
29 33 4
31 32 3
236
{[25, 24, 19, 18, 5]}
{[17, 16, 14, 12, 10]}
34
15 4 33
10 12 13
16 19 6
7 17 32
0 19 31
14 12 6
2 17 5
8 3 27
7 10 18
10 11 14
1 9 8
15 9 12
1 11 5
1 14 30
9 13 5
0 16 11
15 2 18
20 3 6
8 20 16
2 4 20
17 18 19
23 24 25
23 26 27
21 22 28
21 27 30
21 26 29
22 25 31
22 24 7
23 29 30
25 28 33
24 28 13
26 32 4
31 33 3
29 32 0
237
{[25, 24, 19, 18, 5]}
{[17, 16, 15, 13, 11]}
34
15 4 31
10 12 13
16 19 6
7 17 32
0 19 33
14 12 6
2 17 5
8 3 29
7 10 18
10 11 14
1 9 8
15 9 12
1 11 5
1 14 26
9 13 5
0 16 11
15 2 18
20 3 6
8 20 16
2 4 20
17 18 19
23 24 25
23 26 27
21 22 28
21 27 30
21 26 29
22 25 13
22 24 31
23 29 30
25 28 7
24 28 33
27 32 0
31 33 3
30 32 4
238
{[25, 24, 19, 18, 5]}
{[17, 16, 15, 13, 11]}
34
15 4 29
10 12 13
16 19 6
7 17 26
0 19 33
14 12 6
2 17 5
8 3 31
7 10 18
10 11 14
1 9 8
15 9 12
1 11 5
1 14 32
9 13 5
0 16 11
15 2 18
20 3 6
8 20 16
2 4 20
17 18 19
23 24 25
23 26 27
21 22 28
21 27 30
21 26 29
22 25 3
22 24 31
23 29 30
25 28 0
24 28 33
27 32 7
31 33 13
30 32 4
239
{[25, 24, 19, 18, 5]}
{[17, 15, 14, 13, 12]}
34
15 4 32
10 12 13
16 19 6
7 17 33
0 19 31
14 12 6
2 17 5
8 3 30
7 10 18
10 11 14
1 9 8
15 9 12
1 11 5
1 14 29
9 13 5
0 16 11
15 2 18
20 3 6
8 20 16
2 4 20
17 18 19
23 24 25
23 26 27
21 22 28
21 27 30
21 26 29
22 25 32
22 24 31
23 29 30
25 28 13
24 28 7
27 33 4
26 33 0
31 32 3
240
{[25, 24, 19, 18, 5]}
{[17, 15, 14, 13, 12]}
34
15 4 30
10 12 13
16 19 6
7 17 29
0 19 31
14 12 6
2 17 5
8 3 32
7 10 18
10 11 14
1 9 8
15 9 12
1 11 5
1 14 33
9 13 5
0 16 11
15 2 18
20 3 6
8 20 16
2 4 20
17 18 19
23 24 25
23 26 27
21 22 28
21 27 30
21 26 29
22 25 32
22 24 31
23 29 30
25 28 3
24 28 0
27 33 4
26 33 7
31 32 13
241
{[25, 24, 19, 18, 5]}
{[5, 4, 2, 1, 0]}
34
15 4 23
10 12 13
16 19 6
7 17 24
0 19 22
14 12 6
2 17 5
8 3 27
7 10 18
10 11 14
1 9 8
15 9 12
1 11 5
1 14 21
9 13 5
0 16 11
15 2 18
20 3 6
8 20 16
2 4 20
17 18 19
22 25 13
21 26 4
24 25 0
23 31 3
21 23 30
22 28 32
29 32 7
26 29 30
27 28 31
25 28 33
24 29 33
26 27 33
30 31 32
242
{[25, 24, 19, 18, 5]}
{[6, 3, 2, 1, 0]}
34
15 4 26
10 12 13
16 19 6
7 17 23
0 19 25
14 12 6
2 17 5
8 3 21
7 10 18
10 11 14
1 9 8
15 9 12
1 11 5
1 14 22
9 13 5
0 16 11
15 2 18
20 3 6
8 20 16
2 4 20
17 18 19
22 24 7
21 27 13
24 25 3
21 23 31
23 30 4
28 32 0
22 29 32
26 29 30
27 28 31
25 28 33
24 29 33
26 27 33
30 31 32
243
{[25, 24, 19, 18, 5]}
{[8, 7, 4, 2, 0]}
34
15 4 31
10 12 13
16 19 6
7 17 21
0 19 23
14 12 6
2 17 5
8 3 22
7 10 18
10 11 14
1 9 8
15 9 12
1 11 5
1 14 25
9 13 5
0 16 11
15 2 18
20 3 6
8 20 16
2 4 20
17 18 19
23 24 3
24 25 7
21 27 4
21 22 26
22 30 13
24 28 32
23 29 32
26 29 30
27 28 31
25 28 33
29 33 0
26 27 33
30 31 32
244
{[25, 24, 19, 18, 5]}
{[9, 7, 3, 2, 0]}
34
15 4 21
10 12 13
16 19 6
7 17 24
0 19 25
14 12 6
2 17 5
8 3 30
7 10 18
10 11 14
1 9 8
15 9 12
1 11 5
1 14 22
9 13 5
0 16 11
15 2 18
20 3 6
8 20 16
2 4 20
17 18 19
23 24 0
23 25 13
21 22 27
21 26 3
22 31 4
24 28 32
23 29 32
26 29 30
27 28 31
28 33 7
25 29 33
26 27 33
30 31 32
245
{[25, 24, 19, 18, 5]}
{[6, 3, 2, 1, 0]}
34
15 4 21
10 12 13
16 19 6
7 17 22
0 19 25
14 12 6
2 17 5
8 3 26
7 10 18
10 11 14
1 9 8
15 9 12
1 11 5
1 14 23
9 13 5
0 16 11
15 2 18
20 3 6
8 20 16
2 4 20
17 18 19
22 24 0
21 27 3
24 25 13
21 23 31
23 30 4
28 32 7
22 29 32
26 29 30
27 28 31
25 28 33
24 29 33
26 27 33
30 31 32
246
{[25, 24, 19, 18, 5]}
{[9, 7, 3, 2, 0]}
34
15 4 30
10 12 13
16 19 6
7 17 22
0 19 25
14 12 6
2 17 5
8 3 21
7 10 18
10 11 14
1 9 8
15 9 12
1 11 5
1 14 24
9 13 5
0 16 11
15 2 18
20 3 6
8 20 16
2 4 20
17 18 19
23 24 7
23 25 3
21 22 27
21 26 13
22 31 4
24 28 32
23 29 32
26 29 30
27 28 31
28 33 0
25 29 33
26 27 33
30 31 32
247
{[25, 24, 19, 18, 5]}
{[5, 4, 2, 1, 0]}
34
15 4 27
10 12 13
16 19 6
7 17 21
0 19 22
14 12 6
2 17 5
8 3 23
7 10 18
10 11 14
1 9 8
15 9 12
1 11 5
1 14 24
9 13 5
0 16 11
15 2 18
20 3 6
8 20 16
2 4 20
17 18 19
22 25 3
21 26 4
24 25 7
23 31 13
21 23 30
22 28 32
29 32 0
26 29 30
27 28 31
25 28 33
24 29 33
26 27 33
30 31 32
248
{[25, 24, 19, 18, 5]}
{[8, 7, 4, 2, 0]}
34
15 4 22
10 12 13
16 19 6
7 17 25
0 19 23
14 12 6
2 17 5
8 3 31
7 10 18
10 11 14
1 9 8
15 9 12
1 11 5
1 14 21
9 13 5
0 16 11
15 2 18
20 3 6
8 20 16
2 4 20
17 18 19
23 24 13
24 25 0
21 27 4
21 22 26
22 30 3
24 28 32
23 29 32
26 29 30
27 28 31
25 28 33
29 33 7
26 27 33
30 31 32
249
{[25, 24, 19, 18, 5]}
{[16, 13, 12, 11, 10]}
34
15 4 31
10 12 13
16 19 6
7 17 33
0 19 32
14 12 6
2 17 5
8 3 26
7 10 18
10 11 14
1 9 8
15 9 12
1 11 5
1 14 27
9 13 5
0 16 11
15 2 18
20 3 6
8 20 16
2 4 20
17 18 19
23 24 25
23 26 27
21 22 28
21 27 30
21 26 29
22 25 7
22 24 13
23 29 30
25 28 32
24 28 31
30 33 0
29 33 4
31 32 3
250
{[25, 24, 19, 18, 5]}
{[17, 16, 14, 12, 10]}
34
15 4 33
10 12 13
16 19 6
7 17 32
0 19 31
14 12 6
2 17 5
8 3 27
7 10 18
10 11 14
1 9 8
15 9 12
1 11 5
1 14 30
9 13 5
0 16 11
15 2 18
20 3 6
8 20 16
2 4 20
17 18 19
23 24 25
23 26 27
21 22 28
21 27 30
21 26 29
22 25 31
22 24 7
23 29 30
25 28 33
24 28 13
26 32 4
31 33 3
29 32 0
251
{[25, 24, 19, 18, 5]}
{[16, 13, 12, 11, 10]}
34
15 4 26
10 12 13
16 19 6
7 17 27
0 19 32
14 12 6
2 17 5
8 3 31
7 10 18
10 11 14
1 9 8
15 9 12
1 11 5
1 14 33
9 13 5
0 16 11
15 2 18
20 3 6
8 20 16
2 4 20
17 18 19
23 24 25
23 26 27
21 22 28
21 27 30
21 26 29
22 25 0
22 24 3
23 29 30
25 28 32
24 28 31
30 33 7
29 33 4
31 32 13
252
{[25, 24, 19, 18, 5]}
{[17, 16, 14, 12, 10]}
34
15 4 27
10 12 13
16 19 6
7 17 30
0 19 31
14 12 6
2 17 5
8 3 33
7 10 18
10 11 14
1 9 8
15 9 12
1 11 5
1 14 32
9 13 5
0 16 11
15 2 18
20 3 6
8 20 16
2 4 20
17 18 19
23 24 25
23 26 27
21 22 28
21 27 30
21 26 29
22 25 31
22 24 0
23 29 30
25 28 33
24 28 3
26 32 4
31 33 13
29 32 7
253
{[25, 24, 19, 18, 5]}
{[17, 16, 15, 13, 11]}
34
15 4 29
10 12 13
16 19 6
7 17 26
0 19 33
14 12 6
2 17 5
8 3 31
7 10 18
10 11 14
1 9 8
15 9 12
1 11 5
1 14 32
9 13 5
0 16 11
15 2 18
20 3 6
8 20 16
2 4 20
17 18 19
23 24 25
23 26 27
21 22 28
21 27 30
21 26 29
22 25 3
22 24 31
23 29 30
25 28 0
24 28 33
27 32 7
31 33 13
30 32 4
254
{[25, 24, 19, 18, 5]}
{[17, 16, 15, 13, 11]}
34
15 4 31
10 12 13
16 19 6
7 17 32
0 19 33
14 12 6
2 17 5
8 3 29
7 10 18
10 11 14
1 9 8
15 9 12
1 11 5
1 14 26
9 13 5
0 16 11
15 2 18
20 3 6
8 20 16
2 4 20
17 18 19
23 24 25
23 26 27
21 22 28
21 27 30
21 26 29
22 25 13
22 24 31
23 29 30
25 28 7
24 28 33
27 32 0
31 33 3
30 32 4
255
{[25, 24, 19, 18, 5]}
{[17, 15, 14, 13, 12]}
34
15 4 30
10 12 13
16 19 6
7 17 29
0 19 31
14 12 6
2 17 5
8 3 32
7 10 18
10 11 14
1 9 8
15 9 12
1 11 5
1 14 33
9 13 5
0 16 11
15 2 18
20 3 6
8 20 16
2 4 20
17 18 19
23 24 25
23 26 27
21 22 28
21 27 30
21 26 29
22 25 32
22 24 31
23 29 30
25 28 3
24 28 0
27 33 4
26 33 7
31 32 13
256
{[25, 24, 19, 18, 5]}
{[17, 15, 14, 13, 12]}
34
15 4 32
10 12 13
16 19 6
7 17 33
0 19 31
14 12 6
2 17 5
8 3 30
7 10 18
10 11 14
1 9 8
15 9 12
1 11 5
1 14 29
9 13 5
0 16 11
15 2 18
20 3 6
8 20 16
2 4 20
17 18 19
23 24 25
23 26 27
21 22 28
21 27 30
21 26 29
22 25 32
22 24 31
23 29 30
25 28 13
24 28 7
27 33 4
26 33 0
31 32 3
257
{[15, 13, 12, 10, 6]}
{[5, 4, 2, 1, 0]}
34
11 19 4
9 10 27
12 17 6
7 20 15
0 5 17
20 14 4
2 15 23
8 13 3
7 9 16
1 8 22
1 14 24
0 12 21
11 2 16
7 19 14
13 5 10
18 3 6
8 18 12
2 4 18
15 16 17
0 20 13
19 3 5
22 25 11
21 26 9
24 25 6
23 31 10
21 23 30
22 28 32
29 32 1
26 29 30
27 28 31
25 28 33
24 29 33
26 27 33
30 31 32
258
{[15, 13, 12, 10, 6]}
{[6, 3, 2, 1, 0]}
34
11 19 4
9 10 21
12 17 6
7 20 15
0 5 17
20 14 4
2 15 26
8 13 3
7 9 16
1 8 25
1 14 23
0 12 22
11 2 16
7 19 14
13 5 10
18 3 6
8 18 12
2 4 18
15 16 17
0 20 13
19 3 5
22 24 1
21 27 11
24 25 10
21 23 31
23 30 9
28 32 6
22 29 32
26 29 30
27 28 31
25 28 33
24 29 33
26 27 33
30 31 32
259
{[15, 13, 12, 10, 6]}
{[8, 7, 4, 2, 0]}
34
11 19 4
9 10 22
12 17 6
7 20 15
0 5 17
20 14 4
2 15 31
8 13 3
7 9 16
1 8 23
1 14 21
0 12 25
11 2 16
7 19 14
13 5 10
18 3 6
8 18 12
2 4 18
15 16 17
0 20 13
19 3 5
23 24 10
24 25 1
21 27 9
21 22 26
22 30 11
24 28 32
23 29 32
26 29 30
27 28 31
25 28 33
29 33 6
26 27 33
30 31 32
260
{[15, 13, 12, 10, 6]}
{[9, 7, 3, 2, 0]}
34
11 19 4
9 10 30
12 17 6
7 20 15
0 5 17
20 14 4
2 15 21
8 13 3
7 9 16
1 8 25
1 14 24
0 12 22
11 2 16
7 19 14
13 5 10
18 3 6
8 18 12
2 4 18
15 16 17
0 20 13
19 3 5
23 24 6
23 25 11
21 22 27
21 26 10
22 31 9
24 28 32
23 29 32
26 29 30
27 28 31
28 33 1
25 29 33
26 27 33
30 31 32
261
{[15, 13, 12, 10, 6]}
{[6, 3, 2, 1, 0]}
34
11 19 4
9 10 26
12 17 6
7 20 15
0 5 17
20 14 4
2 15 21
8 13 3
7 9 16
1 8 25
1 14 22
0 12 23
11 2 16
7 19 14
13 5 10
18 3 6
8 18 12
2 4 18
15 16 17
0 20 13
19 3 5
22 24 6
21 27 10
24 25 11
21 23 31
23 30 9
28 32 1
22 29 32
26 29 30
27 28 31
25 28 33
24 29 33
26 27 33
30 31 32
262
{[15, 13, 12, 10, 6]}
{[9, 7, 3, 2, 0]}
34
11 19 4
9 10 21
12 17 6
7 20 15
0 5 17
20 14 4
2 15 30
8 13 3
7 9 16
1 8 25
1 14 22
0 12 24
11 2 16
7 19 14
13 5 10
18 3 6
8 18 12
2 4 18
15 16 17
0 20 13
19 3 5
23 24 1
23 25 10
21 22 27
21 26 11
22 31 9
24 28 32
23 29 32
26 29 30
27 28 31
28 33 6
25 29 33
26 27 33
30 31 32
263
{[15, 13, 12, 10, 6]}
{[5, 4, 2, 1, 0]}
34
11 19 4
9 10 23
12 17 6
7 20 15
0 5 17
20 14 4
2 15 27
8 13 3
7 9 16
1 8 22
1 14 21
0 12 24
11 2 16
7 19 14
13 5 10
18 3 6
8 18 12
2 4 18
15 16 17
0 20 13
19 3 5
22 25 10
21 26 9
24 25 1
23 31 11
21 23 30
22 28 32
29 32 6
26 29 30
27 28 31
25 28 33
24 29 33
26 27 33
30 31 32
264
{[15, 13, 12, 10, 6]}
{[8, 7, 4, 2, 0]}
34
11 19 4
9 10 31
12 17 6
7 20 15
0 5 17
20 14 4
2 15 22
8 13 3
7 9 16
1 8 23
1 14 25
0 12 21
11 2 16
7 19 14
13 5 10
18 3 6
8 18 12
2 4 18
15 16 17
0 20 13
19 3 5
23 24 11
24 25 6
21 27 9
21 22 26
22 30 10
24 28 32
23 29 32
26 29 30
27 28 31
25 28 33
29 33 1
26 27 33
30 31 32
265
{[15, 13, 12, 10, 6]}
{[16, 13, 12, 11, 10]}
34
11 19 4
9 10 26
12 17 6
7 20 15
0 5 17
20 14 4
2 15 31
8 13 3
7 9 16
1 8 32
1 14 33
0 12 27
11 2 16
7 19 14
13 5 10
18 3 6
8 18 12
2 4 18
15 16 17
0 20 13
19 3 5
23 24 25
23 26 27
21 22 28
21 27 30
21 26 29
22 25 1
22 24 11
23 29 30
25 28 32
24 28 31
30 33 6
29 33 9
31 32 10
266
{[15, 13, 12, 10, 6]}
{[17, 16, 14, 12, 10]}
34
11 19 4
9 10 27
12 17 6
7 20 15
0 5 17
20 14 4
2 15 33
8 13 3
7 9 16
1 8 31
1 14 32
0 12 30
11 2 16
7 19 14
13 5 10
18 3 6
8 18 12
2 4 18
15 16 17
0 20 13
19 3 5
23 24 25
23 26 27
21 22 28
21 27 30
21 26 29
22 25 31
22 24 1
23 29 30
25 28 33
24 28 11
26 32 9
31 33 10
29 32 6
267
{[15, 13, 12, 10, 6]}
{[16, 13, 12, 11, 10]}
34
11 19 4
9 10 31
12 17 6
7 20 15
0 5 17
20 14 4
2 15 26
8 13 3
7 9 16
1 8 32
1 14 27
0 12 33
11 2 16
7 19 14
13 5 10
18 3 6
8 18 12
2 4 18
15 16 17
0 20 13
19 3 5
23 24 25
23 26 27
21 22 28
21 27 30
21 26 29
22 25 6
22 24 10
23 29 30
25 28 32
24 28 31
30 33 1
29 33 9
31 32 11
268
{[15, 13, 12, 10, 6]}
{[17, 16, 14, 12, 10]}
34
11 19 4
9 10 33
12 17 6
7 20 15
0 5 17
20 14 4
2 15 27
8 13 3
7 9 16
1 8 31
1 14 30
0 12 32
11 2 16
7 19 14
13 5 10
18 3 6
8 18 12
2 4 18
15 16 17
0 20 13
19 3 5
23 24 25
23 26 27
21 22 28
21 27 30
21 26 29
22 25 31
22 24 6
23 29 30
25 28 33
24 28 10
26 32 9
31 33 11
29 32 1
269
{[15, 13, 12, 10, 6]}
{[17, 16, 15, 13, 11]}
34
11 19 4
9 10 31
12 17 6
7 20 15
0 5 17
20 14 4
2 15 29
8 13 3
7 9 16
1 8 33
1 14 26
0 12 32
11 2 16
7 19 14
13 5 10
18 3 6
8 18 12
2 4 18
15 16 17
0 20 13
19 3 5
23 24 25
23 26 27
21 22 28
21 27 30
21 26 29
22 25 10
22 24 31
23 29 30
25 28 6
24 28 33
27 32 1
31 33 11
30 32 9
270
{[15, 13, 12, 10, 6]}
{[17, 16, 15, 13, 11]}
34
11 19 4
9 10 29
12 17 6
7 20 15
0 5 17
20 14 4
2 15 31
8 13 3
7 9 16
1 8 33
1 14 32
0 12 26
11 2 16
7 19 14
13 5 10
18 3 6
8 18 12
2 4 18
15 16 17
0 20 13
19 3 5
23 24 25
23 26 27
21 22 28
21 27 30
21 26 29
22 25 11
22 24 31
23 29 30
25 28 1
24 28 33
27 32 6
31 33 10
30 32 9
271
{[15, 13, 12, 10, 6]}
{[17, 15, 14, 13, 12]}
34
11 19 4
9 10 32
12 17 6
7 20 15
0 5 17
20 14 4
2 15 30
8 13 3
7 9 16
1 8 31
1 14 29
0 12 33
11 2 16
7 19 14
13 5 10
18 3 6
8 18 12
2 4 18
15 16 17
0 20 13
19 3 5
23 24 25
23 26 27
21 22 28
21 27 30
21 26 29
22 25 32
22 24 31
23 29 30
25 28 10
24 28 6
27 33 9
26 33 1
31 32 11
272
{[15, 13, 12, 10, 6]}
{[17, 15, 14, 13, 12]}
34
11 19 4
9 10 30
12 17 6
7 20 15
0 5 17
20 14 4
2 15 32
8 13 3
7 9 16
1 8 31
1 14 33
0 12 29
11 2 16
7 19 14
13 5 10
18 3 6
8 18 12
2 4 18
15 16 17
0 20 13
19 3 5
23 24 25
23 26 27
21 22 28
21 27 30
21 26 29
22 25 32
22 24 31
23 29 30
25 28 11
24 28 1
27 33 9
26 33 6
31 32 10
273
{[15, 13, 12, 10, 6]}
{[5, 4, 2, 1, 0]}
34
11 19 4
9 10 23
12 17 6
7 20 15
0 5 17
20 14 4
2 15 27
8 13 3
7 9 16
1 8 22
1 14 21
0 12 24
11 2 16
7 19 14
13 5 10
18 3 6
8 18 12
2 4 18
15 16 17
0 20 13
19 3 5
22 25 10
21 26 9
24 25 1
23 31 11
21 23 30
22 28 32
29 32 6
26 29 30
27 28 31
25 28 33
24 29 33
26 27 33
30 31 32
274
{[15, 13, 12, 10, 6]}
{[6, 3, 2, 1, 0]}
34
11 19 4
9 10 26
12 17 6
7 20 15
0 5 17
20 14 4
2 15 21
8 13 3
7 9 16
1 8 25
1 14 22
0 12 23
11 2 16
7 19 14
13 5 10
18 3 6
8 18 12
2 4 18
15 16 17
0 20 13
19 3 5
22 24 6
21 27 10
24 25 11
21 23 31
23 30 9
28 32 1
22 29 32
26 29 30
27 28 31
25 28 33
24 29 33
26 27 33
30 31 32
275
{[15, 13, 12, 10, 6]}
{[8, 7, 4, 2, 0]}
34
11 19 4
9 10 31
12 17 6
7 20 15
0 5 17
20 14 4
2 15 22
8 13 3
7 9 16
1 8 23
1 14 25
0 12 21
11 2 16
7 19 14
13 5 10
18 3 6
8 18 12
2 4 18
15 16 17
0 20 13
19 3 5
23 24 11
24 25 6
21 27 9
21 22 26
22 30 10
24 28 32
23 29 32
26 29 30
27 28 31
25 28 33
29 33 1
26 27 33
30 31 32
276
{[15, 13, 12, 10, 6]}
{[9, 7, 3, 2, 0]}
34
11 19 4
9 10 21
12 17 6
7 20 15
0 5 17
20 14 4
2 15 30
8 13 3
7 9 16
1 8 25
1 14 22
0 12 24
11 2 16
7 19 14
13 5 10
18 3 6
8 18 12
2 4 18
15 16 17
0 20 13
19 3 5
23 24 1
23 25 10
21 22 27
21 26 11
22 31 9
24 28 32
23 29 32
26 29 30
27 28 31
28 33 6
25 29 33
26 27 33
30 31 32
277
{[15, 13, 12, 10, 6]}
{[6, 3, 2, 1, 0]}
34
11 19 4
9 10 21
12 17 6
7 20 15
0 5 17
20 14 4
2 15 26
8 13 3
7 9 16
1 8 25
1 14 23
0 12 22
11 2 16
7 19 14
13 5 10
18 3 6
8 18 12
2 4 18
15 16 17
0 20 13
19 3 5
22 24 1
21 27 11
24 25 10
21 23 31
23 30 9
28 32 6
22 29 32
26 29 30
27 28 31
25 28 33
24 29 33
26 27 33
30 31 32
278
{[15, 13, 12, 10, 6]}
{[9, 7, 3, 2, 0]}
34
11 19 4
9 10 30
12 17 6
7 20 15
0 5 17
20 14 4
2 15 21
8 13 3
7 9 16
1 8 25
1 14 24
0 12 22
11 2 16
7 19 14
13 5 10
18 3 6
8 18 12
2 4 18
15 16 17
0 20 13
19 3 5
23 24 6
23 25 11
21 22 27
21 26 10
22 31 9
24 28 32
23 29 32
26 29 30
27 28 31
28 33 1
25 29 33
26 27 33
30 31 32
279
{[15, 13, 12, 10, 6]}
{[5, 4, 2, 1, 0]}
34
11 19 4
9 10 27
12 17 6
7 20 15
0 5 17
20 14 4
2 15 23
8 13 3
7 9 16
1 8 22
1 14 24
0 12 21
11 2 16
7 19 14
13 5 10
18 3 6
8 18 12
2 4 18
15 16 17
0 20 13
19 3 5
22 25 11
21 26 9
24 25 6
23 31 10
21 23 30
22 28 32
29 32 1
26 29 30
27 28 31
25 28 33
24 29 33
26 27 33
30 31 32
280
{[15, 13, 12, 10, 6]}
{[8, 7, 4, 2, 0]}
34
11 19 4
9 10 22
12 17 6
7 20 15
0 5 17
20 14 4
2 15 31
8 13 3
7 9 16
1 8 23
1 14 21
0 12 25
11 2 16
7 19 14
13 5 10
18 3 6
8 18 12
2 4 18
15 16 17
0 20 13
19 3 5
23 24 10
24 25 1
21 27 9
21 22 26
22 30 11
24 28 32
23 29 32
26 29 30
27 28 31
25 28 33
29 33 6
26 27 33
30 31 32
281
{[15, 13, 12, 10, 6]}
{[16, 13, 12, 11, 10]}
34
11 19 4
9 10 31
12 17 6
7 20 15
0 5 17
20 14 4
2 15 26
8 13 3
7 9 16
1 8 32
1 14 27
0 12 33
11 2 16
7 19 14
13 5 10
18 3 6
8 18 12
2 4 18
15 16 17
0 20 13
19 3 5
23 24 25
23 26 27
21 22 28
21 27 30
21 26 29
22 25 6
22 24 10
23 29 30
25 28 32
24 28 31
30 33 1
29 33 9
31 32 11
282
{[15, 13, 12, 10, 6]}
{[17, 16, 14, 12, 10]}
34
11 19 4
9 10 33
12 17 6
7 20 15
0 5 17
20 14 4
2 15 27
8 13 3
7 9 16
1 8 31
1 14 30
0 12 32
11 2 16
7 19 14
13 5 10
18 3 6
8 18 12
2 4 18
15 16 17
0 20 13
19 3 5
23 24 25
23 26 27
21 22 28
21 27 30
21 26 29
22 25 31
22 24 6
23 29 30
25 28 33
24 28 10
26 32 9
31 33 11
29 32 1
283
{[15, 13, 12, 10, 6]}
{[16, 13, 12, 11, 10]}
34
11 19 4
9 10 26
12 17 6
7 20 15
0 5 17
20 14 4
2 15 31
8 13 3
7 9 16
1 8 32
1 14 33
0 12 27
11 2 16
7 19 14
13 5 10
18 3 6
8 18 12
2 4 18
15 16 17
0 20 13
19 3 5
23 24 25
23 26 27
21 22 28
21 27 30
21 26 29
22 25 1
22 24 11
23 29 30
25 28 32
24 28 31
30 33 6
29 33 9
31 32 10
284
{[15, 13, 12, 10, 6]}
{[17, 16, 14, 12, 10]}
34
11 19 4
9 10 27
12 17 6
7 20 15
0 5 17
20 14 4
2 15 33
8 13 3
7 9 16
1 8 31
1 14 32
0 12 30
11 2 16
7 19 14
13 5 10
18 3 6
8 18 12
2 4 18
15 16 17
0 20 13
19 3 5
23 24 25
23 26 27
21 22 28
21 27 30
21 26 29
22 25 31
22 24 1
23 29 30
25 28 33
24 28 11
26 32 9
31 33 10
29 32 6
285
{[15, 13, 12, 10, 6]}
{[17, 16, 15, 13, 11]}
34
11 19 4
9 10 29
12 17 6
7 20 15
0 5 17
20 14 4
2 15 31
8 13 3
7 9 16
1 8 33
1 14 32
0 12 26
11 2 16
7 19 14
13 5 10
18 3 6
8 18 12
2 4 18
15 16 17
0 20 13
19 3 5
23 24 25
23 26 27
21 22 28
21 27 30
21 26 29
22 25 11
22 24 31
23 29 30
25 28 1
24 28 33
27 32 6
31 33 10
30 32 9
286
{[15, 13, 12, 10, 6]}
{[17, 16, 15, 13, 11]}
34
11 19 4
9 10 31
12 17 6
7 20 15
0 5 17
20 14 4
2 15 29
8 13 3
7 9 16
1 8 33
1 14 26
0 12 32
11 2 16
7 19 14
13 5 10
18 3 6
8 18 12
2 4 18
15 16 17
0 20 13
19 3 5
23 24 25
23 26 27
21 22 28
21 27 30
21 26 29
22 25 10
22 24 31
23 29 30
25 28 6
24 28 33
27 32 1
31 33 11
30 32 9
287
{[15, 13, 12, 10, 6]}
{[17, 15, 14, 13, 12]}
34
11 19 4
9 10 30
12 17 6
7 20 15
0 5 17
20 14 4
2 15 32
8 13 3
7 9 16
1 8 31
1 14 33
0 12 29
11 2 16
7 19 14
13 5 10
18 3 6
8 18 12
2 4 18
15 16 17
0 20 13
19 3 5
23 24 25
23 26 27
21 22 28
21 27 30
21 26 29
22 25 32
22 24 31
23 29 30
25 28 11
24 28 1
27 33 9
26 33 6
31 32 10
288
{[15, 13, 12, 10, 6]}
{[17, 15, 14, 13, 12]}
34
11 19 4
9 10 32
12 17 6
7 20 15
0 5 17
20 14 4
2 15 30
8 13 3
7 9 16
1 8 31
1 14 29
0 12 33
11 2 16
7 19 14
13 5 10
18 3 6
8 18 12
2 4 18
15 16 17
0 20 13
19 3 5
23 24 25
23 26 27
21 22 28
21 27 30
21 26 29
22 25 32
22 24 31
23 29 30
25 28 10
24 28 6
27 33 9
26 33 1
31 32 11
