256
1
{[23, 22, 19, 18, 0]}
{[5, 4, 2, 1, 0]}
34
19 12 5
8 3 6
7 17 4
1 4 18
19 2 3
0 9 13
16 1 13
8 2 23
7 1 10
10 11 5
8 9 14
9 12 24
0 11 14
14 5 6
10 12 13
16 18 22
15 6 27
20 2 21
15 20 3
0 4 20
19 17 18
22 25 17
21 26 15
24 25 7
23 31 11
21 23 30
22 28 32
29 32 16
26 29 30
27 28 31
25 28 33
24 29 33
26 27 33
30 31 32
2
{[23, 22, 19, 18, 0]}
{[6, 3, 2, 1, 0]}
34
19 12 5
8 3 6
7 17 4
1 4 18
19 2 3
0 9 13
16 1 13
8 2 26
7 1 10
10 11 5
8 9 14
9 12 23
0 11 14
14 5 6
10 12 13
16 18 25
15 6 21
20 2 22
15 20 3
0 4 20
19 17 18
22 24 16
21 27 17
24 25 11
21 23 31
23 30 15
28 32 7
22 29 32
26 29 30
27 28 31
25 28 33
24 29 33
26 27 33
30 31 32
3
{[23, 22, 19, 18, 0]}
{[8, 7, 4, 2, 0]}
34
19 12 5
8 3 6
7 17 4
1 4 18
19 2 3
0 9 13
16 1 13
8 2 31
7 1 10
10 11 5
8 9 14
9 12 21
0 11 14
14 5 6
10 12 13
16 18 23
15 6 22
20 2 25
15 20 3
0 4 20
19 17 18
23 24 11
24 25 16
21 27 15
21 22 26
22 30 17
24 28 32
23 29 32
26 29 30
27 28 31
25 28 33
29 33 7
26 27 33
30 31 32
4
{[23, 22, 19, 18, 0]}
{[9, 7, 3, 2, 0]}
34
19 12 5
8 3 6
7 17 4
1 4 18
19 2 3
0 9 13
16 1 13
8 2 21
7 1 10
10 11 5
8 9 14
9 12 24
0 11 14
14 5 6
10 12 13
16 18 25
15 6 30
20 2 22
15 20 3
0 4 20
19 17 18
23 24 7
23 25 17
21 22 27
21 26 11
22 31 15
24 28 32
23 29 32
26 29 30
27 28 31
28 33 16
25 29 33
26 27 33
30 31 32
5
{[23, 22, 19, 18, 0]}
{[6, 3, 2, 1, 0]}
34
19 12 5
8 3 6
7 17 4
1 4 18
19 2 3
0 9 13
16 1 13
8 2 21
7 1 10
10 11 5
8 9 14
9 12 22
0 11 14
14 5 6
10 12 13
16 18 25
15 6 26
20 2 23
15 20 3
0 4 20
19 17 18
22 24 7
21 27 11
24 25 17
21 23 31
23 30 15
28 32 16
22 29 32
26 29 30
27 28 31
25 28 33
24 29 33
26 27 33
30 31 32
6
{[23, 22, 19, 18, 0]}
{[9, 7, 3, 2, 0]}
34
19 12 5
8 3 6
7 17 4
1 4 18
19 2 3
0 9 13
16 1 13
8 2 30
7 1 10
10 11 5
8 9 14
9 12 22
0 11 14
14 5 6
10 12 13
16 18 25
15 6 21
20 2 24
15 20 3
0 4 20
19 17 18
23 24 16
23 25 11
21 22 27
21 26 17
22 31 15
24 28 32
23 29 32
26 29 30
27 28 31
28 33 7
25 29 33
26 27 33
30 31 32
7
{[23, 22, 19, 18, 0]}
{[5, 4, 2, 1, 0]}
34
19 12 5
8 3 6
7 17 4
1 4 18
19 2 3
0 9 13
16 1 13
8 2 27
7 1 10
10 11 5
8 9 14
9 12 21
0 11 14
14 5 6
10 12 13
16 18 22
15 6 23
20 2 24
15 20 3
0 4 20
19 17 18
22 25 11
21 26 15
24 25 16
23 31 17
21 23 30
22 28 32
29 32 7
26 29 30
27 28 31
25 28 33
24 29 33
26 27 33
30 31 32
8
{[23, 22, 19, 18, 0]}
{[8, 7, 4, 2, 0]}
34
19 12 5
8 3 6
7 17 4
1 4 18
19 2 3
0 9 13
16 1 13
8 2 22
7 1 10
10 11 5
8 9 14
9 12 25
0 11 14
14 5 6
10 12 13
16 18 23
15 6 31
20 2 21
15 20 3
0 4 20
19 17 18
23 24 17
24 25 7
21 27 15
21 22 26
22 30 11
24 28 32
23 29 32
26 29 30
27 28 31
25 28 33
29 33 16
26 27 33
30 31 32
9
{[23, 22, 19, 18, 0]}
{[16, 13, 12, 11, 10]}
34
19 12 5
8 3 6
7 17 4
1 4 18
19 2 3
0 9 13
16 1 13
8 2 31
7 1 10
10 11 5
8 9 14
9 12 33
0 11 14
14 5 6
10 12 13
16 18 32
15 6 26
20 2 27
15 20 3
0 4 20
19 17 18
23 24 25
23 26 27
21 22 28
21 27 30
21 26 29
22 25 16
22 24 17
23 29 30
25 28 32
24 28 31
30 33 7
29 33 15
31 32 11
10
{[23, 22, 19, 18, 0]}
{[17, 16, 14, 12, 10]}
34
19 12 5
8 3 6
7 17 4
1 4 18
19 2 3
0 9 13
16 1 13
8 2 33
7 1 10
10 11 5
8 9 14
9 12 32
0 11 14
14 5 6
10 12 13
16 18 31
15 6 27
20 2 30
15 20 3
0 4 20
19 17 18
23 24 25
23 26 27
21 22 28
21 27 30
21 26 29
22 25 31
22 24 16
23 29 30
25 28 33
24 28 17
26 32 15
31 33 11
29 32 7
11
{[23, 22, 19, 18, 0]}
{[16, 13, 12, 11, 10]}
34
19 12 5
8 3 6
7 17 4
1 4 18
19 2 3
0 9 13
16 1 13
8 2 26
7 1 10
10 11 5
8 9 14
9 12 27
0 11 14
14 5 6
10 12 13
16 18 32
15 6 31
20 2 33
15 20 3
0 4 20
19 17 18
23 24 25
23 26 27
21 22 28
21 27 30
21 26 29
22 25 7
22 24 11
23 29 30
25 28 32
24 28 31
30 33 16
29 33 15
31 32 17
12
{[23, 22, 19, 18, 0]}
{[17, 16, 14, 12, 10]}
34
19 12 5
8 3 6
7 17 4
1 4 18
19 2 3
0 9 13
16 1 13
8 2 27
7 1 10
10 11 5
8 9 14
9 12 30
0 11 14
14 5 6
10 12 13
16 18 31
15 6 33
20 2 32
15 20 3
0 4 20
19 17 18
23 24 25
23 26 27
21 22 28
21 27 30
21 26 29
22 25 31
22 24 7
23 29 30
25 28 33
24 28 11
26 32 15
31 33 17
29 32 16
13
{[23, 22, 19, 18, 0]}
{[17, 16, 15, 13, 11]}
34
19 12 5
8 3 6
7 17 4
1 4 18
19 2 3
0 9 13
16 1 13
8 2 29
7 1 10
10 11 5
8 9 14
9 12 26
0 11 14
14 5 6
10 12 13
16 18 33
15 6 31
20 2 32
15 20 3
0 4 20
19 17 18
23 24 25
23 26 27
21 22 28
21 27 30
21 26 29
22 25 11
22 24 31
23 29 30
25 28 7
24 28 33
27 32 16
31 33 17
30 32 15
14
{[23, 22, 19, 18, 0]}
{[17, 16, 15, 13, 11]}
34
19 12 5
8 3 6
7 17 4
1 4 18
19 2 3
0 9 13
16 1 13
8 2 31
7 1 10
10 11 5
8 9 14
9 12 32
0 11 14
14 5 6
10 12 13
16 18 33
15 6 29
20 2 26
15 20 3
0 4 20
19 17 18
23 24 25
23 26 27
21 22 28
21 27 30
21 26 29
22 25 17
22 24 31
23 29 30
25 28 16
24 28 33
27 32 7
31 33 11
30 32 15
15
{[23, 22, 19, 18, 0]}
{[17, 15, 14, 13, 12]}
34
19 12 5
8 3 6
7 17 4
1 4 18
19 2 3
0 9 13
16 1 13
8 2 30
7 1 10
10 11 5
8 9 14
9 12 29
0 11 14
14 5 6
10 12 13
16 18 31
15 6 32
20 2 33
15 20 3
0 4 20
19 17 18
23 24 25
23 26 27
21 22 28
21 27 30
21 26 29
22 25 32
22 24 31
23 29 30
25 28 11
24 28 7
27 33 15
26 33 16
31 32 17
16
{[23, 22, 19, 18, 0]}
{[17, 15, 14, 13, 12]}
34
19 12 5
8 3 6
7 17 4
1 4 18
19 2 3
0 9 13
16 1 13
8 2 32
7 1 10
10 11 5
8 9 14
9 12 33
0 11 14
14 5 6
10 12 13
16 18 31
15 6 30
20 2 29
15 20 3
0 4 20
19 17 18
23 24 25
23 26 27
21 22 28
21 27 30
21 26 29
22 25 32
22 24 31
23 29 30
25 28 17
24 28 16
27 33 15
26 33 7
31 32 11
17
{[23, 22, 19, 18, 0]}
{[5, 4, 2, 1, 0]}
34
19 12 5
8 3 6
7 17 4
1 4 18
19 2 3
0 9 13
16 1 13
8 2 27
7 1 10
10 11 5
8 9 14
9 12 21
0 11 14
14 5 6
10 12 13
16 18 22
15 6 23
20 2 24
15 20 3
0 4 20
19 17 18
22 25 11
21 26 15
24 25 16
23 31 17
21 23 30
22 28 32
29 32 7
26 29 30
27 28 31
25 28 33
24 29 33
26 27 33
30 31 32
18
{[23, 22, 19, 18, 0]}
{[6, 3, 2, 1, 0]}
34
19 12 5
8 3 6
7 17 4
1 4 18
19 2 3
0 9 13
16 1 13
8 2 21
7 1 10
10 11 5
8 9 14
9 12 22
0 11 14
14 5 6
10 12 13
16 18 25
15 6 26
20 2 23
15 20 3
0 4 20
19 17 18
22 24 7
21 27 11
24 25 17
21 23 31
23 30 15
28 32 16
22 29 32
26 29 30
27 28 31
25 28 33
24 29 33
26 27 33
30 31 32
19
{[23, 22, 19, 18, 0]}
{[8, 7, 4, 2, 0]}
34
19 12 5
8 3 6
7 17 4
1 4 18
19 2 3
0 9 13
16 1 13
8 2 22
7 1 10
10 11 5
8 9 14
9 12 25
0 11 14
14 5 6
10 12 13
16 18 23
15 6 31
20 2 21
15 20 3
0 4 20
19 17 18
23 24 17
24 25 7
21 27 15
21 22 26
22 30 11
24 28 32
23 29 32
26 29 30
27 28 31
25 28 33
29 33 16
26 27 33
30 31 32
20
{[23, 22, 19, 18, 0]}
{[9, 7, 3, 2, 0]}
34
19 12 5
8 3 6
7 17 4
1 4 18
19 2 3
0 9 13
16 1 13
8 2 30
7 1 10
10 11 5
8 9 14
9 12 22
0 11 14
14 5 6
10 12 13
16 18 25
15 6 21
20 2 24
15 20 3
0 4 20
19 17 18
23 24 16
23 25 11
21 22 27
21 26 17
22 31 15
24 28 32
23 29 32
26 29 30
27 28 31
28 33 7
25 29 33
26 27 33
30 31 32
21
{[23, 22, 19, 18, 0]}
{[6, 3, 2, 1, 0]}
34
19 12 5
8 3 6
7 17 4
1 4 18
19 2 3
0 9 13
16 1 13
8 2 26
7 1 10
10 11 5
8 9 14
9 12 23
0 11 14
14 5 6
10 12 13
16 18 25
15 6 21
20 2 22
15 20 3
0 4 20
19 17 18
22 24 16
21 27 17
24 25 11
21 23 31
23 30 15
28 32 7
22 29 32
26 29 30
27 28 31
25 28 33
24 29 33
26 27 33
30 31 32
22
{[23, 22, 19, 18, 0]}
{[9, 7, 3, 2, 0]}
34
19 12 5
8 3 6
7 17 4
1 4 18
19 2 3
0 9 13
16 1 13
8 2 21
7 1 10
10 11 5
8 9 14
9 12 24
0 11 14
14 5 6
10 12 13
16 18 25
15 6 30
20 2 22
15 20 3
0 4 20
19 17 18
23 24 7
23 25 17
21 22 27
21 26 11
22 31 15
24 28 32
23 29 32
26 29 30
27 28 31
28 33 16
25 29 33
26 27 33
30 31 32
23
{[23, 22, 19, 18, 0]}
{[5, 4, 2, 1, 0]}
34
19 12 5
8 3 6
7 17 4
1 4 18
19 2 3
0 9 13
16 1 13
8 2 23
7 1 10
10 11 5
8 9 14
9 12 24
0 11 14
14 5 6
10 12 13
16 18 22
15 6 27
20 2 21
15 20 3
0 4 20
19 17 18
22 25 17
21 26 15
24 25 7
23 31 11
21 23 30
22 28 32
29 32 16
26 29 30
27 28 31
25 28 33
24 29 33
26 27 33
30 31 32
24
{[23, 22, 19, 18, 0]}
{[8, 7, 4, 2, 0]}
34
19 12 5
8 3 6
7 17 4
1 4 18
19 2 3
0 9 13
16 1 13
8 2 31
7 1 10
10 11 5
8 9 14
9 12 21
0 11 14
14 5 6
10 12 13
16 18 23
15 6 22
20 2 25
15 20 3
0 4 20
19 17 18
23 24 11
24 25 16
21 27 15
21 22 26
22 30 17
24 28 32
23 29 32
26 29 30
27 28 31
25 28 33
29 33 7
26 27 33
30 31 32
25
{[23, 22, 19, 18, 0]}
{[16, 13, 12, 11, 10]}
34
19 12 5
8 3 6
7 17 4
1 4 18
19 2 3
0 9 13
16 1 13
8 2 26
7 1 10
10 11 5
8 9 14
9 12 27
0 11 14
14 5 6
10 12 13
16 18 32
15 6 31
20 2 33
15 20 3
0 4 20
19 17 18
23 24 25
23 26 27
21 22 28
21 27 30
21 26 29
22 25 7
22 24 11
23 29 30
25 28 32
24 28 31
30 33 16
29 33 15
31 32 17
26
{[23, 22, 19, 18, 0]}
{[17, 16, 14, 12, 10]}
34
19 12 5
8 3 6
7 17 4
1 4 18
19 2 3
0 9 13
16 1 13
8 2 27
7 1 10
10 11 5
8 9 14
9 12 30
0 11 14
14 5 6
10 12 13
16 18 31
15 6 33
20 2 32
15 20 3
0 4 20
19 17 18
23 24 25
23 26 27
21 22 28
21 27 30
21 26 29
22 25 31
22 24 7
23 29 30
25 28 33
24 28 11
26 32 15
31 33 17
29 32 16
27
{[23, 22, 19, 18, 0]}
{[16, 13, 12, 11, 10]}
34
19 12 5
8 3 6
7 17 4
1 4 18
19 2 3
0 9 13
16 1 13
8 2 31
7 1 10
10 11 5
8 9 14
9 12 33
0 11 14
14 5 6
10 12 13
16 18 32
15 6 26
20 2 27
15 20 3
0 4 20
19 17 18
23 24 25
23 26 27
21 22 28
21 27 30
21 26 29
22 25 16
22 24 17
23 29 30
25 28 32
24 28 31
30 33 7
29 33 15
31 32 11
28
{[23, 22, 19, 18, 0]}
{[17, 16, 14, 12, 10]}
34
19 12 5
8 3 6
7 17 4
1 4 18
19 2 3
0 9 13
16 1 13
8 2 33
7 1 10
10 11 5
8 9 14
9 12 32
0 11 14
14 5 6
10 12 13
16 18 31
15 6 27
20 2 30
15 20 3
0 4 20
19 17 18
23 24 25
23 26 27
21 22 28
21 27 30
21 26 29
22 25 31
22 24 16
23 29 30
25 28 33
24 28 17
26 32 15
31 33 11
29 32 7
29
{[23, 22, 19, 18, 0]}
{[17, 16, 15, 13, 11]}
34
19 12 5
8 3 6
7 17 4
1 4 18
19 2 3
0 9 13
16 1 13
8 2 31
7 1 10
10 11 5
8 9 14
9 12 32
0 11 14
14 5 6
10 12 13
16 18 33
15 6 29
20 2 26
15 20 3
0 4 20
19 17 18
23 24 25
23 26 27
21 22 28
21 27 30
21 26 29
22 25 17
22 24 31
23 29 30
25 28 16
24 28 33
27 32 7
31 33 11
30 32 15
30
{[23, 22, 19, 18, 0]}
{[17, 16, 15, 13, 11]}
34
19 12 5
8 3 6
7 17 4
1 4 18
19 2 3
0 9 13
16 1 13
8 2 29
7 1 10
10 11 5
8 9 14
9 12 26
0 11 14
14 5 6
10 12 13
16 18 33
15 6 31
20 2 32
15 20 3
0 4 20
19 17 18
23 24 25
23 26 27
21 22 28
21 27 30
21 26 29
22 25 11
22 24 31
23 29 30
25 28 7
24 28 33
27 32 16
31 33 17
30 32 15
31
{[23, 22, 19, 18, 0]}
{[17, 15, 14, 13, 12]}
34
19 12 5
8 3 6
7 17 4
1 4 18
19 2 3
0 9 13
16 1 13
8 2 32
7 1 10
10 11 5
8 9 14
9 12 33
0 11 14
14 5 6
10 12 13
16 18 31
15 6 30
20 2 29
15 20 3
0 4 20
19 17 18
23 24 25
23 26 27
21 22 28
21 27 30
21 26 29
22 25 32
22 24 31
23 29 30
25 28 17
24 28 16
27 33 15
26 33 7
31 32 11
32
{[23, 22, 19, 18, 0]}
{[17, 15, 14, 13, 12]}
34
19 12 5
8 3 6
7 17 4
1 4 18
19 2 3
0 9 13
16 1 13
8 2 30
7 1 10
10 11 5
8 9 14
9 12 29
0 11 14
14 5 6
10 12 13
16 18 31
15 6 32
20 2 33
15 20 3
0 4 20
19 17 18
23 24 25
23 26 27
21 22 28
21 27 30
21 26 29
22 25 32
22 24 31
23 29 30
25 28 11
24 28 7
27 33 15
26 33 16
31 32 17
33
{[13, 12, 10, 6, 1]}
{[5, 4, 2, 1, 0]}
34
13 17 24
7 3 5
6 15 4
1 4 16
19 2 3
12 1 9
7 13 2
6 1 8
7 10 22
10 5 21
8 9 23
12 16 17
11 14 5
0 6 14
12 13 18
20 2 18
11 20 3
0 11 18
14 15 17
4 20 27
19 15 16
22 25 9
21 26 8
24 25 10
23 31 0
21 23 30
22 28 32
29 32 19
26 29 30
27 28 31
25 28 33
24 29 33
26 27 33
30 31 32
34
{[13, 12, 10, 6, 1]}
{[6, 3, 2, 1, 0]}
34
13 17 23
7 3 5
6 15 4
1 4 16
19 2 3
12 1 9
7 13 2
6 1 8
7 10 25
10 5 22
8 9 26
12 16 17
11 14 5
0 6 14
12 13 18
20 2 18
11 20 3
0 11 18
14 15 17
4 20 21
19 15 16
22 24 19
21 27 9
24 25 0
21 23 31
23 30 8
28 32 10
22 29 32
26 29 30
27 28 31
25 28 33
24 29 33
26 27 33
30 31 32
35
{[13, 12, 10, 6, 1]}
{[8, 7, 4, 2, 0]}
34
13 17 21
7 3 5
6 15 4
1 4 16
19 2 3
12 1 9
7 13 2
6 1 8
7 10 23
10 5 25
8 9 31
12 16 17
11 14 5
0 6 14
12 13 18
20 2 18
11 20 3
0 11 18
14 15 17
4 20 22
19 15 16
23 24 0
24 25 19
21 27 8
21 22 26
22 30 9
24 28 32
23 29 32
26 29 30
27 28 31
25 28 33
29 33 10
26 27 33
30 31 32
36
{[13, 12, 10, 6, 1]}
{[9, 7, 3, 2, 0]}
34
13 17 24
7 3 5
6 15 4
1 4 16
19 2 3
12 1 9
7 13 2
6 1 8
7 10 25
10 5 22
8 9 21
12 16 17
11 14 5
0 6 14
12 13 18
20 2 18
11 20 3
0 11 18
14 15 17
4 20 30
19 15 16
23 24 10
23 25 9
21 22 27
21 26 0
22 31 8
24 28 32
23 29 32
26 29 30
27 28 31
28 33 19
25 29 33
26 27 33
30 31 32
37
{[13, 12, 10, 6, 1]}
{[6, 3, 2, 1, 0]}
34
13 17 22
7 3 5
6 15 4
1 4 16
19 2 3
12 1 9
7 13 2
6 1 8
7 10 25
10 5 23
8 9 21
12 16 17
11 14 5
0 6 14
12 13 18
20 2 18
11 20 3
0 11 18
14 15 17
4 20 26
19 15 16
22 24 10
21 27 0
24 25 9
21 23 31
23 30 8
28 32 19
22 29 32
26 29 30
27 28 31
25 28 33
24 29 33
26 27 33
30 31 32
38
{[13, 12, 10, 6, 1]}
{[9, 7, 3, 2, 0]}
34
13 17 22
7 3 5
6 15 4
1 4 16
19 2 3
12 1 9
7 13 2
6 1 8
7 10 25
10 5 24
8 9 30
12 16 17
11 14 5
0 6 14
12 13 18
20 2 18
11 20 3
0 11 18
14 15 17
4 20 21
19 15 16
23 24 19
23 25 0
21 22 27
21 26 9
22 31 8
24 28 32
23 29 32
26 29 30
27 28 31
28 33 10
25 29 33
26 27 33
30 31 32
39
{[13, 12, 10, 6, 1]}
{[5, 4, 2, 1, 0]}
34
13 17 21
7 3 5
6 15 4
1 4 16
19 2 3
12 1 9
7 13 2
6 1 8
7 10 22
10 5 24
8 9 27
12 16 17
11 14 5
0 6 14
12 13 18
20 2 18
11 20 3
0 11 18
14 15 17
4 20 23
19 15 16
22 25 0
21 26 8
24 25 19
23 31 9
21 23 30
22 28 32
29 32 10
26 29 30
27 28 31
25 28 33
24 29 33
26 27 33
30 31 32
40
{[13, 12, 10, 6, 1]}
{[8, 7, 4, 2, 0]}
34
13 17 25
7 3 5
6 15 4
1 4 16
19 2 3
12 1 9
7 13 2
6 1 8
7 10 23
10 5 21
8 9 22
12 16 17
11 14 5
0 6 14
12 13 18
20 2 18
11 20 3
0 11 18
14 15 17
4 20 31
19 15 16
23 24 9
24 25 10
21 27 8
21 22 26
22 30 0
24 28 32
23 29 32
26 29 30
27 28 31
25 28 33
29 33 19
26 27 33
30 31 32
41
{[13, 12, 10, 6, 1]}
{[16, 13, 12, 11, 10]}
34
13 17 33
7 3 5
6 15 4
1 4 16
19 2 3
12 1 9
7 13 2
6 1 8
7 10 32
10 5 27
8 9 31
12 16 17
11 14 5
0 6 14
12 13 18
20 2 18
11 20 3
0 11 18
14 15 17
4 20 26
19 15 16
23 24 25
23 26 27
21 22 28
21 27 30
21 26 29
22 25 19
22 24 9
23 29 30
25 28 32
24 28 31
30 33 10
29 33 8
31 32 0
42
{[13, 12, 10, 6, 1]}
{[17, 16, 14, 12, 10]}
34
13 17 32
7 3 5
6 15 4
1 4 16
19 2 3
12 1 9
7 13 2
6 1 8
7 10 31
10 5 30
8 9 33
12 16 17
11 14 5
0 6 14
12 13 18
20 2 18
11 20 3
0 11 18
14 15 17
4 20 27
19 15 16
23 24 25
23 26 27
21 22 28
21 27 30
21 26 29
22 25 31
22 24 19
23 29 30
25 28 33
24 28 9
26 32 8
31 33 0
29 32 10
43
{[13, 12, 10, 6, 1]}
{[16, 13, 12, 11, 10]}
34
13 17 27
7 3 5
6 15 4
1 4 16
19 2 3
12 1 9
7 13 2
6 1 8
7 10 32
10 5 33
8 9 26
12 16 17
11 14 5
0 6 14
12 13 18
20 2 18
11 20 3
0 11 18
14 15 17
4 20 31
19 15 16
23 24 25
23 26 27
21 22 28
21 27 30
21 26 29
22 25 10
22 24 0
23 29 30
25 28 32
24 28 31
30 33 19
29 33 8
31 32 9
44
{[13, 12, 10, 6, 1]}
{[17, 16, 14, 12, 10]}
34
13 17 30
7 3 5
6 15 4
1 4 16
19 2 3
12 1 9
7 13 2
6 1 8
7 10 31
10 5 32
8 9 27
12 16 17
11 14 5
0 6 14
12 13 18
20 2 18
11 20 3
0 11 18
14 15 17
4 20 33
19 15 16
23 24 25
23 26 27
21 22 28
21 27 30
21 26 29
22 25 31
22 24 10
23 29 30
25 28 33
24 28 0
26 32 8
31 33 9
29 32 19
45
{[13, 12, 10, 6, 1]}
{[17, 16, 15, 13, 11]}
34
13 17 26
7 3 5
6 15 4
1 4 16
19 2 3
12 1 9
7 13 2
6 1 8
7 10 33
10 5 32
8 9 29
12 16 17
11 14 5
0 6 14
12 13 18
20 2 18
11 20 3
0 11 18
14 15 17
4 20 31
19 15 16
23 24 25
23 26 27
21 22 28
21 27 30
21 26 29
22 25 0
22 24 31
23 29 30
25 28 10
24 28 33
27 32 19
31 33 9
30 32 8
46
{[13, 12, 10, 6, 1]}
{[17, 16, 15, 13, 11]}
34
13 17 32
7 3 5
6 15 4
1 4 16
19 2 3
12 1 9
7 13 2
6 1 8
7 10 33
10 5 26
8 9 31
12 16 17
11 14 5
0 6 14
12 13 18
20 2 18
11 20 3
0 11 18
14 15 17
4 20 29
19 15 16
23 24 25
23 26 27
21 22 28
21 27 30
21 26 29
22 25 9
22 24 31
23 29 30
25 28 19
24 28 33
27 32 10
31 33 0
30 32 8
47
{[13, 12, 10, 6, 1]}
{[17, 15, 14, 13, 12]}
34
13 17 29
7 3 5
6 15 4
1 4 16
19 2 3
12 1 9
7 13 2
6 1 8
7 10 31
10 5 33
8 9 30
12 16 17
11 14 5
0 6 14
12 13 18
20 2 18
11 20 3
0 11 18
14 15 17
4 20 32
19 15 16
23 24 25
23 26 27
21 22 28
21 27 30
21 26 29
22 25 32
22 24 31
23 29 30
25 28 0
24 28 10
27 33 8
26 33 19
31 32 9
48
{[13, 12, 10, 6, 1]}
{[17, 15, 14, 13, 12]}
34
13 17 33
7 3 5
6 15 4
1 4 16
19 2 3
12 1 9
7 13 2
6 1 8
7 10 31
10 5 29
8 9 32
12 16 17
11 14 5
0 6 14
12 13 18
20 2 18
11 20 3
0 11 18
14 15 17
4 20 30
19 15 16
23 24 25
23 26 27
21 22 28
21 27 30
21 26 29
22 25 32
22 24 31
23 29 30
25 28 9
24 28 19
27 33 8
26 33 10
31 32 0
49
{[15, 14, 13, 6, 1]}
{[5, 4, 2, 1, 0]}
34
13 10 17
7 3 5
6 15 4
1 4 16
19 2 3
12 1 27
7 13 2
6 1 9
9 10 23
7 8 21
0 8 22
12 16 17
11 14 5
0 6 14
12 13 18
20 2 18
11 20 3
0 11 18
14 15 17
4 20 24
19 15 16
22 25 9
21 26 10
24 25 8
23 31 19
21 23 30
22 28 32
29 32 5
26 29 30
27 28 31
25 28 33
24 29 33
26 27 33
30 31 32
50
{[15, 14, 13, 6, 1]}
{[6, 3, 2, 1, 0]}
34
13 10 17
7 3 5
6 15 4
1 4 16
19 2 3
12 1 21
7 13 2
6 1 9
9 10 26
7 8 22
0 8 25
12 16 17
11 14 5
0 6 14
12 13 18
20 2 18
11 20 3
0 11 18
14 15 17
4 20 23
19 15 16
22 24 5
21 27 9
24 25 19
21 23 31
23 30 10
28 32 8
22 29 32
26 29 30
27 28 31
25 28 33
24 29 33
26 27 33
30 31 32
51
{[15, 14, 13, 6, 1]}
{[8, 7, 4, 2, 0]}
34
13 10 17
7 3 5
6 15 4
1 4 16
19 2 3
12 1 22
7 13 2
6 1 9
9 10 31
7 8 25
0 8 23
12 16 17
11 14 5
0 6 14
12 13 18
20 2 18
11 20 3
0 11 18
14 15 17
4 20 21
19 15 16
23 24 19
24 25 5
21 27 10
21 22 26
22 30 9
24 28 32
23 29 32
26 29 30
27 28 31
25 28 33
29 33 8
26 27 33
30 31 32
52
{[15, 14, 13, 6, 1]}
{[9, 7, 3, 2, 0]}
34
13 10 17
7 3 5
6 15 4
1 4 16
19 2 3
12 1 30
7 13 2
6 1 9
9 10 21
7 8 22
0 8 25
12 16 17
11 14 5
0 6 14
12 13 18
20 2 18
11 20 3
0 11 18
14 15 17
4 20 24
19 15 16
23 24 8
23 25 9
21 22 27
21 26 19
22 31 10
24 28 32
23 29 32
26 29 30
27 28 31
28 33 5
25 29 33
26 27 33
30 31 32
53
{[15, 14, 13, 6, 1]}
{[6, 3, 2, 1, 0]}
34
13 10 17
7 3 5
6 15 4
1 4 16
19 2 3
12 1 26
7 13 2
6 1 9
9 10 21
7 8 23
0 8 25
12 16 17
11 14 5
0 6 14
12 13 18
20 2 18
11 20 3
0 11 18
14 15 17
4 20 22
19 15 16
22 24 8
21 27 19
24 25 9
21 23 31
23 30 10
28 32 5
22 29 32
26 29 30
27 28 31
25 28 33
24 29 33
26 27 33
30 31 32
54
{[15, 14, 13, 6, 1]}
{[9, 7, 3, 2, 0]}
34
13 10 17
7 3 5
6 15 4
1 4 16
19 2 3
12 1 21
7 13 2
6 1 9
9 10 30
7 8 24
0 8 25
12 16 17
11 14 5
0 6 14
12 13 18
20 2 18
11 20 3
0 11 18
14 15 17
4 20 22
19 15 16
23 24 5
23 25 19
21 22 27
21 26 9
22 31 10
24 28 32
23 29 32
26 29 30
27 28 31
28 33 8
25 29 33
26 27 33
30 31 32
55
{[15, 14, 13, 6, 1]}
{[5, 4, 2, 1, 0]}
34
13 10 17
7 3 5
6 15 4
1 4 16
19 2 3
12 1 23
7 13 2
6 1 9
9 10 27
7 8 24
0 8 22
12 16 17
11 14 5
0 6 14
12 13 18
20 2 18
11 20 3
0 11 18
14 15 17
4 20 21
19 15 16
22 25 19
21 26 10
24 25 5
23 31 9
21 23 30
22 28 32
29 32 8
26 29 30
27 28 31
25 28 33
24 29 33
26 27 33
30 31 32
56
{[15, 14, 13, 6, 1]}
{[8, 7, 4, 2, 0]}
34
13 10 17
7 3 5
6 15 4
1 4 16
19 2 3
12 1 31
7 13 2
6 1 9
9 10 22
7 8 21
0 8 23
12 16 17
11 14 5
0 6 14
12 13 18
20 2 18
11 20 3
0 11 18
14 15 17
4 20 25
19 15 16
23 24 9
24 25 8
21 27 10
21 22 26
22 30 19
24 28 32
23 29 32
26 29 30
27 28 31
25 28 33
29 33 5
26 27 33
30 31 32
57
{[15, 14, 13, 6, 1]}
{[16, 13, 12, 11, 10]}
34
13 10 17
7 3 5
6 15 4
1 4 16
19 2 3
12 1 26
7 13 2
6 1 9
9 10 31
7 8 27
0 8 32
12 16 17
11 14 5
0 6 14
12 13 18
20 2 18
11 20 3
0 11 18
14 15 17
4 20 33
19 15 16
23 24 25
23 26 27
21 22 28
21 27 30
21 26 29
22 25 5
22 24 9
23 29 30
25 28 32
24 28 31
30 33 8
29 33 10
31 32 19
58
{[15, 14, 13, 6, 1]}
{[17, 16, 14, 12, 10]}
34
13 10 17
7 3 5
6 15 4
1 4 16
19 2 3
12 1 27
7 13 2
6 1 9
9 10 33
7 8 30
0 8 31
12 16 17
11 14 5
0 6 14
12 13 18
20 2 18
11 20 3
0 11 18
14 15 17
4 20 32
19 15 16
23 24 25
23 26 27
21 22 28
21 27 30
21 26 29
22 25 31
22 24 5
23 29 30
25 28 33
24 28 9
26 32 10
31 33 19
29 32 8
59
{[15, 14, 13, 6, 1]}
{[16, 13, 12, 11, 10]}
34
13 10 17
7 3 5
6 15 4
1 4 16
19 2 3
12 1 31
7 13 2
6 1 9
9 10 26
7 8 33
0 8 32
12 16 17
11 14 5
0 6 14
12 13 18
20 2 18
11 20 3
0 11 18
14 15 17
4 20 27
19 15 16
23 24 25
23 26 27
21 22 28
21 27 30
21 26 29
22 25 8
22 24 19
23 29 30
25 28 32
24 28 31
30 33 5
29 33 10
31 32 9
60
{[15, 14, 13, 6, 1]}
{[17, 16, 14, 12, 10]}
34
13 10 17
7 3 5
6 15 4
1 4 16
19 2 3
12 1 33
7 13 2
6 1 9
9 10 27
7 8 32
0 8 31
12 16 17
11 14 5
0 6 14
12 13 18
20 2 18
11 20 3
0 11 18
14 15 17
4 20 30
19 15 16
23 24 25
23 26 27
21 22 28
21 27 30
21 26 29
22 25 31
22 24 8
23 29 30
25 28 33
24 28 19
26 32 10
31 33 9
29 32 5
61
{[15, 14, 13, 6, 1]}
{[17, 16, 15, 13, 11]}
34
13 10 17
7 3 5
6 15 4
1 4 16
19 2 3
12 1 31
7 13 2
6 1 9
9 10 29
7 8 32
0 8 33
12 16 17
11 14 5
0 6 14
12 13 18
20 2 18
11 20 3
0 11 18
14 15 17
4 20 26
19 15 16
23 24 25
23 26 27
21 22 28
21 27 30
21 26 29
22 25 19
22 24 31
23 29 30
25 28 8
24 28 33
27 32 5
31 33 9
30 32 10
62
{[15, 14, 13, 6, 1]}
{[17, 16, 15, 13, 11]}
34
13 10 17
7 3 5
6 15 4
1 4 16
19 2 3
12 1 29
7 13 2
6 1 9
9 10 31
7 8 26
0 8 33
12 16 17
11 14 5
0 6 14
12 13 18
20 2 18
11 20 3
0 11 18
14 15 17
4 20 32
19 15 16
23 24 25
23 26 27
21 22 28
21 27 30
21 26 29
22 25 9
22 24 31
23 29 30
25 28 5
24 28 33
27 32 8
31 33 19
30 32 10
63
{[15, 14, 13, 6, 1]}
{[17, 15, 14, 13, 12]}
34
13 10 17
7 3 5
6 15 4
1 4 16
19 2 3
12 1 32
7 13 2
6 1 9
9 10 30
7 8 33
0 8 31
12 16 17
11 14 5
0 6 14
12 13 18
20 2 18
11 20 3
0 11 18
14 15 17
4 20 29
19 15 16
23 24 25
23 26 27
21 22 28
21 27 30
21 26 29
22 25 32
22 24 31
23 29 30
25 28 19
24 28 8
27 33 10
26 33 5
31 32 9
64
{[15, 14, 13, 6, 1]}
{[17, 15, 14, 13, 12]}
34
13 10 17
7 3 5
6 15 4
1 4 16
19 2 3
12 1 30
7 13 2
6 1 9
9 10 32
7 8 29
0 8 31
12 16 17
11 14 5
0 6 14
12 13 18
20 2 18
11 20 3
0 11 18
14 15 17
4 20 33
19 15 16
23 24 25
23 26 27
21 22 28
21 27 30
21 26 29
22 25 32
22 24 31
23 29 30
25 28 9
24 28 5
27 33 10
26 33 8
31 32 19
65
{[13, 12, 10, 6, 1]}
{[5, 4, 2, 1, 0]}
34
13 17 21
7 3 5
6 15 4
1 4 16
19 2 3
12 1 9
7 13 2
6 1 8
7 10 22
10 5 24
8 9 27
12 16 17
11 14 5
0 6 14
12 13 18
20 2 18
11 20 3
0 11 18
14 15 17
4 20 23
19 15 16
22 25 0
21 26 8
24 25 19
23 31 9
21 23 30
22 28 32
29 32 10
26 29 30
27 28 31
25 28 33
24 29 33
26 27 33
30 31 32
66
{[13, 12, 10, 6, 1]}
{[6, 3, 2, 1, 0]}
34
13 17 22
7 3 5
6 15 4
1 4 16
19 2 3
12 1 9
7 13 2
6 1 8
7 10 25
10 5 23
8 9 21
12 16 17
11 14 5
0 6 14
12 13 18
20 2 18
11 20 3
0 11 18
14 15 17
4 20 26
19 15 16
22 24 10
21 27 0
24 25 9
21 23 31
23 30 8
28 32 19
22 29 32
26 29 30
27 28 31
25 28 33
24 29 33
26 27 33
30 31 32
67
{[13, 12, 10, 6, 1]}
{[8, 7, 4, 2, 0]}
34
13 17 25
7 3 5
6 15 4
1 4 16
19 2 3
12 1 9
7 13 2
6 1 8
7 10 23
10 5 21
8 9 22
12 16 17
11 14 5
0 6 14
12 13 18
20 2 18
11 20 3
0 11 18
14 15 17
4 20 31
19 15 16
23 24 9
24 25 10
21 27 8
21 22 26
22 30 0
24 28 32
23 29 32
26 29 30
27 28 31
25 28 33
29 33 19
26 27 33
30 31 32
68
{[13, 12, 10, 6, 1]}
{[9, 7, 3, 2, 0]}
34
13 17 22
7 3 5
6 15 4
1 4 16
19 2 3
12 1 9
7 13 2
6 1 8
7 10 25
10 5 24
8 9 30
12 16 17
11 14 5
0 6 14
12 13 18
20 2 18
11 20 3
0 11 18
14 15 17
4 20 21
19 15 16
23 24 19
23 25 0
21 22 27
21 26 9
22 31 8
24 28 32
23 29 32
26 29 30
27 28 31
28 33 10
25 29 33
26 27 33
30 31 32
69
{[13, 12, 10, 6, 1]}
{[6, 3, 2, 1, 0]}
34
13 17 23
7 3 5
6 15 4
1 4 16
19 2 3
12 1 9
7 13 2
6 1 8
7 10 25
10 5 22
8 9 26
12 16 17
11 14 5
0 6 14
12 13 18
20 2 18
11 20 3
0 11 18
14 15 17
4 20 21
19 15 16
22 24 19
21 27 9
24 25 0
21 23 31
23 30 8
28 32 10
22 29 32
26 29 30
27 28 31
25 28 33
24 29 33
26 27 33
30 31 32
70
{[13, 12, 10, 6, 1]}
{[9, 7, 3, 2, 0]}
34
13 17 24
7 3 5
6 15 4
1 4 16
19 2 3
12 1 9
7 13 2
6 1 8
7 10 25
10 5 22
8 9 21
12 16 17
11 14 5
0 6 14
12 13 18
20 2 18
11 20 3
0 11 18
14 15 17
4 20 30
19 15 16
23 24 10
23 25 9
21 22 27
21 26 0
22 31 8
24 28 32
23 29 32
26 29 30
27 28 31
28 33 19
25 29 33
26 27 33
30 31 32
71
{[13, 12, 10, 6, 1]}
{[5, 4, 2, 1, 0]}
34
13 17 24
7 3 5
6 15 4
1 4 16
19 2 3
12 1 9
7 13 2
6 1 8
7 10 22
10 5 21
8 9 23
12 16 17
11 14 5
0 6 14
12 13 18
20 2 18
11 20 3
0 11 18
14 15 17
4 20 27
19 15 16
22 25 9
21 26 8
24 25 10
23 31 0
21 23 30
22 28 32
29 32 19
26 29 30
27 28 31
25 28 33
24 29 33
26 27 33
30 31 32
72
{[13, 12, 10, 6, 1]}
{[8, 7, 4, 2, 0]}
34
13 17 21
7 3 5
6 15 4
1 4 16
19 2 3
12 1 9
7 13 2
6 1 8
7 10 23
10 5 25
8 9 31
12 16 17
11 14 5
0 6 14
12 13 18
20 2 18
11 20 3
0 11 18
14 15 17
4 20 22
19 15 16
23 24 0
24 25 19
21 27 8
21 22 26
22 30 9
24 28 32
23 29 32
26 29 30
27 28 31
25 28 33
29 33 10
26 27 33
30 31 32
73
{[13, 12, 10, 6, 1]}
{[16, 13, 12, 11, 10]}
34
13 17 27
7 3 5
6 15 4
1 4 16
19 2 3
12 1 9
7 13 2
6 1 8
7 10 32
10 5 33
8 9 26
12 16 17
11 14 5
0 6 14
12 13 18
20 2 18
11 20 3
0 11 18
14 15 17
4 20 31
19 15 16
23 24 25
23 26 27
21 22 28
21 27 30
21 26 29
22 25 10
22 24 0
23 29 30
25 28 32
24 28 31
30 33 19
29 33 8
31 32 9
74
{[13, 12, 10, 6, 1]}
{[17, 16, 14, 12, 10]}
34
13 17 30
7 3 5
6 15 4
1 4 16
19 2 3
12 1 9
7 13 2
6 1 8
7 10 31
10 5 32
8 9 27
12 16 17
11 14 5
0 6 14
12 13 18
20 2 18
11 20 3
0 11 18
14 15 17
4 20 33
19 15 16
23 24 25
23 26 27
21 22 28
21 27 30
21 26 29
22 25 31
22 24 10
23 29 30
25 28 33
24 28 0
26 32 8
31 33 9
29 32 19
75
{[13, 12, 10, 6, 1]}
{[16, 13, 12, 11, 10]}
34
13 17 33
7 3 5
6 15 4
1 4 16
19 2 3
12 1 9
7 13 2
6 1 8
7 10 32
10 5 27
8 9 31
12 16 17
11 14 5
0 6 14
12 13 18
20 2 18
11 20 3
0 11 18
14 15 17
4 20 26
19 15 16
23 24 25
23 26 27
21 22 28
21 27 30
21 26 29
22 25 19
22 24 9
23 29 30
25 28 32
24 28 31
30 33 10
29 33 8
31 32 0
76
{[13, 12, 10, 6, 1]}
{[17, 16, 14, 12, 10]}
34
13 17 32
7 3 5
6 15 4
1 4 16
19 2 3
12 1 9
7 13 2
6 1 8
7 10 31
10 5 30
8 9 33
12 16 17
11 14 5
0 6 14
12 13 18
20 2 18
11 20 3
0 11 18
14 15 17
4 20 27
19 15 16
23 24 25
23 26 27
21 22 28
21 27 30
21 26 29
22 25 31
22 24 19
23 29 30
25 28 33
24 28 9
26 32 8
31 33 0
29 32 10
77
{[13, 12, 10, 6, 1]}
{[17, 16, 15, 13, 11]}
34
13 17 32
7 3 5
6 15 4
1 4 16
19 2 3
12 1 9
7 13 2
6 1 8
7 10 33
10 5 26
8 9 31
12 16 17
11 14 5
0 6 14
12 13 18
20 2 18
11 20 3
0 11 18
14 15 17
4 20 29
19 15 16
23 24 25
23 26 27
21 22 28
21 27 30
21 26 29
22 25 9
22 24 31
23 29 30
25 28 19
24 28 33
27 32 10
31 33 0
30 32 8
78
{[13, 12, 10, 6, 1]}
{[17, 16, 15, 13, 11]}
34
13 17 26
7 3 5
6 15 4
1 4 16
19 2 3
12 1 9
7 13 2
6 1 8
7 10 33
10 5 32
8 9 29
12 16 17
11 14 5
0 6 14
12 13 18
20 2 18
11 20 3
0 11 18
14 15 17
4 20 31
19 15 16
23 24 25
23 26 27
21 22 28
21 27 30
21 26 29
22 25 0
22 24 31
23 29 30
25 28 10
24 28 33
27 32 19
31 33 9
30 32 8
79
{[13, 12, 10, 6, 1]}
{[17, 15, 14, 13, 12]}
34
13 17 33
7 3 5
6 15 4
1 4 16
19 2 3
12 1 9
7 13 2
6 1 8
7 10 31
10 5 29
8 9 32
12 16 17
11 14 5
0 6 14
12 13 18
20 2 18
11 20 3
0 11 18
14 15 17
4 20 30
19 15 16
23 24 25
23 26 27
21 22 28
21 27 30
21 26 29
22 25 32
22 24 31
23 29 30
25 28 9
24 28 19
27 33 8
26 33 10
31 32 0
80
{[13, 12, 10, 6, 1]}
{[17, 15, 14, 13, 12]}
34
13 17 29
7 3 5
6 15 4
1 4 16
19 2 3
12 1 9
7 13 2
6 1 8
7 10 31
10 5 33
8 9 30
12 16 17
11 14 5
0 6 14
12 13 18
20 2 18
11 20 3
0 11 18
14 15 17
4 20 32
19 15 16
23 24 25
23 26 27
21 22 28
21 27 30
21 26 29
22 25 32
22 24 31
23 29 30
25 28 0
24 28 10
27 33 8
26 33 19
31 32 9
81
{[15, 14, 13, 6, 1]}
{[5, 4, 2, 1, 0]}
34
13 10 17
7 3 5
6 15 4
1 4 16
19 2 3
12 1 23
7 13 2
6 1 9
9 10 27
7 8 24
0 8 22
12 16 17
11 14 5
0 6 14
12 13 18
20 2 18
11 20 3
0 11 18
14 15 17
4 20 21
19 15 16
22 25 19
21 26 10
24 25 5
23 31 9
21 23 30
22 28 32
29 32 8
26 29 30
27 28 31
25 28 33
24 29 33
26 27 33
30 31 32
82
{[15, 14, 13, 6, 1]}
{[6, 3, 2, 1, 0]}
34
13 10 17
7 3 5
6 15 4
1 4 16
19 2 3
12 1 26
7 13 2
6 1 9
9 10 21
7 8 23
0 8 25
12 16 17
11 14 5
0 6 14
12 13 18
20 2 18
11 20 3
0 11 18
14 15 17
4 20 22
19 15 16
22 24 8
21 27 19
24 25 9
21 23 31
23 30 10
28 32 5
22 29 32
26 29 30
27 28 31
25 28 33
24 29 33
26 27 33
30 31 32
83
{[15, 14, 13, 6, 1]}
{[8, 7, 4, 2, 0]}
34
13 10 17
7 3 5
6 15 4
1 4 16
19 2 3
12 1 31
7 13 2
6 1 9
9 10 22
7 8 21
0 8 23
12 16 17
11 14 5
0 6 14
12 13 18
20 2 18
11 20 3
0 11 18
14 15 17
4 20 25
19 15 16
23 24 9
24 25 8
21 27 10
21 22 26
22 30 19
24 28 32
23 29 32
26 29 30
27 28 31
25 28 33
29 33 5
26 27 33
30 31 32
84
{[15, 14, 13, 6, 1]}
{[9, 7, 3, 2, 0]}
34
13 10 17
7 3 5
6 15 4
1 4 16
19 2 3
12 1 21
7 13 2
6 1 9
9 10 30
7 8 24
0 8 25
12 16 17
11 14 5
0 6 14
12 13 18
20 2 18
11 20 3
0 11 18
14 15 17
4 20 22
19 15 16
23 24 5
23 25 19
21 22 27
21 26 9
22 31 10
24 28 32
23 29 32
26 29 30
27 28 31
28 33 8
25 29 33
26 27 33
30 31 32
85
{[15, 14, 13, 6, 1]}
{[6, 3, 2, 1, 0]}
34
13 10 17
7 3 5
6 15 4
1 4 16
19 2 3
12 1 21
7 13 2
6 1 9
9 10 26
7 8 22
0 8 25
12 16 17
11 14 5
0 6 14
12 13 18
20 2 18
11 20 3
0 11 18
14 15 17
4 20 23
19 15 16
22 24 5
21 27 9
24 25 19
21 23 31
23 30 10
28 32 8
22 29 32
26 29 30
27 28 31
25 28 33
24 29 33
26 27 33
30 31 32
86
{[15, 14, 13, 6, 1]}
{[9, 7, 3, 2, 0]}
34
13 10 17
7 3 5
6 15 4
1 4 16
19 2 3
12 1 30
7 13 2
6 1 9
9 10 21
7 8 22
0 8 25
12 16 17
11 14 5
0 6 14
12 13 18
20 2 18
11 20 3
0 11 18
14 15 17
4 20 24
19 15 16
23 24 8
23 25 9
21 22 27
21 26 19
22 31 10
24 28 32
23 29 32
26 29 30
27 28 31
28 33 5
25 29 33
26 27 33
30 31 32
87
{[15, 14, 13, 6, 1]}
{[5, 4, 2, 1, 0]}
34
13 10 17
7 3 5
6 15 4
1 4 16
19 2 3
12 1 27
7 13 2
6 1 9
9 10 23
7 8 21
0 8 22
12 16 17
11 14 5
0 6 14
12 13 18
20 2 18
11 20 3
0 11 18
14 15 17
4 20 24
19 15 16
22 25 9
21 26 10
24 25 8
23 31 19
21 23 30
22 28 32
29 32 5
26 29 30
27 28 31
25 28 33
24 29 33
26 27 33
30 31 32
88
{[15, 14, 13, 6, 1]}
{[8, 7, 4, 2, 0]}
34
13 10 17
7 3 5
6 15 4
1 4 16
19 2 3
12 1 22
7 13 2
6 1 9
9 10 31
7 8 25
0 8 23
12 16 17
11 14 5
0 6 14
12 13 18
20 2 18
11 20 3
0 11 18
14 15 17
4 20 21
19 15 16
23 24 19
24 25 5
21 27 10
21 22 26
22 30 9
24 28 32
23 29 32
26 29 30
27 28 31
25 28 33
29 33 8
26 27 33
30 31 32
89
{[15, 14, 13, 6, 1]}
{[16, 13, 12, 11, 10]}
34
13 10 17
7 3 5
6 15 4
1 4 16
19 2 3
12 1 31
7 13 2
6 1 9
9 10 26
7 8 33
0 8 32
12 16 17
11 14 5
0 6 14
12 13 18
20 2 18
11 20 3
0 11 18
14 15 17
4 20 27
19 15 16
23 24 25
23 26 27
21 22 28
21 27 30
21 26 29
22 25 8
22 24 19
23 29 30
25 28 32
24 28 31
30 33 5
29 33 10
31 32 9
90
{[15, 14, 13, 6, 1]}
{[17, 16, 14, 12, 10]}
34
13 10 17
7 3 5
6 15 4
1 4 16
19 2 3
12 1 33
7 13 2
6 1 9
9 10 27
7 8 32
0 8 31
12 16 17
11 14 5
0 6 14
12 13 18
20 2 18
11 20 3
0 11 18
14 15 17
4 20 30
19 15 16
23 24 25
23 26 27
21 22 28
21 27 30
21 26 29
22 25 31
22 24 8
23 29 30
25 28 33
24 28 19
26 32 10
31 33 9
29 32 5
91
{[15, 14, 13, 6, 1]}
{[16, 13, 12, 11, 10]}
34
13 10 17
7 3 5
6 15 4
1 4 16
19 2 3
12 1 26
7 13 2
6 1 9
9 10 31
7 8 27
0 8 32
12 16 17
11 14 5
0 6 14
12 13 18
20 2 18
11 20 3
0 11 18
14 15 17
4 20 33
19 15 16
23 24 25
23 26 27
21 22 28
21 27 30
21 26 29
22 25 5
22 24 9
23 29 30
25 28 32
24 28 31
30 33 8
29 33 10
31 32 19
92
{[15, 14, 13, 6, 1]}
{[17, 16, 14, 12, 10]}
34
13 10 17
7 3 5
6 15 4
1 4 16
19 2 3
12 1 27
7 13 2
6 1 9
9 10 33
7 8 30
0 8 31
12 16 17
11 14 5
0 6 14
12 13 18
20 2 18
11 20 3
0 11 18
14 15 17
4 20 32
19 15 16
23 24 25
23 26 27
21 22 28
21 27 30
21 26 29
22 25 31
22 24 5
23 29 30
25 28 33
24 28 9
26 32 10
31 33 19
29 32 8
93
{[15, 14, 13, 6, 1]}
{[17, 16, 15, 13, 11]}
34
13 10 17
7 3 5
6 15 4
1 4 16
19 2 3
12 1 29
7 13 2
6 1 9
9 10 31
7 8 26
0 8 33
12 16 17
11 14 5
0 6 14
12 13 18
20 2 18
11 20 3
0 11 18
14 15 17
4 20 32
19 15 16
23 24 25
23 26 27
21 22 28
21 27 30
21 26 29
22 25 9
22 24 31
23 29 30
25 28 5
24 28 33
27 32 8
31 33 19
30 32 10
94
{[15, 14, 13, 6, 1]}
{[17, 16, 15, 13, 11]}
34
13 10 17
7 3 5
6 15 4
1 4 16
19 2 3
12 1 31
7 13 2
6 1 9
9 10 29
7 8 32
0 8 33
12 16 17
11 14 5
0 6 14
12 13 18
20 2 18
11 20 3
0 11 18
14 15 17
4 20 26
19 15 16
23 24 25
23 26 27
21 22 28
21 27 30
21 26 29
22 25 19
22 24 31
23 29 30
25 28 8
24 28 33
27 32 5
31 33 9
30 32 10
95
{[15, 14, 13, 6, 1]}
{[17, 15, 14, 13, 12]}
34
13 10 17
7 3 5
6 15 4
1 4 16
19 2 3
12 1 30
7 13 2
6 1 9
9 10 32
7 8 29
0 8 31
12 16 17
11 14 5
0 6 14
12 13 18
20 2 18
11 20 3
0 11 18
14 15 17
4 20 33
19 15 16
23 24 25
23 26 27
21 22 28
21 27 30
21 26 29
22 25 32
22 24 31
23 29 30
25 28 9
24 28 5
27 33 10
26 33 8
31 32 19
96
{[15, 14, 13, 6, 1]}
{[17, 15, 14, 13, 12]}
34
13 10 17
7 3 5
6 15 4
1 4 16
19 2 3
12 1 32
7 13 2
6 1 9
9 10 30
7 8 33
0 8 31
12 16 17
11 14 5
0 6 14
12 13 18
20 2 18
11 20 3
0 11 18
14 15 17
4 20 29
19 15 16
23 24 25
23 26 27
21 22 28
21 27 30
21 26 29
22 25 32
22 24 31
23 29 30
25 28 19
24 28 8
27 33 10
26 33 5
31 32 9
97
{[25, 24, 20, 5, 3]}
{[5, 4, 2, 1, 0]}
34
16 10 19
11 4 23
7 3 5
2 18 24
1 8 12
15 2 12
7 16 22
6 2 9
9 10 4
7 8 13
0 8 11
1 10 13
13 4 5
9 11 12
15 18 19
14 17 5
0 6 17
15 16 20
14 3 27
0 14 20
17 19 21
22 25 20
21 26 6
24 25 1
23 31 3
21 23 30
22 28 32
29 32 18
26 29 30
27 28 31
25 28 33
24 29 33
26 27 33
30 31 32
98
{[25, 24, 20, 5, 3]}
{[6, 3, 2, 1, 0]}
34
16 10 19
11 4 26
7 3 5
2 18 23
1 8 12
15 2 12
7 16 25
6 2 9
9 10 4
7 8 13
0 8 11
1 10 13
13 4 5
9 11 12
15 18 19
14 17 5
0 6 17
15 16 20
14 3 21
0 14 20
17 19 22
22 24 18
21 27 20
24 25 3
21 23 31
23 30 6
28 32 1
22 29 32
26 29 30
27 28 31
25 28 33
24 29 33
26 27 33
30 31 32
99
{[25, 24, 20, 5, 3]}
{[8, 7, 4, 2, 0]}
34
16 10 19
11 4 31
7 3 5
2 18 21
1 8 12
15 2 12
7 16 23
6 2 9
9 10 4
7 8 13
0 8 11
1 10 13
13 4 5
9 11 12
15 18 19
14 17 5
0 6 17
15 16 20
14 3 22
0 14 20
17 19 25
23 24 3
24 25 18
21 27 6
21 22 26
22 30 20
24 28 32
23 29 32
26 29 30
27 28 31
25 28 33
29 33 1
26 27 33
30 31 32
100
{[25, 24, 20, 5, 3]}
{[9, 7, 3, 2, 0]}
34
16 10 19
11 4 21
7 3 5
2 18 24
1 8 12
15 2 12
7 16 25
6 2 9
9 10 4
7 8 13
0 8 11
1 10 13
13 4 5
9 11 12
15 18 19
14 17 5
0 6 17
15 16 20
14 3 30
0 14 20
17 19 22
23 24 1
23 25 20
21 22 27
21 26 3
22 31 6
24 28 32
23 29 32
26 29 30
27 28 31
28 33 18
25 29 33
26 27 33
30 31 32
101
{[25, 24, 20, 5, 3]}
{[6, 3, 2, 1, 0]}
34
16 10 19
11 4 21
7 3 5
2 18 22
1 8 12
15 2 12
7 16 25
6 2 9
9 10 4
7 8 13
0 8 11
1 10 13
13 4 5
9 11 12
15 18 19
14 17 5
0 6 17
15 16 20
14 3 26
0 14 20
17 19 23
22 24 1
21 27 3
24 25 20
21 23 31
23 30 6
28 32 18
22 29 32
26 29 30
27 28 31
25 28 33
24 29 33
26 27 33
30 31 32
102
{[25, 24, 20, 5, 3]}
{[9, 7, 3, 2, 0]}
34
16 10 19
11 4 30
7 3 5
2 18 22
1 8 12
15 2 12
7 16 25
6 2 9
9 10 4
7 8 13
0 8 11
1 10 13
13 4 5
9 11 12
15 18 19
14 17 5
0 6 17
15 16 20
14 3 21
0 14 20
17 19 24
23 24 18
23 25 3
21 22 27
21 26 20
22 31 6
24 28 32
23 29 32
26 29 30
27 28 31
28 33 1
25 29 33
26 27 33
30 31 32
103
{[25, 24, 20, 5, 3]}
{[5, 4, 2, 1, 0]}
34
16 10 19
11 4 27
7 3 5
2 18 21
1 8 12
15 2 12
7 16 22
6 2 9
9 10 4
7 8 13
0 8 11
1 10 13
13 4 5
9 11 12
15 18 19
14 17 5
0 6 17
15 16 20
14 3 23
0 14 20
17 19 24
22 25 3
21 26 6
24 25 18
23 31 20
21 23 30
22 28 32
29 32 1
26 29 30
27 28 31
25 28 33
24 29 33
26 27 33
30 31 32
104
{[25, 24, 20, 5, 3]}
{[8, 7, 4, 2, 0]}
34
16 10 19
11 4 22
7 3 5
2 18 25
1 8 12
15 2 12
7 16 23
6 2 9
9 10 4
7 8 13
0 8 11
1 10 13
13 4 5
9 11 12
15 18 19
14 17 5
0 6 17
15 16 20
14 3 31
0 14 20
17 19 21
23 24 20
24 25 1
21 27 6
21 22 26
22 30 3
24 28 32
23 29 32
26 29 30
27 28 31
25 28 33
29 33 18
26 27 33
30 31 32
105
{[25, 24, 20, 5, 3]}
{[16, 13, 12, 11, 10]}
34
16 10 19
11 4 31
7 3 5
2 18 33
1 8 12
15 2 12
7 16 32
6 2 9
9 10 4
7 8 13
0 8 11
1 10 13
13 4 5
9 11 12
15 18 19
14 17 5
0 6 17
15 16 20
14 3 26
0 14 20
17 19 27
23 24 25
23 26 27
21 22 28
21 27 30
21 26 29
22 25 18
22 24 20
23 29 30
25 28 32
24 28 31
30 33 1
29 33 6
31 32 3
106
{[25, 24, 20, 5, 3]}
{[17, 16, 14, 12, 10]}
34
16 10 19
11 4 33
7 3 5
2 18 32
1 8 12
15 2 12
7 16 31
6 2 9
9 10 4
7 8 13
0 8 11
1 10 13
13 4 5
9 11 12
15 18 19
14 17 5
0 6 17
15 16 20
14 3 27
0 14 20
17 19 30
23 24 25
23 26 27
21 22 28
21 27 30
21 26 29
22 25 31
22 24 18
23 29 30
25 28 33
24 28 20
26 32 6
31 33 3
29 32 1
107
{[25, 24, 20, 5, 3]}
{[16, 13, 12, 11, 10]}
34
16 10 19
11 4 26
7 3 5
2 18 27
1 8 12
15 2 12
7 16 32
6 2 9
9 10 4
7 8 13
0 8 11
1 10 13
13 4 5
9 11 12
15 18 19
14 17 5
0 6 17
15 16 20
14 3 31
0 14 20
17 19 33
23 24 25
23 26 27
21 22 28
21 27 30
21 26 29
22 25 1
22 24 3
23 29 30
25 28 32
24 28 31
30 33 18
29 33 6
31 32 20
108
{[25, 24, 20, 5, 3]}
{[17, 16, 14, 12, 10]}
34
16 10 19
11 4 27
7 3 5
2 18 30
1 8 12
15 2 12
7 16 31
6 2 9
9 10 4
7 8 13
0 8 11
1 10 13
13 4 5
9 11 12
15 18 19
14 17 5
0 6 17
15 16 20
14 3 33
0 14 20
17 19 32
23 24 25
23 26 27
21 22 28
21 27 30
21 26 29
22 25 31
22 24 1
23 29 30
25 28 33
24 28 3
26 32 6
31 33 20
29 32 18
109
{[25, 24, 20, 5, 3]}
{[17, 16, 15, 13, 11]}
34
16 10 19
11 4 29
7 3 5
2 18 26
1 8 12
15 2 12
7 16 33
6 2 9
9 10 4
7 8 13
0 8 11
1 10 13
13 4 5
9 11 12
15 18 19
14 17 5
0 6 17
15 16 20
14 3 31
0 14 20
17 19 32
23 24 25
23 26 27
21 22 28
21 27 30
21 26 29
22 25 3
22 24 31
23 29 30
25 28 1
24 28 33
27 32 18
31 33 20
30 32 6
110
{[25, 24, 20, 5, 3]}
{[17, 16, 15, 13, 11]}
34
16 10 19
11 4 31
7 3 5
2 18 32
1 8 12
15 2 12
7 16 33
6 2 9
9 10 4
7 8 13
0 8 11
1 10 13
13 4 5
9 11 12
15 18 19
14 17 5
0 6 17
15 16 20
14 3 29
0 14 20
17 19 26
23 24 25
23 26 27
21 22 28
21 27 30
21 26 29
22 25 20
22 24 31
23 29 30
25 28 18
24 28 33
27 32 1
31 33 3
30 32 6
111
{[25, 24, 20, 5, 3]}
{[17, 15, 14, 13, 12]}
34
16 10 19
11 4 30
7 3 5
2 18 29
1 8 12
15 2 12
7 16 31
6 2 9
9 10 4
7 8 13
0 8 11
1 10 13
13 4 5
9 11 12
15 18 19
14 17 5
0 6 17
15 16 20
14 3 32
0 14 20
17 19 33
23 24 25
23 26 27
21 22 28
21 27 30
21 26 29
22 25 32
22 24 31
23 29 30
25 28 3
24 28 1
27 33 6
26 33 18
31 32 20
112
{[25, 24, 20, 5, 3]}
{[17, 15, 14, 13, 12]}
34
16 10 19
11 4 32
7 3 5
2 18 33
1 8 12
15 2 12
7 16 31
6 2 9
9 10 4
7 8 13
0 8 11
1 10 13
13 4 5
9 11 12
15 18 19
14 17 5
0 6 17
15 16 20
14 3 30
0 14 20
17 19 29
23 24 25
23 26 27
21 22 28
21 27 30
21 26 29
22 25 32
22 24 31
23 29 30
25 28 20
24 28 18
27 33 6
26 33 1
31 32 3
113
{[25, 24, 20, 5, 3]}
{[5, 4, 2, 1, 0]}
34
16 10 19
11 4 27
7 3 5
2 18 21
1 8 12
15 2 12
7 16 22
6 2 9
9 10 4
7 8 13
0 8 11
1 10 13
13 4 5
9 11 12
15 18 19
14 17 5
0 6 17
15 16 20
14 3 23
0 14 20
17 19 24
22 25 3
21 26 6
24 25 18
23 31 20
21 23 30
22 28 32
29 32 1
26 29 30
27 28 31
25 28 33
24 29 33
26 27 33
30 31 32
114
{[25, 24, 20, 5, 3]}
{[6, 3, 2, 1, 0]}
34
16 10 19
11 4 21
7 3 5
2 18 22
1 8 12
15 2 12
7 16 25
6 2 9
9 10 4
7 8 13
0 8 11
1 10 13
13 4 5
9 11 12
15 18 19
14 17 5
0 6 17
15 16 20
14 3 26
0 14 20
17 19 23
22 24 1
21 27 3
24 25 20
21 23 31
23 30 6
28 32 18
22 29 32
26 29 30
27 28 31
25 28 33
24 29 33
26 27 33
30 31 32
115
{[25, 24, 20, 5, 3]}
{[8, 7, 4, 2, 0]}
34
16 10 19
11 4 22
7 3 5
2 18 25
1 8 12
15 2 12
7 16 23
6 2 9
9 10 4
7 8 13
0 8 11
1 10 13
13 4 5
9 11 12
15 18 19
14 17 5
0 6 17
15 16 20
14 3 31
0 14 20
17 19 21
23 24 20
24 25 1
21 27 6
21 22 26
22 30 3
24 28 32
23 29 32
26 29 30
27 28 31
25 28 33
29 33 18
26 27 33
30 31 32
116
{[25, 24, 20, 5, 3]}
{[9, 7, 3, 2, 0]}
34
16 10 19
11 4 30
7 3 5
2 18 22
1 8 12
15 2 12
7 16 25
6 2 9
9 10 4
7 8 13
0 8 11
1 10 13
13 4 5
9 11 12
15 18 19
14 17 5
0 6 17
15 16 20
14 3 21
0 14 20
17 19 24
23 24 18
23 25 3
21 22 27
21 26 20
22 31 6
24 28 32
23 29 32
26 29 30
27 28 31
28 33 1
25 29 33
26 27 33
30 31 32
117
{[25, 24, 20, 5, 3]}
{[6, 3, 2, 1, 0]}
34
16 10 19
11 4 26
7 3 5
2 18 23
1 8 12
15 2 12
7 16 25
6 2 9
9 10 4
7 8 13
0 8 11
1 10 13
13 4 5
9 11 12
15 18 19
14 17 5
0 6 17
15 16 20
14 3 21
0 14 20
17 19 22
22 24 18
21 27 20
24 25 3
21 23 31
23 30 6
28 32 1
22 29 32
26 29 30
27 28 31
25 28 33
24 29 33
26 27 33
30 31 32
118
{[25, 24, 20, 5, 3]}
{[9, 7, 3, 2, 0]}
34
16 10 19
11 4 21
7 3 5
2 18 24
1 8 12
15 2 12
7 16 25
6 2 9
9 10 4
7 8 13
0 8 11
1 10 13
13 4 5
9 11 12
15 18 19
14 17 5
0 6 17
15 16 20
14 3 30
0 14 20
17 19 22
23 24 1
23 25 20
21 22 27
21 26 3
22 31 6
24 28 32
23 29 32
26 29 30
27 28 31
28 33 18
25 29 33
26 27 33
30 31 32
119
{[25, 24, 20, 5, 3]}
{[5, 4, 2, 1, 0]}
34
16 10 19
11 4 23
7 3 5
2 18 24
1 8 12
15 2 12
7 16 22
6 2 9
9 10 4
7 8 13
0 8 11
1 10 13
13 4 5
9 11 12
15 18 19
14 17 5
0 6 17
15 16 20
14 3 27
0 14 20
17 19 21
22 25 20
21 26 6
24 25 1
23 31 3
21 23 30
22 28 32
29 32 18
26 29 30
27 28 31
25 28 33
24 29 33
26 27 33
30 31 32
120
{[25, 24, 20, 5, 3]}
{[8, 7, 4, 2, 0]}
34
16 10 19
11 4 31
7 3 5
2 18 21
1 8 12
15 2 12
7 16 23
6 2 9
9 10 4
7 8 13
0 8 11
1 10 13
13 4 5
9 11 12
15 18 19
14 17 5
0 6 17
15 16 20
14 3 22
0 14 20
17 19 25
23 24 3
24 25 18
21 27 6
21 22 26
22 30 20
24 28 32
23 29 32
26 29 30
27 28 31
25 28 33
29 33 1
26 27 33
30 31 32
121
{[25, 24, 20, 5, 3]}
{[16, 13, 12, 11, 10]}
34
16 10 19
11 4 26
7 3 5
2 18 27
1 8 12
15 2 12
7 16 32
6 2 9
9 10 4
7 8 13
0 8 11
1 10 13
13 4 5
9 11 12
15 18 19
14 17 5
0 6 17
15 16 20
14 3 31
0 14 20
17 19 33
23 24 25
23 26 27
21 22 28
21 27 30
21 26 29
22 25 1
22 24 3
23 29 30
25 28 32
24 28 31
30 33 18
29 33 6
31 32 20
122
{[25, 24, 20, 5, 3]}
{[17, 16, 14, 12, 10]}
34
16 10 19
11 4 27
7 3 5
2 18 30
1 8 12
15 2 12
7 16 31
6 2 9
9 10 4
7 8 13
0 8 11
1 10 13
13 4 5
9 11 12
15 18 19
14 17 5
0 6 17
15 16 20
14 3 33
0 14 20
17 19 32
23 24 25
23 26 27
21 22 28
21 27 30
21 26 29
22 25 31
22 24 1
23 29 30
25 28 33
24 28 3
26 32 6
31 33 20
29 32 18
123
{[25, 24, 20, 5, 3]}
{[16, 13, 12, 11, 10]}
34
16 10 19
11 4 31
7 3 5
2 18 33
1 8 12
15 2 12
7 16 32
6 2 9
9 10 4
7 8 13
0 8 11
1 10 13
13 4 5
9 11 12
15 18 19
14 17 5
0 6 17
15 16 20
14 3 26
0 14 20
17 19 27
23 24 25
23 26 27
21 22 28
21 27 30
21 26 29
22 25 18
22 24 20
23 29 30
25 28 32
24 28 31
30 33 1
29 33 6
31 32 3
124
{[25, 24, 20, 5, 3]}
{[17, 16, 14, 12, 10]}
34
16 10 19
11 4 33
7 3 5
2 18 32
1 8 12
15 2 12
7 16 31
6 2 9
9 10 4
7 8 13
0 8 11
1 10 13
13 4 5
9 11 12
15 18 19
14 17 5
0 6 17
15 16 20
14 3 27
0 14 20
17 19 30
23 24 25
23 26 27
21 22 28
21 27 30
21 26 29
22 25 31
22 24 18
23 29 30
25 28 33
24 28 20
26 32 6
31 33 3
29 32 1
125
{[25, 24, 20, 5, 3]}
{[17, 16, 15, 13, 11]}
34
16 10 19
11 4 31
7 3 5
2 18 32
1 8 12
15 2 12
7 16 33
6 2 9
9 10 4
7 8 13
0 8 11
1 10 13
13 4 5
9 11 12
15 18 19
14 17 5
0 6 17
15 16 20
14 3 29
0 14 20
17 19 26
23 24 25
23 26 27
21 22 28
21 27 30
21 26 29
22 25 20
22 24 31
23 29 30
25 28 18
24 28 33
27 32 1
31 33 3
30 32 6
126
{[25, 24, 20, 5, 3]}
{[17, 16, 15, 13, 11]}
34
16 10 19
11 4 29
7 3 5
2 18 26
1 8 12
15 2 12
7 16 33
6 2 9
9 10 4
7 8 13
0 8 11
1 10 13
13 4 5
9 11 12
15 18 19
14 17 5
0 6 17
15 16 20
14 3 31
0 14 20
17 19 32
23 24 25
23 26 27
21 22 28
21 27 30
21 26 29
22 25 3
22 24 31
23 29 30
25 28 1
24 28 33
27 32 18
31 33 20
30 32 6
127
{[25, 24, 20, 5, 3]}
{[17, 15, 14, 13, 12]}
34
16 10 19
11 4 32
7 3 5
2 18 33
1 8 12
15 2 12
7 16 31
6 2 9
9 10 4
7 8 13
0 8 11
1 10 13
13 4 5
9 11 12
15 18 19
14 17 5
0 6 17
15 16 20
14 3 30
0 14 20
17 19 29
23 24 25
23 26 27
21 22 28
21 27 30
21 26 29
22 25 32
22 24 31
23 29 30
25 28 20
24 28 18
27 33 6
26 33 1
31 32 3
128
{[25, 24, 20, 5, 3]}
{[17, 15, 14, 13, 12]}
34
16 10 19
11 4 30
7 3 5
2 18 29
1 8 12
15 2 12
7 16 31
6 2 9
9 10 4
7 8 13
0 8 11
1 10 13
13 4 5
9 11 12
15 18 19
14 17 5
0 6 17
15 16 20
14 3 32
0 14 20
17 19 33
23 24 25
23 26 27
21 22 28
21 27 30
21 26 29
22 25 32
22 24 31
23 29 30
25 28 3
24 28 1
27 33 6
26 33 18
31 32 20
129
{[25, 24, 21, 5, 4]}
{[5, 4, 2, 1, 0]}
34
16 10 19
11 4 21
7 5 23
6 18 27
1 8 12
15 2 12
7 16 3
6 2 9
9 10 4
7 8 13
0 8 11
1 10 13
13 4 5
9 11 12
15 19 24
14 17 5
0 6 17
15 16 20
3 20 22
0 14 20
17 18 19
22 25 1
21 26 18
24 25 2
23 31 14
21 23 30
22 28 32
29 32 3
26 29 30
27 28 31
25 28 33
24 29 33
26 27 33
30 31 32
130
{[25, 24, 21, 5, 4]}
{[6, 3, 2, 1, 0]}
34
16 10 19
11 4 22
7 5 26
6 18 21
1 8 12
15 2 12
7 16 3
6 2 9
9 10 4
7 8 13
0 8 11
1 10 13
13 4 5
9 11 12
15 19 23
14 17 5
0 6 17
15 16 20
3 20 25
0 14 20
17 18 19
22 24 3
21 27 1
24 25 14
21 23 31
23 30 18
28 32 2
22 29 32
26 29 30
27 28 31
25 28 33
24 29 33
26 27 33
30 31 32
131
{[25, 24, 21, 5, 4]}
{[8, 7, 4, 2, 0]}
34
16 10 19
11 4 25
7 5 31
6 18 22
1 8 12
15 2 12
7 16 3
6 2 9
9 10 4
7 8 13
0 8 11
1 10 13
13 4 5
9 11 12
15 19 21
14 17 5
0 6 17
15 16 20
3 20 23
0 14 20
17 18 19
23 24 14
24 25 3
21 27 18
21 22 26
22 30 1
24 28 32
23 29 32
26 29 30
27 28 31
25 28 33
29 33 2
26 27 33
30 31 32
132
{[25, 24, 21, 5, 4]}
{[9, 7, 3, 2, 0]}
34
16 10 19
11 4 22
7 5 21
6 18 30
1 8 12
15 2 12
7 16 3
6 2 9
9 10 4
7 8 13
0 8 11
1 10 13
13 4 5
9 11 12
15 19 24
14 17 5
0 6 17
15 16 20
3 20 25
0 14 20
17 18 19
23 24 2
23 25 1
21 22 27
21 26 14
22 31 18
24 28 32
23 29 32
26 29 30
27 28 31
28 33 3
25 29 33
26 27 33
30 31 32
133
{[25, 24, 21, 5, 4]}
{[6, 3, 2, 1, 0]}
34
16 10 19
11 4 23
7 5 21
6 18 26
1 8 12
15 2 12
7 16 3
6 2 9
9 10 4
7 8 13
0 8 11
1 10 13
13 4 5
9 11 12
15 19 22
14 17 5
0 6 17
15 16 20
3 20 25
0 14 20
17 18 19
22 24 2
21 27 14
24 25 1
21 23 31
23 30 18
28 32 3
22 29 32
26 29 30
27 28 31
25 28 33
24 29 33
26 27 33
30 31 32
134
{[25, 24, 21, 5, 4]}
{[9, 7, 3, 2, 0]}
34
16 10 19
11 4 24
7 5 30
6 18 21
1 8 12
15 2 12
7 16 3
6 2 9
9 10 4
7 8 13
0 8 11
1 10 13
13 4 5
9 11 12
15 19 22
14 17 5
0 6 17
15 16 20
3 20 25
0 14 20
17 18 19
23 24 3
23 25 14
21 22 27
21 26 1
22 31 18
24 28 32
23 29 32
26 29 30
27 28 31
28 33 2
25 29 33
26 27 33
30 31 32
135
{[25, 24, 21, 5, 4]}
{[5, 4, 2, 1, 0]}
34
16 10 19
11 4 24
7 5 27
6 18 23
1 8 12
15 2 12
7 16 3
6 2 9
9 10 4
7 8 13
0 8 11
1 10 13
13 4 5
9 11 12
15 19 21
14 17 5
0 6 17
15 16 20
3 20 22
0 14 20
17 18 19
22 25 14
21 26 18
24 25 3
23 31 1
21 23 30
22 28 32
29 32 2
26 29 30
27 28 31
25 28 33
24 29 33
26 27 33
30 31 32
136
{[25, 24, 21, 5, 4]}
{[8, 7, 4, 2, 0]}
34
16 10 19
11 4 21
7 5 22
6 18 31
1 8 12
15 2 12
7 16 3
6 2 9
9 10 4
7 8 13
0 8 11
1 10 13
13 4 5
9 11 12
15 19 25
14 17 5
0 6 17
15 16 20
3 20 23
0 14 20
17 18 19
23 24 1
24 25 2
21 27 18
21 22 26
22 30 14
24 28 32
23 29 32
26 29 30
27 28 31
25 28 33
29 33 3
26 27 33
30 31 32
137
{[25, 24, 21, 5, 4]}
{[16, 13, 12, 11, 10]}
34
16 10 19
11 4 27
7 5 31
6 18 26
1 8 12
15 2 12
7 16 3
6 2 9
9 10 4
7 8 13
0 8 11
1 10 13
13 4 5
9 11 12
15 19 33
14 17 5
0 6 17
15 16 20
3 20 32
0 14 20
17 18 19
23 24 25
23 26 27
21 22 28
21 27 30
21 26 29
22 25 3
22 24 1
23 29 30
25 28 32
24 28 31
30 33 2
29 33 18
31 32 14
138
{[25, 24, 21, 5, 4]}
{[17, 16, 14, 12, 10]}
34
16 10 19
11 4 30
7 5 33
6 18 27
1 8 12
15 2 12
7 16 3
6 2 9
9 10 4
7 8 13
0 8 11
1 10 13
13 4 5
9 11 12
15 19 32
14 17 5
0 6 17
15 16 20
3 20 31
0 14 20
17 18 19
23 24 25
23 26 27
21 22 28
21 27 30
21 26 29
22 25 31
22 24 3
23 29 30
25 28 33
24 28 1
26 32 18
31 33 14
29 32 2
139
{[25, 24, 21, 5, 4]}
{[16, 13, 12, 11, 10]}
34
16 10 19
11 4 33
7 5 26
6 18 31
1 8 12
15 2 12
7 16 3
6 2 9
9 10 4
7 8 13
0 8 11
1 10 13
13 4 5
9 11 12
15 19 27
14 17 5
0 6 17
15 16 20
3 20 32
0 14 20
17 18 19
23 24 25
23 26 27
21 22 28
21 27 30
21 26 29
22 25 2
22 24 14
23 29 30
25 28 32
24 28 31
30 33 3
29 33 18
31 32 1
140
{[25, 24, 21, 5, 4]}
{[17, 16, 14, 12, 10]}
34
16 10 19
11 4 32
7 5 27
6 18 33
1 8 12
15 2 12
7 16 3
6 2 9
9 10 4
7 8 13
0 8 11
1 10 13
13 4 5
9 11 12
15 19 30
14 17 5
0 6 17
15 16 20
3 20 31
0 14 20
17 18 19
23 24 25
23 26 27
21 22 28
21 27 30
21 26 29
22 25 31
22 24 2
23 29 30
25 28 33
24 28 14
26 32 18
31 33 1
29 32 3
141
{[25, 24, 21, 5, 4]}
{[17, 16, 15, 13, 11]}
34
16 10 19
11 4 32
7 5 29
6 18 31
1 8 12
15 2 12
7 16 3
6 2 9
9 10 4
7 8 13
0 8 11
1 10 13
13 4 5
9 11 12
15 19 26
14 17 5
0 6 17
15 16 20
3 20 33
0 14 20
17 18 19
23 24 25
23 26 27
21 22 28
21 27 30
21 26 29
22 25 14
22 24 31
23 29 30
25 28 2
24 28 33
27 32 3
31 33 1
30 32 18
142
{[25, 24, 21, 5, 4]}
{[17, 16, 15, 13, 11]}
34
16 10 19
11 4 26
7 5 31
6 18 29
1 8 12
15 2 12
7 16 3
6 2 9
9 10 4
7 8 13
0 8 11
1 10 13
13 4 5
9 11 12
15 19 32
14 17 5
0 6 17
15 16 20
3 20 33
0 14 20
17 18 19
23 24 25
23 26 27
21 22 28
21 27 30
21 26 29
22 25 1
22 24 31
23 29 30
25 28 3
24 28 33
27 32 2
31 33 14
30 32 18
143
{[25, 24, 21, 5, 4]}
{[17, 15, 14, 13, 12]}
34
16 10 19
11 4 33
7 5 30
6 18 32
1 8 12
15 2 12
7 16 3
6 2 9
9 10 4
7 8 13
0 8 11
1 10 13
13 4 5
9 11 12
15 19 29
14 17 5
0 6 17
15 16 20
3 20 31
0 14 20
17 18 19
23 24 25
23 26 27
21 22 28
21 27 30
21 26 29
22 25 32
22 24 31
23 29 30
25 28 14
24 28 2
27 33 18
26 33 3
31 32 1
144
{[25, 24, 21, 5, 4]}
{[17, 15, 14, 13, 12]}
34
16 10 19
11 4 29
7 5 32
6 18 30
1 8 12
15 2 12
7 16 3
6 2 9
9 10 4
7 8 13
0 8 11
1 10 13
13 4 5
9 11 12
15 19 33
14 17 5
0 6 17
15 16 20
3 20 31
0 14 20
17 18 19
23 24 25
23 26 27
21 22 28
21 27 30
21 26 29
22 25 32
22 24 31
23 29 30
25 28 1
24 28 3
27 33 18
26 33 2
31 32 14
145
{[25, 24, 21, 5, 4]}
{[5, 4, 2, 1, 0]}
34
16 10 19
11 4 24
7 5 27
6 18 23
1 8 12
15 2 12
7 16 3
6 2 9
9 10 4
7 8 13
0 8 11
1 10 13
13 4 5
9 11 12
15 19 21
14 17 5
0 6 17
15 16 20
3 20 22
0 14 20
17 18 19
22 25 14
21 26 18
24 25 3
23 31 1
21 23 30
22 28 32
29 32 2
26 29 30
27 28 31
25 28 33
24 29 33
26 27 33
30 31 32
146
{[25, 24, 21, 5, 4]}
{[6, 3, 2, 1, 0]}
34
16 10 19
11 4 23
7 5 21
6 18 26
1 8 12
15 2 12
7 16 3
6 2 9
9 10 4
7 8 13
0 8 11
1 10 13
13 4 5
9 11 12
15 19 22
14 17 5
0 6 17
15 16 20
3 20 25
0 14 20
17 18 19
22 24 2
21 27 14
24 25 1
21 23 31
23 30 18
28 32 3
22 29 32
26 29 30
27 28 31
25 28 33
24 29 33
26 27 33
30 31 32
147
{[25, 24, 21, 5, 4]}
{[8, 7, 4, 2, 0]}
34
16 10 19
11 4 21
7 5 22
6 18 31
1 8 12
15 2 12
7 16 3
6 2 9
9 10 4
7 8 13
0 8 11
1 10 13
13 4 5
9 11 12
15 19 25
14 17 5
0 6 17
15 16 20
3 20 23
0 14 20
17 18 19
23 24 1
24 25 2
21 27 18
21 22 26
22 30 14
24 28 32
23 29 32
26 29 30
27 28 31
25 28 33
29 33 3
26 27 33
30 31 32
148
{[25, 24, 21, 5, 4]}
{[9, 7, 3, 2, 0]}
34
16 10 19
11 4 24
7 5 30
6 18 21
1 8 12
15 2 12
7 16 3
6 2 9
9 10 4
7 8 13
0 8 11
1 10 13
13 4 5
9 11 12
15 19 22
14 17 5
0 6 17
15 16 20
3 20 25
0 14 20
17 18 19
23 24 3
23 25 14
21 22 27
21 26 1
22 31 18
24 28 32
23 29 32
26 29 30
27 28 31
28 33 2
25 29 33
26 27 33
30 31 32
149
{[25, 24, 21, 5, 4]}
{[6, 3, 2, 1, 0]}
34
16 10 19
11 4 22
7 5 26
6 18 21
1 8 12
15 2 12
7 16 3
6 2 9
9 10 4
7 8 13
0 8 11
1 10 13
13 4 5
9 11 12
15 19 23
14 17 5
0 6 17
15 16 20
3 20 25
0 14 20
17 18 19
22 24 3
21 27 1
24 25 14
21 23 31
23 30 18
28 32 2
22 29 32
26 29 30
27 28 31
25 28 33
24 29 33
26 27 33
30 31 32
150
{[25, 24, 21, 5, 4]}
{[9, 7, 3, 2, 0]}
34
16 10 19
11 4 22
7 5 21
6 18 30
1 8 12
15 2 12
7 16 3
6 2 9
9 10 4
7 8 13
0 8 11
1 10 13
13 4 5
9 11 12
15 19 24
14 17 5
0 6 17
15 16 20
3 20 25
0 14 20
17 18 19
23 24 2
23 25 1
21 22 27
21 26 14
22 31 18
24 28 32
23 29 32
26 29 30
27 28 31
28 33 3
25 29 33
26 27 33
30 31 32
151
{[25, 24, 21, 5, 4]}
{[5, 4, 2, 1, 0]}
34
16 10 19
11 4 21
7 5 23
6 18 27
1 8 12
15 2 12
7 16 3
6 2 9
9 10 4
7 8 13
0 8 11
1 10 13
13 4 5
9 11 12
15 19 24
14 17 5
0 6 17
15 16 20
3 20 22
0 14 20
17 18 19
22 25 1
21 26 18
24 25 2
23 31 14
21 23 30
22 28 32
29 32 3
26 29 30
27 28 31
25 28 33
24 29 33
26 27 33
30 31 32
152
{[25, 24, 21, 5, 4]}
{[8, 7, 4, 2, 0]}
34
16 10 19
11 4 25
7 5 31
6 18 22
1 8 12
15 2 12
7 16 3
6 2 9
9 10 4
7 8 13
0 8 11
1 10 13
13 4 5
9 11 12
15 19 21
14 17 5
0 6 17
15 16 20
3 20 23
0 14 20
17 18 19
23 24 14
24 25 3
21 27 18
21 22 26
22 30 1
24 28 32
23 29 32
26 29 30
27 28 31
25 28 33
29 33 2
26 27 33
30 31 32
153
{[25, 24, 21, 5, 4]}
{[16, 13, 12, 11, 10]}
34
16 10 19
11 4 33
7 5 26
6 18 31
1 8 12
15 2 12
7 16 3
6 2 9
9 10 4
7 8 13
0 8 11
1 10 13
13 4 5
9 11 12
15 19 27
14 17 5
0 6 17
15 16 20
3 20 32
0 14 20
17 18 19
23 24 25
23 26 27
21 22 28
21 27 30
21 26 29
22 25 2
22 24 14
23 29 30
25 28 32
24 28 31
30 33 3
29 33 18
31 32 1
154
{[25, 24, 21, 5, 4]}
{[17, 16, 14, 12, 10]}
34
16 10 19
11 4 32
7 5 27
6 18 33
1 8 12
15 2 12
7 16 3
6 2 9
9 10 4
7 8 13
0 8 11
1 10 13
13 4 5
9 11 12
15 19 30
14 17 5
0 6 17
15 16 20
3 20 31
0 14 20
17 18 19
23 24 25
23 26 27
21 22 28
21 27 30
21 26 29
22 25 31
22 24 2
23 29 30
25 28 33
24 28 14
26 32 18
31 33 1
29 32 3
155
{[25, 24, 21, 5, 4]}
{[16, 13, 12, 11, 10]}
34
16 10 19
11 4 27
7 5 31
6 18 26
1 8 12
15 2 12
7 16 3
6 2 9
9 10 4
7 8 13
0 8 11
1 10 13
13 4 5
9 11 12
15 19 33
14 17 5
0 6 17
15 16 20
3 20 32
0 14 20
17 18 19
23 24 25
23 26 27
21 22 28
21 27 30
21 26 29
22 25 3
22 24 1
23 29 30
25 28 32
24 28 31
30 33 2
29 33 18
31 32 14
156
{[25, 24, 21, 5, 4]}
{[17, 16, 14, 12, 10]}
34
16 10 19
11 4 30
7 5 33
6 18 27
1 8 12
15 2 12
7 16 3
6 2 9
9 10 4
7 8 13
0 8 11
1 10 13
13 4 5
9 11 12
15 19 32
14 17 5
0 6 17
15 16 20
3 20 31
0 14 20
17 18 19
23 24 25
23 26 27
21 22 28
21 27 30
21 26 29
22 25 31
22 24 3
23 29 30
25 28 33
24 28 1
26 32 18
31 33 14
29 32 2
157
{[25, 24, 21, 5, 4]}
{[17, 16, 15, 13, 11]}
34
16 10 19
11 4 26
7 5 31
6 18 29
1 8 12
15 2 12
7 16 3
6 2 9
9 10 4
7 8 13
0 8 11
1 10 13
13 4 5
9 11 12
15 19 32
14 17 5
0 6 17
15 16 20
3 20 33
0 14 20
17 18 19
23 24 25
23 26 27
21 22 28
21 27 30
21 26 29
22 25 1
22 24 31
23 29 30
25 28 3
24 28 33
27 32 2
31 33 14
30 32 18
158
{[25, 24, 21, 5, 4]}
{[17, 16, 15, 13, 11]}
34
16 10 19
11 4 32
7 5 29
6 18 31
1 8 12
15 2 12
7 16 3
6 2 9
9 10 4
7 8 13
0 8 11
1 10 13
13 4 5
9 11 12
15 19 26
14 17 5
0 6 17
15 16 20
3 20 33
0 14 20
17 18 19
23 24 25
23 26 27
21 22 28
21 27 30
21 26 29
22 25 14
22 24 31
23 29 30
25 28 2
24 28 33
27 32 3
31 33 1
30 32 18
159
{[25, 24, 21, 5, 4]}
{[17, 15, 14, 13, 12]}
34
16 10 19
11 4 29
7 5 32
6 18 30
1 8 12
15 2 12
7 16 3
6 2 9
9 10 4
7 8 13
0 8 11
1 10 13
13 4 5
9 11 12
15 19 33
14 17 5
0 6 17
15 16 20
3 20 31
0 14 20
17 18 19
23 24 25
23 26 27
21 22 28
21 27 30
21 26 29
22 25 32
22 24 31
23 29 30
25 28 1
24 28 3
27 33 18
26 33 2
31 32 14
160
{[25, 24, 21, 5, 4]}
{[17, 15, 14, 13, 12]}
34
16 10 19
11 4 33
7 5 30
6 18 32
1 8 12
15 2 12
7 16 3
6 2 9
9 10 4
7 8 13
0 8 11
1 10 13
13 4 5
9 11 12
15 19 29
14 17 5
0 6 17
15 16 20
3 20 31
0 14 20
17 18 19
23 24 25
23 26 27
21 22 28
21 27 30
21 26 29
22 25 32
22 24 31
23 29 30
25 28 14
24 28 2
27 33 18
26 33 3
31 32 1
161
{[15, 14, 11, 10, 6]}
{[5, 4, 2, 1, 0]}
34
13 9 17
19 10 22
8 4 6
7 15 5
2 5 16
19 3 4
12 2 21
8 13 3
7 2 23
0 10 24
1 9 27
12 16 17
11 14 6
0 7 14
12 13 18
20 3 18
11 20 4
0 11 18
14 15 17
1 5 20
19 15 16
22 25 6
21 26 1
24 25 8
23 31 9
21 23 30
22 28 32
29 32 10
26 29 30
27 28 31
25 28 33
24 29 33
26 27 33
30 31 32
162
{[15, 14, 11, 10, 6]}
{[6, 3, 2, 1, 0]}
34
13 9 17
19 10 25
8 4 6
7 15 5
2 5 16
19 3 4
12 2 22
8 13 3
7 2 26
0 10 23
1 9 21
12 16 17
11 14 6
0 7 14
12 13 18
20 3 18
11 20 4
0 11 18
14 15 17
1 5 20
19 15 16
22 24 10
21 27 6
24 25 9
21 23 31
23 30 1
28 32 8
22 29 32
26 29 30
27 28 31
25 28 33
24 29 33
26 27 33
30 31 32
163
{[15, 14, 11, 10, 6]}
{[8, 7, 4, 2, 0]}
34
13 9 17
19 10 23
8 4 6
7 15 5
2 5 16
19 3 4
12 2 25
8 13 3
7 2 31
0 10 21
1 9 22
12 16 17
11 14 6
0 7 14
12 13 18
20 3 18
11 20 4
0 11 18
14 15 17
1 5 20
19 15 16
23 24 9
24 25 10
21 27 1
21 22 26
22 30 6
24 28 32
23 29 32
26 29 30
27 28 31
25 28 33
29 33 8
26 27 33
30 31 32
164
{[15, 14, 11, 10, 6]}
{[9, 7, 3, 2, 0]}
34
13 9 17
19 10 25
8 4 6
7 15 5
2 5 16
19 3 4
12 2 22
8 13 3
7 2 21
0 10 24
1 9 30
12 16 17
11 14 6
0 7 14
12 13 18
20 3 18
11 20 4
0 11 18
14 15 17
1 5 20
19 15 16
23 24 8
23 25 6
21 22 27
21 26 9
22 31 1
24 28 32
23 29 32
26 29 30
27 28 31
28 33 10
25 29 33
26 27 33
30 31 32
165
{[15, 14, 11, 10, 6]}
{[6, 3, 2, 1, 0]}
34
13 9 17
19 10 25
8 4 6
7 15 5
2 5 16
19 3 4
12 2 23
8 13 3
7 2 21
0 10 22
1 9 26
12 16 17
11 14 6
0 7 14
12 13 18
20 3 18
11 20 4
0 11 18
14 15 17
1 5 20
19 15 16
22 24 8
21 27 9
24 25 6
21 23 31
23 30 1
28 32 10
22 29 32
26 29 30
27 28 31
25 28 33
24 29 33
26 27 33
30 31 32
166
{[15, 14, 11, 10, 6]}
{[9, 7, 3, 2, 0]}
34
13 9 17
19 10 25
8 4 6
7 15 5
2 5 16
19 3 4
12 2 24
8 13 3
7 2 30
0 10 22
1 9 21
12 16 17
11 14 6
0 7 14
12 13 18
20 3 18
11 20 4
0 11 18
14 15 17
1 5 20
19 15 16
23 24 10
23 25 9
21 22 27
21 26 6
22 31 1
24 28 32
23 29 32
26 29 30
27 28 31
28 33 8
25 29 33
26 27 33
30 31 32
167
{[15, 14, 11, 10, 6]}
{[5, 4, 2, 1, 0]}
34
13 9 17
19 10 22
8 4 6
7 15 5
2 5 16
19 3 4
12 2 24
8 13 3
7 2 27
0 10 21
1 9 23
12 16 17
11 14 6
0 7 14
12 13 18
20 3 18
11 20 4
0 11 18
14 15 17
1 5 20
19 15 16
22 25 9
21 26 1
24 25 10
23 31 6
21 23 30
22 28 32
29 32 8
26 29 30
27 28 31
25 28 33
24 29 33
26 27 33
30 31 32
168
{[15, 14, 11, 10, 6]}
{[8, 7, 4, 2, 0]}
34
13 9 17
19 10 23
8 4 6
7 15 5
2 5 16
19 3 4
12 2 21
8 13 3
7 2 22
0 10 25
1 9 31
12 16 17
11 14 6
0 7 14
12 13 18
20 3 18
11 20 4
0 11 18
14 15 17
1 5 20
19 15 16
23 24 6
24 25 8
21 27 1
21 22 26
22 30 9
24 28 32
23 29 32
26 29 30
27 28 31
25 28 33
29 33 10
26 27 33
30 31 32
169
{[15, 14, 11, 10, 6]}
{[16, 13, 12, 11, 10]}
34
13 9 17
19 10 32
8 4 6
7 15 5
2 5 16
19 3 4
12 2 27
8 13 3
7 2 31
0 10 33
1 9 26
12 16 17
11 14 6
0 7 14
12 13 18
20 3 18
11 20 4
0 11 18
14 15 17
1 5 20
19 15 16
23 24 25
23 26 27
21 22 28
21 27 30
21 26 29
22 25 10
22 24 6
23 29 30
25 28 32
24 28 31
30 33 8
29 33 1
31 32 9
170
{[15, 14, 11, 10, 6]}
{[17, 16, 14, 12, 10]}
34
13 9 17
19 10 31
8 4 6
7 15 5
2 5 16
19 3 4
12 2 30
8 13 3
7 2 33
0 10 32
1 9 27
12 16 17
11 14 6
0 7 14
12 13 18
20 3 18
11 20 4
0 11 18
14 15 17
1 5 20
19 15 16
23 24 25
23 26 27
21 22 28
21 27 30
21 26 29
22 25 31
22 24 10
23 29 30
25 28 33
24 28 6
26 32 1
31 33 9
29 32 8
171
{[15, 14, 11, 10, 6]}
{[16, 13, 12, 11, 10]}
34
13 9 17
19 10 32
8 4 6
7 15 5
2 5 16
19 3 4
12 2 33
8 13 3
7 2 26
0 10 27
1 9 31
12 16 17
11 14 6
0 7 14
12 13 18
20 3 18
11 20 4
0 11 18
14 15 17
1 5 20
19 15 16
23 24 25
23 26 27
21 22 28
21 27 30
21 26 29
22 25 8
22 24 9
23 29 30
25 28 32
24 28 31
30 33 10
29 33 1
31 32 6
172
{[15, 14, 11, 10, 6]}
{[17, 16, 14, 12, 10]}
34
13 9 17
19 10 31
8 4 6
7 15 5
2 5 16
19 3 4
12 2 32
8 13 3
7 2 27
0 10 30
1 9 33
12 16 17
11 14 6
0 7 14
12 13 18
20 3 18
11 20 4
0 11 18
14 15 17
1 5 20
19 15 16
23 24 25
23 26 27
21 22 28
21 27 30
21 26 29
22 25 31
22 24 8
23 29 30
25 28 33
24 28 9
26 32 1
31 33 6
29 32 10
173
{[15, 14, 11, 10, 6]}
{[17, 16, 15, 13, 11]}
34
13 9 17
19 10 33
8 4 6
7 15 5
2 5 16
19 3 4
12 2 32
8 13 3
7 2 29
0 10 26
1 9 31
12 16 17
11 14 6
0 7 14
12 13 18
20 3 18
11 20 4
0 11 18
14 15 17
1 5 20
19 15 16
23 24 25
23 26 27
21 22 28
21 27 30
21 26 29
22 25 9
22 24 31
23 29 30
25 28 8
24 28 33
27 32 10
31 33 6
30 32 1
174
{[15, 14, 11, 10, 6]}
{[17, 16, 15, 13, 11]}
34
13 9 17
19 10 33
8 4 6
7 15 5
2 5 16
19 3 4
12 2 26
8 13 3
7 2 31
0 10 32
1 9 29
12 16 17
11 14 6
0 7 14
12 13 18
20 3 18
11 20 4
0 11 18
14 15 17
1 5 20
19 15 16
23 24 25
23 26 27
21 22 28
21 27 30
21 26 29
22 25 6
22 24 31
23 29 30
25 28 10
24 28 33
27 32 8
31 33 9
30 32 1
175
{[15, 14, 11, 10, 6]}
{[17, 15, 14, 13, 12]}
34
13 9 17
19 10 31
8 4 6
7 15 5
2 5 16
19 3 4
12 2 33
8 13 3
7 2 30
0 10 29
1 9 32
12 16 17
11 14 6
0 7 14
12 13 18
20 3 18
11 20 4
0 11 18
14 15 17
1 5 20
19 15 16
23 24 25
23 26 27
21 22 28
21 27 30
21 26 29
22 25 32
22 24 31
23 29 30
25 28 9
24 28 8
27 33 1
26 33 10
31 32 6
176
{[15, 14, 11, 10, 6]}
{[17, 15, 14, 13, 12]}
34
13 9 17
19 10 31
8 4 6
7 15 5
2 5 16
19 3 4
12 2 29
8 13 3
7 2 32
0 10 33
1 9 30
12 16 17
11 14 6
0 7 14
12 13 18
20 3 18
11 20 4
0 11 18
14 15 17
1 5 20
19 15 16
23 24 25
23 26 27
21 22 28
21 27 30
21 26 29
22 25 32
22 24 31
23 29 30
25 28 6
24 28 10
27 33 1
26 33 8
31 32 9
177
{[15, 14, 11, 10, 6]}
{[5, 4, 2, 1, 0]}
34
13 9 17
19 10 22
8 4 6
7 15 5
2 5 16
19 3 4
12 2 24
8 13 3
7 2 27
0 10 21
1 9 23
12 16 17
11 14 6
0 7 14
12 13 18
20 3 18
11 20 4
0 11 18
14 15 17
1 5 20
19 15 16
22 25 9
21 26 1
24 25 10
23 31 6
21 23 30
22 28 32
29 32 8
26 29 30
27 28 31
25 28 33
24 29 33
26 27 33
30 31 32
178
{[15, 14, 11, 10, 6]}
{[6, 3, 2, 1, 0]}
34
13 9 17
19 10 25
8 4 6
7 15 5
2 5 16
19 3 4
12 2 23
8 13 3
7 2 21
0 10 22
1 9 26
12 16 17
11 14 6
0 7 14
12 13 18
20 3 18
11 20 4
0 11 18
14 15 17
1 5 20
19 15 16
22 24 8
21 27 9
24 25 6
21 23 31
23 30 1
28 32 10
22 29 32
26 29 30
27 28 31
25 28 33
24 29 33
26 27 33
30 31 32
179
{[15, 14, 11, 10, 6]}
{[8, 7, 4, 2, 0]}
34
13 9 17
19 10 23
8 4 6
7 15 5
2 5 16
19 3 4
12 2 21
8 13 3
7 2 22
0 10 25
1 9 31
12 16 17
11 14 6
0 7 14
12 13 18
20 3 18
11 20 4
0 11 18
14 15 17
1 5 20
19 15 16
23 24 6
24 25 8
21 27 1
21 22 26
22 30 9
24 28 32
23 29 32
26 29 30
27 28 31
25 28 33
29 33 10
26 27 33
30 31 32
180
{[15, 14, 11, 10, 6]}
{[9, 7, 3, 2, 0]}
34
13 9 17
19 10 25
8 4 6
7 15 5
2 5 16
19 3 4
12 2 24
8 13 3
7 2 30
0 10 22
1 9 21
12 16 17
11 14 6
0 7 14
12 13 18
20 3 18
11 20 4
0 11 18
14 15 17
1 5 20
19 15 16
23 24 10
23 25 9
21 22 27
21 26 6
22 31 1
24 28 32
23 29 32
26 29 30
27 28 31
28 33 8
25 29 33
26 27 33
30 31 32
181
{[15, 14, 11, 10, 6]}
{[6, 3, 2, 1, 0]}
34
13 9 17
19 10 25
8 4 6
7 15 5
2 5 16
19 3 4
12 2 22
8 13 3
7 2 26
0 10 23
1 9 21
12 16 17
11 14 6
0 7 14
12 13 18
20 3 18
11 20 4
0 11 18
14 15 17
1 5 20
19 15 16
22 24 10
21 27 6
24 25 9
21 23 31
23 30 1
28 32 8
22 29 32
26 29 30
27 28 31
25 28 33
24 29 33
26 27 33
30 31 32
182
{[15, 14, 11, 10, 6]}
{[9, 7, 3, 2, 0]}
34
13 9 17
19 10 25
8 4 6
7 15 5
2 5 16
19 3 4
12 2 22
8 13 3
7 2 21
0 10 24
1 9 30
12 16 17
11 14 6
0 7 14
12 13 18
20 3 18
11 20 4
0 11 18
14 15 17
1 5 20
19 15 16
23 24 8
23 25 6
21 22 27
21 26 9
22 31 1
24 28 32
23 29 32
26 29 30
27 28 31
28 33 10
25 29 33
26 27 33
30 31 32
183
{[15, 14, 11, 10, 6]}
{[5, 4, 2, 1, 0]}
34
13 9 17
19 10 22
8 4 6
7 15 5
2 5 16
19 3 4
12 2 21
8 13 3
7 2 23
0 10 24
1 9 27
12 16 17
11 14 6
0 7 14
12 13 18
20 3 18
11 20 4
0 11 18
14 15 17
1 5 20
19 15 16
22 25 6
21 26 1
24 25 8
23 31 9
21 23 30
22 28 32
29 32 10
26 29 30
27 28 31
25 28 33
24 29 33
26 27 33
30 31 32
184
{[15, 14, 11, 10, 6]}
{[8, 7, 4, 2, 0]}
34
13 9 17
19 10 23
8 4 6
7 15 5
2 5 16
19 3 4
12 2 25
8 13 3
7 2 31
0 10 21
1 9 22
12 16 17
11 14 6
0 7 14
12 13 18
20 3 18
11 20 4
0 11 18
14 15 17
1 5 20
19 15 16
23 24 9
24 25 10
21 27 1
21 22 26
22 30 6
24 28 32
23 29 32
26 29 30
27 28 31
25 28 33
29 33 8
26 27 33
30 31 32
185
{[15, 14, 11, 10, 6]}
{[16, 13, 12, 11, 10]}
34
13 9 17
19 10 32
8 4 6
7 15 5
2 5 16
19 3 4
12 2 33
8 13 3
7 2 26
0 10 27
1 9 31
12 16 17
11 14 6
0 7 14
12 13 18
20 3 18
11 20 4
0 11 18
14 15 17
1 5 20
19 15 16
23 24 25
23 26 27
21 22 28
21 27 30
21 26 29
22 25 8
22 24 9
23 29 30
25 28 32
24 28 31
30 33 10
29 33 1
31 32 6
186
{[15, 14, 11, 10, 6]}
{[17, 16, 14, 12, 10]}
34
13 9 17
19 10 31
8 4 6
7 15 5
2 5 16
19 3 4
12 2 32
8 13 3
7 2 27
0 10 30
1 9 33
12 16 17
11 14 6
0 7 14
12 13 18
20 3 18
11 20 4
0 11 18
14 15 17
1 5 20
19 15 16
23 24 25
23 26 27
21 22 28
21 27 30
21 26 29
22 25 31
22 24 8
23 29 30
25 28 33
24 28 9
26 32 1
31 33 6
29 32 10
187
{[15, 14, 11, 10, 6]}
{[16, 13, 12, 11, 10]}
34
13 9 17
19 10 32
8 4 6
7 15 5
2 5 16
19 3 4
12 2 27
8 13 3
7 2 31
0 10 33
1 9 26
12 16 17
11 14 6
0 7 14
12 13 18
20 3 18
11 20 4
0 11 18
14 15 17
1 5 20
19 15 16
23 24 25
23 26 27
21 22 28
21 27 30
21 26 29
22 25 10
22 24 6
23 29 30
25 28 32
24 28 31
30 33 8
29 33 1
31 32 9
188
{[15, 14, 11, 10, 6]}
{[17, 16, 14, 12, 10]}
34
13 9 17
19 10 31
8 4 6
7 15 5
2 5 16
19 3 4
12 2 30
8 13 3
7 2 33
0 10 32
1 9 27
12 16 17
11 14 6
0 7 14
12 13 18
20 3 18
11 20 4
0 11 18
14 15 17
1 5 20
19 15 16
23 24 25
23 26 27
21 22 28
21 27 30
21 26 29
22 25 31
22 24 10
23 29 30
25 28 33
24 28 6
26 32 1
31 33 9
29 32 8
189
{[15, 14, 11, 10, 6]}
{[17, 16, 15, 13, 11]}
34
13 9 17
19 10 33
8 4 6
7 15 5
2 5 16
19 3 4
12 2 26
8 13 3
7 2 31
0 10 32
1 9 29
12 16 17
11 14 6
0 7 14
12 13 18
20 3 18
11 20 4
0 11 18
14 15 17
1 5 20
19 15 16
23 24 25
23 26 27
21 22 28
21 27 30
21 26 29
22 25 6
22 24 31
23 29 30
25 28 10
24 28 33
27 32 8
31 33 9
30 32 1
190
{[15, 14, 11, 10, 6]}
{[17, 16, 15, 13, 11]}
34
13 9 17
19 10 33
8 4 6
7 15 5
2 5 16
19 3 4
12 2 32
8 13 3
7 2 29
0 10 26
1 9 31
12 16 17
11 14 6
0 7 14
12 13 18
20 3 18
11 20 4
0 11 18
14 15 17
1 5 20
19 15 16
23 24 25
23 26 27
21 22 28
21 27 30
21 26 29
22 25 9
22 24 31
23 29 30
25 28 8
24 28 33
27 32 10
31 33 6
30 32 1
191
{[15, 14, 11, 10, 6]}
{[17, 15, 14, 13, 12]}
34
13 9 17
19 10 31
8 4 6
7 15 5
2 5 16
19 3 4
12 2 29
8 13 3
7 2 32
0 10 33
1 9 30
12 16 17
11 14 6
0 7 14
12 13 18
20 3 18
11 20 4
0 11 18
14 15 17
1 5 20
19 15 16
23 24 25
23 26 27
21 22 28
21 27 30
21 26 29
22 25 32
22 24 31
23 29 30
25 28 6
24 28 10
27 33 1
26 33 8
31 32 9
192
{[15, 14, 11, 10, 6]}
{[17, 15, 14, 13, 12]}
34
13 9 17
19 10 31
8 4 6
7 15 5
2 5 16
19 3 4
12 2 33
8 13 3
7 2 30
0 10 29
1 9 32
12 16 17
11 14 6
0 7 14
12 13 18
20 3 18
11 20 4
0 11 18
14 15 17
1 5 20
19 15 16
23 24 25
23 26 27
21 22 28
21 27 30
21 26 29
22 25 32
22 24 31
23 29 30
25 28 9
24 28 8
27 33 1
26 33 10
31 32 6
193
{[15, 13, 12, 11, 10]}
{[5, 4, 2, 1, 0]}
34
13 17 23
19 6 24
9 4 7
8 15 5
2 5 16
19 3 4
1 10 27
12 2 10
9 13 3
8 2 21
6 7 22
12 16 17
11 14 7
0 8 14
12 13 18
20 3 18
11 20 4
0 11 18
14 15 17
1 5 20
19 15 16
22 25 9
21 26 10
24 25 0
23 31 1
21 23 30
22 28 32
29 32 6
26 29 30
27 28 31
25 28 33
24 29 33
26 27 33
30 31 32
194
{[15, 13, 12, 11, 10]}
{[6, 3, 2, 1, 0]}
34
13 17 26
19 6 23
9 4 7
8 15 5
2 5 16
19 3 4
1 10 21
12 2 10
9 13 3
8 2 22
6 7 25
12 16 17
11 14 7
0 8 14
12 13 18
20 3 18
11 20 4
0 11 18
14 15 17
1 5 20
19 15 16
22 24 6
21 27 9
24 25 1
21 23 31
23 30 10
28 32 0
22 29 32
26 29 30
27 28 31
25 28 33
24 29 33
26 27 33
30 31 32
195
{[15, 13, 12, 11, 10]}
{[8, 7, 4, 2, 0]}
34
13 17 31
19 6 21
9 4 7
8 15 5
2 5 16
19 3 4
1 10 22
12 2 10
9 13 3
8 2 25
6 7 23
12 16 17
11 14 7
0 8 14
12 13 18
20 3 18
11 20 4
0 11 18
14 15 17
1 5 20
19 15 16
23 24 1
24 25 6
21 27 10
21 22 26
22 30 9
24 28 32
23 29 32
26 29 30
27 28 31
25 28 33
29 33 0
26 27 33
30 31 32
196
{[15, 13, 12, 11, 10]}
{[9, 7, 3, 2, 0]}
34
13 17 21
19 6 24
9 4 7
8 15 5
2 5 16
19 3 4
1 10 30
12 2 10
9 13 3
8 2 22
6 7 25
12 16 17
11 14 7
0 8 14
12 13 18
20 3 18
11 20 4
0 11 18
14 15 17
1 5 20
19 15 16
23 24 0
23 25 9
21 22 27
21 26 1
22 31 10
24 28 32
23 29 32
26 29 30
27 28 31
28 33 6
25 29 33
26 27 33
30 31 32
197
{[15, 13, 12, 11, 10]}
{[6, 3, 2, 1, 0]}
34
13 17 21
19 6 22
9 4 7
8 15 5
2 5 16
19 3 4
1 10 26
12 2 10
9 13 3
8 2 23
6 7 25
12 16 17
11 14 7
0 8 14
12 13 18
20 3 18
11 20 4
0 11 18
14 15 17
1 5 20
19 15 16
22 24 0
21 27 1
24 25 9
21 23 31
23 30 10
28 32 6
22 29 32
26 29 30
27 28 31
25 28 33
24 29 33
26 27 33
30 31 32
198
{[15, 13, 12, 11, 10]}
{[9, 7, 3, 2, 0]}
34
13 17 30
19 6 22
9 4 7
8 15 5
2 5 16
19 3 4
1 10 21
12 2 10
9 13 3
8 2 24
6 7 25
12 16 17
11 14 7
0 8 14
12 13 18
20 3 18
11 20 4
0 11 18
14 15 17
1 5 20
19 15 16
23 24 6
23 25 1
21 22 27
21 26 9
22 31 10
24 28 32
23 29 32
26 29 30
27 28 31
28 33 0
25 29 33
26 27 33
30 31 32
199
{[15, 13, 12, 11, 10]}
{[5, 4, 2, 1, 0]}
34
13 17 27
19 6 21
9 4 7
8 15 5
2 5 16
19 3 4
1 10 23
12 2 10
9 13 3
8 2 24
6 7 22
12 16 17
11 14 7
0 8 14
12 13 18
20 3 18
11 20 4
0 11 18
14 15 17
1 5 20
19 15 16
22 25 1
21 26 10
24 25 6
23 31 9
21 23 30
22 28 32
29 32 0
26 29 30
27 28 31
25 28 33
24 29 33
26 27 33
30 31 32
200
{[15, 13, 12, 11, 10]}
{[8, 7, 4, 2, 0]}
34
13 17 22
19 6 25
9 4 7
8 15 5
2 5 16
19 3 4
1 10 31
12 2 10
9 13 3
8 2 21
6 7 23
12 16 17
11 14 7
0 8 14
12 13 18
20 3 18
11 20 4
0 11 18
14 15 17
1 5 20
19 15 16
23 24 9
24 25 0
21 27 10
21 22 26
22 30 1
24 28 32
23 29 32
26 29 30
27 28 31
25 28 33
29 33 6
26 27 33
30 31 32
201
{[15, 13, 12, 11, 10]}
{[16, 13, 12, 11, 10]}
34
13 17 31
19 6 33
9 4 7
8 15 5
2 5 16
19 3 4
1 10 26
12 2 10
9 13 3
8 2 27
6 7 32
12 16 17
11 14 7
0 8 14
12 13 18
20 3 18
11 20 4
0 11 18
14 15 17
1 5 20
19 15 16
23 24 25
23 26 27
21 22 28
21 27 30
21 26 29
22 25 6
22 24 9
23 29 30
25 28 32
24 28 31
30 33 0
29 33 10
31 32 1
202
{[15, 13, 12, 11, 10]}
{[17, 16, 14, 12, 10]}
34
13 17 33
19 6 32
9 4 7
8 15 5
2 5 16
19 3 4
1 10 27
12 2 10
9 13 3
8 2 30
6 7 31
12 16 17
11 14 7
0 8 14
12 13 18
20 3 18
11 20 4
0 11 18
14 15 17
1 5 20
19 15 16
23 24 25
23 26 27
21 22 28
21 27 30
21 26 29
22 25 31
22 24 6
23 29 30
25 28 33
24 28 9
26 32 10
31 33 1
29 32 0
203
{[15, 13, 12, 11, 10]}
{[16, 13, 12, 11, 10]}
34
13 17 26
19 6 27
9 4 7
8 15 5
2 5 16
19 3 4
1 10 31
12 2 10
9 13 3
8 2 33
6 7 32
12 16 17
11 14 7
0 8 14
12 13 18
20 3 18
11 20 4
0 11 18
14 15 17
1 5 20
19 15 16
23 24 25
23 26 27
21 22 28
21 27 30
21 26 29
22 25 0
22 24 1
23 29 30
25 28 32
24 28 31
30 33 6
29 33 10
31 32 9
204
{[15, 13, 12, 11, 10]}
{[17, 16, 14, 12, 10]}
34
13 17 27
19 6 30
9 4 7
8 15 5
2 5 16
19 3 4
1 10 33
12 2 10
9 13 3
8 2 32
6 7 31
12 16 17
11 14 7
0 8 14
12 13 18
20 3 18
11 20 4
0 11 18
14 15 17
1 5 20
19 15 16
23 24 25
23 26 27
21 22 28
21 27 30
21 26 29
22 25 31
22 24 0
23 29 30
25 28 33
24 28 1
26 32 10
31 33 9
29 32 6
205
{[15, 13, 12, 11, 10]}
{[17, 16, 15, 13, 11]}
34
13 17 29
19 6 26
9 4 7
8 15 5
2 5 16
19 3 4
1 10 31
12 2 10
9 13 3
8 2 32
6 7 33
12 16 17
11 14 7
0 8 14
12 13 18
20 3 18
11 20 4
0 11 18
14 15 17
1 5 20
19 15 16
23 24 25
23 26 27
21 22 28
21 27 30
21 26 29
22 25 1
22 24 31
23 29 30
25 28 0
24 28 33
27 32 6
31 33 9
30 32 10
206
{[15, 13, 12, 11, 10]}
{[17, 16, 15, 13, 11]}
34
13 17 31
19 6 32
9 4 7
8 15 5
2 5 16
19 3 4
1 10 29
12 2 10
9 13 3
8 2 26
6 7 33
12 16 17
11 14 7
0 8 14
12 13 18
20 3 18
11 20 4
0 11 18
14 15 17
1 5 20
19 15 16
23 24 25
23 26 27
21 22 28
21 27 30
21 26 29
22 25 9
22 24 31
23 29 30
25 28 6
24 28 33
27 32 0
31 33 1
30 32 10
207
{[15, 13, 12, 11, 10]}
{[17, 15, 14, 13, 12]}
34
13 17 30
19 6 29
9 4 7
8 15 5
2 5 16
19 3 4
1 10 32
12 2 10
9 13 3
8 2 33
6 7 31
12 16 17
11 14 7
0 8 14
12 13 18
20 3 18
11 20 4
0 11 18
14 15 17
1 5 20
19 15 16
23 24 25
23 26 27
21 22 28
21 27 30
21 26 29
22 25 32
22 24 31
23 29 30
25 28 1
24 28 0
27 33 10
26 33 6
31 32 9
208
{[15, 13, 12, 11, 10]}
{[17, 15, 14, 13, 12]}
34
13 17 32
19 6 33
9 4 7
8 15 5
2 5 16
19 3 4
1 10 30
12 2 10
9 13 3
8 2 29
6 7 31
12 16 17
11 14 7
0 8 14
12 13 18
20 3 18
11 20 4
0 11 18
14 15 17
1 5 20
19 15 16
23 24 25
23 26 27
21 22 28
21 27 30
21 26 29
22 25 32
22 24 31
23 29 30
25 28 9
24 28 6
27 33 10
26 33 0
31 32 1
209
{[15, 13, 12, 11, 10]}
{[5, 4, 2, 1, 0]}
34
13 17 27
19 6 21
9 4 7
8 15 5
2 5 16
19 3 4
1 10 23
12 2 10
9 13 3
8 2 24
6 7 22
12 16 17
11 14 7
0 8 14
12 13 18
20 3 18
11 20 4
0 11 18
14 15 17
1 5 20
19 15 16
22 25 1
21 26 10
24 25 6
23 31 9
21 23 30
22 28 32
29 32 0
26 29 30
27 28 31
25 28 33
24 29 33
26 27 33
30 31 32
210
{[15, 13, 12, 11, 10]}
{[6, 3, 2, 1, 0]}
34
13 17 21
19 6 22
9 4 7
8 15 5
2 5 16
19 3 4
1 10 26
12 2 10
9 13 3
8 2 23
6 7 25
12 16 17
11 14 7
0 8 14
12 13 18
20 3 18
11 20 4
0 11 18
14 15 17
1 5 20
19 15 16
22 24 0
21 27 1
24 25 9
21 23 31
23 30 10
28 32 6
22 29 32
26 29 30
27 28 31
25 28 33
24 29 33
26 27 33
30 31 32
211
{[15, 13, 12, 11, 10]}
{[8, 7, 4, 2, 0]}
34
13 17 22
19 6 25
9 4 7
8 15 5
2 5 16
19 3 4
1 10 31
12 2 10
9 13 3
8 2 21
6 7 23
12 16 17
11 14 7
0 8 14
12 13 18
20 3 18
11 20 4
0 11 18
14 15 17
1 5 20
19 15 16
23 24 9
24 25 0
21 27 10
21 22 26
22 30 1
24 28 32
23 29 32
26 29 30
27 28 31
25 28 33
29 33 6
26 27 33
30 31 32
212
{[15, 13, 12, 11, 10]}
{[9, 7, 3, 2, 0]}
34
13 17 30
19 6 22
9 4 7
8 15 5
2 5 16
19 3 4
1 10 21
12 2 10
9 13 3
8 2 24
6 7 25
12 16 17
11 14 7
0 8 14
12 13 18
20 3 18
11 20 4
0 11 18
14 15 17
1 5 20
19 15 16
23 24 6
23 25 1
21 22 27
21 26 9
22 31 10
24 28 32
23 29 32
26 29 30
27 28 31
28 33 0
25 29 33
26 27 33
30 31 32
213
{[15, 13, 12, 11, 10]}
{[6, 3, 2, 1, 0]}
34
13 17 26
19 6 23
9 4 7
8 15 5
2 5 16
19 3 4
1 10 21
12 2 10
9 13 3
8 2 22
6 7 25
12 16 17
11 14 7
0 8 14
12 13 18
20 3 18
11 20 4
0 11 18
14 15 17
1 5 20
19 15 16
22 24 6
21 27 9
24 25 1
21 23 31
23 30 10
28 32 0
22 29 32
26 29 30
27 28 31
25 28 33
24 29 33
26 27 33
30 31 32
214
{[15, 13, 12, 11, 10]}
{[9, 7, 3, 2, 0]}
34
13 17 21
19 6 24
9 4 7
8 15 5
2 5 16
19 3 4
1 10 30
12 2 10
9 13 3
8 2 22
6 7 25
12 16 17
11 14 7
0 8 14
12 13 18
20 3 18
11 20 4
0 11 18
14 15 17
1 5 20
19 15 16
23 24 0
23 25 9
21 22 27
21 26 1
22 31 10
24 28 32
23 29 32
26 29 30
27 28 31
28 33 6
25 29 33
26 27 33
30 31 32
215
{[15, 13, 12, 11, 10]}
{[5, 4, 2, 1, 0]}
34
13 17 23
19 6 24
9 4 7
8 15 5
2 5 16
19 3 4
1 10 27
12 2 10
9 13 3
8 2 21
6 7 22
12 16 17
11 14 7
0 8 14
12 13 18
20 3 18
11 20 4
0 11 18
14 15 17
1 5 20
19 15 16
22 25 9
21 26 10
24 25 0
23 31 1
21 23 30
22 28 32
29 32 6
26 29 30
27 28 31
25 28 33
24 29 33
26 27 33
30 31 32
216
{[15, 13, 12, 11, 10]}
{[8, 7, 4, 2, 0]}
34
13 17 31
19 6 21
9 4 7
8 15 5
2 5 16
19 3 4
1 10 22
12 2 10
9 13 3
8 2 25
6 7 23
12 16 17
11 14 7
0 8 14
12 13 18
20 3 18
11 20 4
0 11 18
14 15 17
1 5 20
19 15 16
23 24 1
24 25 6
21 27 10
21 22 26
22 30 9
24 28 32
23 29 32
26 29 30
27 28 31
25 28 33
29 33 0
26 27 33
30 31 32
217
{[15, 13, 12, 11, 10]}
{[16, 13, 12, 11, 10]}
34
13 17 26
19 6 27
9 4 7
8 15 5
2 5 16
19 3 4
1 10 31
12 2 10
9 13 3
8 2 33
6 7 32
12 16 17
11 14 7
0 8 14
12 13 18
20 3 18
11 20 4
0 11 18
14 15 17
1 5 20
19 15 16
23 24 25
23 26 27
21 22 28
21 27 30
21 26 29
22 25 0
22 24 1
23 29 30
25 28 32
24 28 31
30 33 6
29 33 10
31 32 9
218
{[15, 13, 12, 11, 10]}
{[17, 16, 14, 12, 10]}
34
13 17 27
19 6 30
9 4 7
8 15 5
2 5 16
19 3 4
1 10 33
12 2 10
9 13 3
8 2 32
6 7 31
12 16 17
11 14 7
0 8 14
12 13 18
20 3 18
11 20 4
0 11 18
14 15 17
1 5 20
19 15 16
23 24 25
23 26 27
21 22 28
21 27 30
21 26 29
22 25 31
22 24 0
23 29 30
25 28 33
24 28 1
26 32 10
31 33 9
29 32 6
219
{[15, 13, 12, 11, 10]}
{[16, 13, 12, 11, 10]}
34
13 17 31
19 6 33
9 4 7
8 15 5
2 5 16
19 3 4
1 10 26
12 2 10
9 13 3
8 2 27
6 7 32
12 16 17
11 14 7
0 8 14
12 13 18
20 3 18
11 20 4
0 11 18
14 15 17
1 5 20
19 15 16
23 24 25
23 26 27
21 22 28
21 27 30
21 26 29
22 25 6
22 24 9
23 29 30
25 28 32
24 28 31
30 33 0
29 33 10
31 32 1
220
{[15, 13, 12, 11, 10]}
{[17, 16, 14, 12, 10]}
34
13 17 33
19 6 32
9 4 7
8 15 5
2 5 16
19 3 4
1 10 27
12 2 10
9 13 3
8 2 30
6 7 31
12 16 17
11 14 7
0 8 14
12 13 18
20 3 18
11 20 4
0 11 18
14 15 17
1 5 20
19 15 16
23 24 25
23 26 27
21 22 28
21 27 30
21 26 29
22 25 31
22 24 6
23 29 30
25 28 33
24 28 9
26 32 10
31 33 1
29 32 0
221
{[15, 13, 12, 11, 10]}
{[17, 16, 15, 13, 11]}
34
13 17 31
19 6 32
9 4 7
8 15 5
2 5 16
19 3 4
1 10 29
12 2 10
9 13 3
8 2 26
6 7 33
12 16 17
11 14 7
0 8 14
12 13 18
20 3 18
11 20 4
0 11 18
14 15 17
1 5 20
19 15 16
23 24 25
23 26 27
21 22 28
21 27 30
21 26 29
22 25 9
22 24 31
23 29 30
25 28 6
24 28 33
27 32 0
31 33 1
30 32 10
222
{[15, 13, 12, 11, 10]}
{[17, 16, 15, 13, 11]}
34
13 17 29
19 6 26
9 4 7
8 15 5
2 5 16
19 3 4
1 10 31
12 2 10
9 13 3
8 2 32
6 7 33
12 16 17
11 14 7
0 8 14
12 13 18
20 3 18
11 20 4
0 11 18
14 15 17
1 5 20
19 15 16
23 24 25
23 26 27
21 22 28
21 27 30
21 26 29
22 25 1
22 24 31
23 29 30
25 28 0
24 28 33
27 32 6
31 33 9
30 32 10
223
{[15, 13, 12, 11, 10]}
{[17, 15, 14, 13, 12]}
34
13 17 32
19 6 33
9 4 7
8 15 5
2 5 16
19 3 4
1 10 30
12 2 10
9 13 3
8 2 29
6 7 31
12 16 17
11 14 7
0 8 14
12 13 18
20 3 18
11 20 4
0 11 18
14 15 17
1 5 20
19 15 16
23 24 25
23 26 27
21 22 28
21 27 30
21 26 29
22 25 32
22 24 31
23 29 30
25 28 9
24 28 6
27 33 10
26 33 0
31 32 1
224
{[15, 13, 12, 11, 10]}
{[17, 15, 14, 13, 12]}
34
13 17 30
19 6 29
9 4 7
8 15 5
2 5 16
19 3 4
1 10 32
12 2 10
9 13 3
8 2 33
6 7 31
12 16 17
11 14 7
0 8 14
12 13 18
20 3 18
11 20 4
0 11 18
14 15 17
1 5 20
19 15 16
23 24 25
23 26 27
21 22 28
21 27 30
21 26 29
22 25 32
22 24 31
23 29 30
25 28 1
24 28 0
27 33 10
26 33 6
31 32 9
225
{[23, 22, 19, 17, 16]}
{[5, 4, 2, 1, 0]}
34
16 12 27
19 13 6
9 4 7
8 17 5
2 5 18
19 3 4
1 10 14
2 14 22
9 16 3
8 2 11
11 12 6
9 10 15
0 10 13
1 12 15
15 6 7
11 13 14
0 8 24
20 3 23
20 4 21
1 5 20
19 17 18
22 25 18
21 26 7
24 25 17
23 31 16
21 23 30
22 28 32
29 32 0
26 29 30
27 28 31
25 28 33
24 29 33
26 27 33
30 31 32
226
{[23, 22, 19, 17, 16]}
{[6, 3, 2, 1, 0]}
34
16 12 21
19 13 6
9 4 7
8 17 5
2 5 18
19 3 4
1 10 14
2 14 25
9 16 3
8 2 11
11 12 6
9 10 15
0 10 13
1 12 15
15 6 7
11 13 14
0 8 23
20 3 26
20 4 22
1 5 20
19 17 18
22 24 0
21 27 18
24 25 16
21 23 31
23 30 7
28 32 17
22 29 32
26 29 30
27 28 31
25 28 33
24 29 33
26 27 33
30 31 32
227
{[23, 22, 19, 17, 16]}
{[8, 7, 4, 2, 0]}
34
16 12 22
19 13 6
9 4 7
8 17 5
2 5 18
19 3 4
1 10 14
2 14 23
9 16 3
8 2 11
11 12 6
9 10 15
0 10 13
1 12 15
15 6 7
11 13 14
0 8 21
20 3 31
20 4 25
1 5 20
19 17 18
23 24 16
24 25 0
21 27 7
21 22 26
22 30 18
24 28 32
23 29 32
26 29 30
27 28 31
25 28 33
29 33 17
26 27 33
30 31 32
228
{[23, 22, 19, 17, 16]}
{[9, 7, 3, 2, 0]}
34
16 12 30
19 13 6
9 4 7
8 17 5
2 5 18
19 3 4
1 10 14
2 14 25
9 16 3
8 2 11
11 12 6
9 10 15
0 10 13
1 12 15
15 6 7
11 13 14
0 8 24
20 3 21
20 4 22
1 5 20
19 17 18
23 24 17
23 25 18
21 22 27
21 26 16
22 31 7
24 28 32
23 29 32
26 29 30
27 28 31
28 33 0
25 29 33
26 27 33
30 31 32
229
{[23, 22, 19, 17, 16]}
{[6, 3, 2, 1, 0]}
34
16 12 26
19 13 6
9 4 7
8 17 5
2 5 18
19 3 4
1 10 14
2 14 25
9 16 3
8 2 11
11 12 6
9 10 15
0 10 13
1 12 15
15 6 7
11 13 14
0 8 22
20 3 21
20 4 23
1 5 20
19 17 18
22 24 17
21 27 16
24 25 18
21 23 31
23 30 7
28 32 0
22 29 32
26 29 30
27 28 31
25 28 33
24 29 33
26 27 33
30 31 32
230
{[23, 22, 19, 17, 16]}
{[9, 7, 3, 2, 0]}
34
16 12 21
19 13 6
9 4 7
8 17 5
2 5 18
19 3 4
1 10 14
2 14 25
9 16 3
8 2 11
11 12 6
9 10 15
0 10 13
1 12 15
15 6 7
11 13 14
0 8 22
20 3 30
20 4 24
1 5 20
19 17 18
23 24 0
23 25 16
21 22 27
21 26 18
22 31 7
24 28 32
23 29 32
26 29 30
27 28 31
28 33 17
25 29 33
26 27 33
30 31 32
231
{[23, 22, 19, 17, 16]}
{[5, 4, 2, 1, 0]}
34
16 12 23
19 13 6
9 4 7
8 17 5
2 5 18
19 3 4
1 10 14
2 14 22
9 16 3
8 2 11
11 12 6
9 10 15
0 10 13
1 12 15
15 6 7
11 13 14
0 8 21
20 3 27
20 4 24
1 5 20
19 17 18
22 25 16
21 26 7
24 25 0
23 31 18
21 23 30
22 28 32
29 32 17
26 29 30
27 28 31
25 28 33
24 29 33
26 27 33
30 31 32
232
{[23, 22, 19, 17, 16]}
{[8, 7, 4, 2, 0]}
34
16 12 31
19 13 6
9 4 7
8 17 5
2 5 18
19 3 4
1 10 14
2 14 23
9 16 3
8 2 11
11 12 6
9 10 15
0 10 13
1 12 15
15 6 7
11 13 14
0 8 25
20 3 22
20 4 21
1 5 20
19 17 18
23 24 18
24 25 17
21 27 7
21 22 26
22 30 16
24 28 32
23 29 32
26 29 30
27 28 31
25 28 33
29 33 0
26 27 33
30 31 32
233
{[23, 22, 19, 17, 16]}
{[16, 13, 12, 11, 10]}
34
16 12 26
19 13 6
9 4 7
8 17 5
2 5 18
19 3 4
1 10 14
2 14 32
9 16 3
8 2 11
11 12 6
9 10 15
0 10 13
1 12 15
15 6 7
11 13 14
0 8 33
20 3 31
20 4 27
1 5 20
19 17 18
23 24 25
23 26 27
21 22 28
21 27 30
21 26 29
22 25 0
22 24 18
23 29 30
25 28 32
24 28 31
30 33 17
29 33 7
31 32 16
234
{[23, 22, 19, 17, 16]}
{[17, 16, 14, 12, 10]}
34
16 12 27
19 13 6
9 4 7
8 17 5
2 5 18
19 3 4
1 10 14
2 14 31
9 16 3
8 2 11
11 12 6
9 10 15
0 10 13
1 12 15
15 6 7
11 13 14
0 8 32
20 3 33
20 4 30
1 5 20
19 17 18
23 24 25
23 26 27
21 22 28
21 27 30
21 26 29
22 25 31
22 24 0
23 29 30
25 28 33
24 28 18
26 32 7
31 33 16
29 32 17
235
{[23, 22, 19, 17, 16]}
{[16, 13, 12, 11, 10]}
34
16 12 31
19 13 6
9 4 7
8 17 5
2 5 18
19 3 4
1 10 14
2 14 32
9 16 3
8 2 11
11 12 6
9 10 15
0 10 13
1 12 15
15 6 7
11 13 14
0 8 27
20 3 26
20 4 33
1 5 20
19 17 18
23 24 25
23 26 27
21 22 28
21 27 30
21 26 29
22 25 17
22 24 16
23 29 30
25 28 32
24 28 31
30 33 0
29 33 7
31 32 18
236
{[23, 22, 19, 17, 16]}
{[17, 16, 14, 12, 10]}
34
16 12 33
19 13 6
9 4 7
8 17 5
2 5 18
19 3 4
1 10 14
2 14 31
9 16 3
8 2 11
11 12 6
9 10 15
0 10 13
1 12 15
15 6 7
11 13 14
0 8 30
20 3 27
20 4 32
1 5 20
19 17 18
23 24 25
23 26 27
21 22 28
21 27 30
21 26 29
22 25 31
22 24 17
23 29 30
25 28 33
24 28 16
26 32 7
31 33 18
29 32 0
237
{[23, 22, 19, 17, 16]}
{[17, 16, 15, 13, 11]}
34
16 12 31
19 13 6
9 4 7
8 17 5
2 5 18
19 3 4
1 10 14
2 14 33
9 16 3
8 2 11
11 12 6
9 10 15
0 10 13
1 12 15
15 6 7
11 13 14
0 8 26
20 3 29
20 4 32
1 5 20
19 17 18
23 24 25
23 26 27
21 22 28
21 27 30
21 26 29
22 25 16
22 24 31
23 29 30
25 28 17
24 28 33
27 32 0
31 33 18
30 32 7
238
{[23, 22, 19, 17, 16]}
{[17, 16, 15, 13, 11]}
34
16 12 29
19 13 6
9 4 7
8 17 5
2 5 18
19 3 4
1 10 14
2 14 33
9 16 3
8 2 11
11 12 6
9 10 15
0 10 13
1 12 15
15 6 7
11 13 14
0 8 32
20 3 31
20 4 26
1 5 20
19 17 18
23 24 25
23 26 27
21 22 28
21 27 30
21 26 29
22 25 18
22 24 31
23 29 30
25 28 0
24 28 33
27 32 17
31 33 16
30 32 7
239
{[23, 22, 19, 17, 16]}
{[17, 15, 14, 13, 12]}
34
16 12 32
19 13 6
9 4 7
8 17 5
2 5 18
19 3 4
1 10 14
2 14 31
9 16 3
8 2 11
11 12 6
9 10 15
0 10 13
1 12 15
15 6 7
11 13 14
0 8 29
20 3 30
20 4 33
1 5 20
19 17 18
23 24 25
23 26 27
21 22 28
21 27 30
21 26 29
22 25 32
22 24 31
23 29 30
25 28 16
24 28 17
27 33 7
26 33 0
31 32 18
240
{[23, 22, 19, 17, 16]}
{[17, 15, 14, 13, 12]}
34
16 12 30
19 13 6
9 4 7
8 17 5
2 5 18
19 3 4
1 10 14
2 14 31
9 16 3
8 2 11
11 12 6
9 10 15
0 10 13
1 12 15
15 6 7
11 13 14
0 8 33
20 3 32
20 4 29
1 5 20
19 17 18
23 24 25
23 26 27
21 22 28
21 27 30
21 26 29
22 25 32
22 24 31
23 29 30
25 28 18
24 28 0
27 33 7
26 33 17
31 32 16
241
{[23, 22, 19, 17, 16]}
{[5, 4, 2, 1, 0]}
34
16 12 23
19 13 6
9 4 7
8 17 5
2 5 18
19 3 4
1 10 14
2 14 22
9 16 3
8 2 11
11 12 6
9 10 15
0 10 13
1 12 15
15 6 7
11 13 14
0 8 21
20 3 27
20 4 24
1 5 20
19 17 18
22 25 16
21 26 7
24 25 0
23 31 18
21 23 30
22 28 32
29 32 17
26 29 30
27 28 31
25 28 33
24 29 33
26 27 33
30 31 32
242
{[23, 22, 19, 17, 16]}
{[6, 3, 2, 1, 0]}
34
16 12 26
19 13 6
9 4 7
8 17 5
2 5 18
19 3 4
1 10 14
2 14 25
9 16 3
8 2 11
11 12 6
9 10 15
0 10 13
1 12 15
15 6 7
11 13 14
0 8 22
20 3 21
20 4 23
1 5 20
19 17 18
22 24 17
21 27 16
24 25 18
21 23 31
23 30 7
28 32 0
22 29 32
26 29 30
27 28 31
25 28 33
24 29 33
26 27 33
30 31 32
243
{[23, 22, 19, 17, 16]}
{[8, 7, 4, 2, 0]}
34
16 12 31
19 13 6
9 4 7
8 17 5
2 5 18
19 3 4
1 10 14
2 14 23
9 16 3
8 2 11
11 12 6
9 10 15
0 10 13
1 12 15
15 6 7
11 13 14
0 8 25
20 3 22
20 4 21
1 5 20
19 17 18
23 24 18
24 25 17
21 27 7
21 22 26
22 30 16
24 28 32
23 29 32
26 29 30
27 28 31
25 28 33
29 33 0
26 27 33
30 31 32
244
{[23, 22, 19, 17, 16]}
{[9, 7, 3, 2, 0]}
34
16 12 21
19 13 6
9 4 7
8 17 5
2 5 18
19 3 4
1 10 14
2 14 25
9 16 3
8 2 11
11 12 6
9 10 15
0 10 13
1 12 15
15 6 7
11 13 14
0 8 22
20 3 30
20 4 24
1 5 20
19 17 18
23 24 0
23 25 16
21 22 27
21 26 18
22 31 7
24 28 32
23 29 32
26 29 30
27 28 31
28 33 17
25 29 33
26 27 33
30 31 32
245
{[23, 22, 19, 17, 16]}
{[6, 3, 2, 1, 0]}
34
16 12 21
19 13 6
9 4 7
8 17 5
2 5 18
19 3 4
1 10 14
2 14 25
9 16 3
8 2 11
11 12 6
9 10 15
0 10 13
1 12 15
15 6 7
11 13 14
0 8 23
20 3 26
20 4 22
1 5 20
19 17 18
22 24 0
21 27 18
24 25 16
21 23 31
23 30 7
28 32 17
22 29 32
26 29 30
27 28 31
25 28 33
24 29 33
26 27 33
30 31 32
246
{[23, 22, 19, 17, 16]}
{[9, 7, 3, 2, 0]}
34
16 12 30
19 13 6
9 4 7
8 17 5
2 5 18
19 3 4
1 10 14
2 14 25
9 16 3
8 2 11
11 12 6
9 10 15
0 10 13
1 12 15
15 6 7
11 13 14
0 8 24
20 3 21
20 4 22
1 5 20
19 17 18
23 24 17
23 25 18
21 22 27
21 26 16
22 31 7
24 28 32
23 29 32
26 29 30
27 28 31
28 33 0
25 29 33
26 27 33
30 31 32
247
{[23, 22, 19, 17, 16]}
{[5, 4, 2, 1, 0]}
34
16 12 27
19 13 6
9 4 7
8 17 5
2 5 18
19 3 4
1 10 14
2 14 22
9 16 3
8 2 11
11 12 6
9 10 15
0 10 13
1 12 15
15 6 7
11 13 14
0 8 24
20 3 23
20 4 21
1 5 20
19 17 18
22 25 18
21 26 7
24 25 17
23 31 16
21 23 30
22 28 32
29 32 0
26 29 30
27 28 31
25 28 33
24 29 33
26 27 33
30 31 32
248
{[23, 22, 19, 17, 16]}
{[8, 7, 4, 2, 0]}
34
16 12 22
19 13 6
9 4 7
8 17 5
2 5 18
19 3 4
1 10 14
2 14 23
9 16 3
8 2 11
11 12 6
9 10 15
0 10 13
1 12 15
15 6 7
11 13 14
0 8 21
20 3 31
20 4 25
1 5 20
19 17 18
23 24 16
24 25 0
21 27 7
21 22 26
22 30 18
24 28 32
23 29 32
26 29 30
27 28 31
25 28 33
29 33 17
26 27 33
30 31 32
249
{[23, 22, 19, 17, 16]}
{[16, 13, 12, 11, 10]}
34
16 12 31
19 13 6
9 4 7
8 17 5
2 5 18
19 3 4
1 10 14
2 14 32
9 16 3
8 2 11
11 12 6
9 10 15
0 10 13
1 12 15
15 6 7
11 13 14
0 8 27
20 3 26
20 4 33
1 5 20
19 17 18
23 24 25
23 26 27
21 22 28
21 27 30
21 26 29
22 25 17
22 24 16
23 29 30
25 28 32
24 28 31
30 33 0
29 33 7
31 32 18
250
{[23, 22, 19, 17, 16]}
{[17, 16, 14, 12, 10]}
34
16 12 33
19 13 6
9 4 7
8 17 5
2 5 18
19 3 4
1 10 14
2 14 31
9 16 3
8 2 11
11 12 6
9 10 15
0 10 13
1 12 15
15 6 7
11 13 14
0 8 30
20 3 27
20 4 32
1 5 20
19 17 18
23 24 25
23 26 27
21 22 28
21 27 30
21 26 29
22 25 31
22 24 17
23 29 30
25 28 33
24 28 16
26 32 7
31 33 18
29 32 0
251
{[23, 22, 19, 17, 16]}
{[16, 13, 12, 11, 10]}
34
16 12 26
19 13 6
9 4 7
8 17 5
2 5 18
19 3 4
1 10 14
2 14 32
9 16 3
8 2 11
11 12 6
9 10 15
0 10 13
1 12 15
15 6 7
11 13 14
0 8 33
20 3 31
20 4 27
1 5 20
19 17 18
23 24 25
23 26 27
21 22 28
21 27 30
21 26 29
22 25 0
22 24 18
23 29 30
25 28 32
24 28 31
30 33 17
29 33 7
31 32 16
252
{[23, 22, 19, 17, 16]}
{[17, 16, 14, 12, 10]}
34
16 12 27
19 13 6
9 4 7
8 17 5
2 5 18
19 3 4
1 10 14
2 14 31
9 16 3
8 2 11
11 12 6
9 10 15
0 10 13
1 12 15
15 6 7
11 13 14
0 8 32
20 3 33
20 4 30
1 5 20
19 17 18
23 24 25
23 26 27
21 22 28
21 27 30
21 26 29
22 25 31
22 24 0
23 29 30
25 28 33
24 28 18
26 32 7
31 33 16
29 32 17
253
{[23, 22, 19, 17, 16]}
{[17, 16, 15, 13, 11]}
34
16 12 29
19 13 6
9 4 7
8 17 5
2 5 18
19 3 4
1 10 14
2 14 33
9 16 3
8 2 11
11 12 6
9 10 15
0 10 13
1 12 15
15 6 7
11 13 14
0 8 32
20 3 31
20 4 26
1 5 20
19 17 18
23 24 25
23 26 27
21 22 28
21 27 30
21 26 29
22 25 18
22 24 31
23 29 30
25 28 0
24 28 33
27 32 17
31 33 16
30 32 7
254
{[23, 22, 19, 17, 16]}
{[17, 16, 15, 13, 11]}
34
16 12 31
19 13 6
9 4 7
8 17 5
2 5 18
19 3 4
1 10 14
2 14 33
9 16 3
8 2 11
11 12 6
9 10 15
0 10 13
1 12 15
15 6 7
11 13 14
0 8 26
20 3 29
20 4 32
1 5 20
19 17 18
23 24 25
23 26 27
21 22 28
21 27 30
21 26 29
22 25 16
22 24 31
23 29 30
25 28 17
24 28 33
27 32 0
31 33 18
30 32 7
255
{[23, 22, 19, 17, 16]}
{[17, 15, 14, 13, 12]}
34
16 12 30
19 13 6
9 4 7
8 17 5
2 5 18
19 3 4
1 10 14
2 14 31
9 16 3
8 2 11
11 12 6
9 10 15
0 10 13
1 12 15
15 6 7
11 13 14
0 8 33
20 3 32
20 4 29
1 5 20
19 17 18
23 24 25
23 26 27
21 22 28
21 27 30
21 26 29
22 25 32
22 24 31
23 29 30
25 28 18
24 28 0
27 33 7
26 33 17
31 32 16
256
{[23, 22, 19, 17, 16]}
{[17, 15, 14, 13, 12]}
34
16 12 32
19 13 6
9 4 7
8 17 5
2 5 18
19 3 4
1 10 14
2 14 31
9 16 3
8 2 11
11 12 6
9 10 15
0 10 13
1 12 15
15 6 7
11 13 14
0 8 29
20 3 30
20 4 33
1 5 20
19 17 18
23 24 25
23 26 27
21 22 28
21 27 30
21 26 29
22 25 32
22 24 31
23 29 30
25 28 16
24 28 17
27 33 7
26 33 0
31 32 18
