288
1
{[17, 16, 4, 2, 0]}
{[5, 4, 2, 1, 0]}
34
8 10 11
5 20 15
20 14 22
12 10 4
15 3 24
6 1 17
5 8 16
8 9 12
0 7 6
7 10 27
0 9 3
0 14 12
7 11 3
19 14 17
13 2 11
18 1 4
6 18 23
5 13 18
15 16 17
20 13 21
19 1 2
22 25 19
21 26 2
24 25 16
23 31 4
21 23 30
22 28 32
29 32 9
26 29 30
27 28 31
25 28 33
24 29 33
26 27 33
30 31 32
2
{[17, 16, 4, 2, 0]}
{[6, 3, 2, 1, 0]}
34
8 10 11
5 20 15
20 14 25
12 10 4
15 3 23
6 1 17
5 8 16
8 9 12
0 7 6
7 10 21
0 9 3
0 14 12
7 11 3
19 14 17
13 2 11
18 1 4
6 18 26
5 13 18
15 16 17
20 13 22
19 1 2
22 24 9
21 27 19
24 25 4
21 23 31
23 30 2
28 32 16
22 29 32
26 29 30
27 28 31
25 28 33
24 29 33
26 27 33
30 31 32
3
{[17, 16, 4, 2, 0]}
{[8, 7, 4, 2, 0]}
34
8 10 11
5 20 15
20 14 23
12 10 4
15 3 21
6 1 17
5 8 16
8 9 12
0 7 6
7 10 22
0 9 3
0 14 12
7 11 3
19 14 17
13 2 11
18 1 4
6 18 31
5 13 18
15 16 17
20 13 25
19 1 2
23 24 4
24 25 9
21 27 2
21 22 26
22 30 19
24 28 32
23 29 32
26 29 30
27 28 31
25 28 33
29 33 16
26 27 33
30 31 32
4
{[17, 16, 4, 2, 0]}
{[9, 7, 3, 2, 0]}
34
8 10 11
5 20 15
20 14 25
12 10 4
15 3 24
6 1 17
5 8 16
8 9 12
0 7 6
7 10 30
0 9 3
0 14 12
7 11 3
19 14 17
13 2 11
18 1 4
6 18 21
5 13 18
15 16 17
20 13 22
19 1 2
23 24 16
23 25 19
21 22 27
21 26 4
22 31 2
24 28 32
23 29 32
26 29 30
27 28 31
28 33 9
25 29 33
26 27 33
30 31 32
5
{[17, 16, 4, 2, 0]}
{[6, 3, 2, 1, 0]}
34
8 10 11
5 20 15
20 14 25
12 10 4
15 3 22
6 1 17
5 8 16
8 9 12
0 7 6
7 10 26
0 9 3
0 14 12
7 11 3
19 14 17
13 2 11
18 1 4
6 18 21
5 13 18
15 16 17
20 13 23
19 1 2
22 24 16
21 27 4
24 25 19
21 23 31
23 30 2
28 32 9
22 29 32
26 29 30
27 28 31
25 28 33
24 29 33
26 27 33
30 31 32
6
{[17, 16, 4, 2, 0]}
{[9, 7, 3, 2, 0]}
34
8 10 11
5 20 15
20 14 25
12 10 4
15 3 22
6 1 17
5 8 16
8 9 12
0 7 6
7 10 21
0 9 3
0 14 12
7 11 3
19 14 17
13 2 11
18 1 4
6 18 30
5 13 18
15 16 17
20 13 24
19 1 2
23 24 9
23 25 4
21 22 27
21 26 19
22 31 2
24 28 32
23 29 32
26 29 30
27 28 31
28 33 16
25 29 33
26 27 33
30 31 32
7
{[17, 16, 4, 2, 0]}
{[5, 4, 2, 1, 0]}
34
8 10 11
5 20 15
20 14 22
12 10 4
15 3 21
6 1 17
5 8 16
8 9 12
0 7 6
7 10 23
0 9 3
0 14 12
7 11 3
19 14 17
13 2 11
18 1 4
6 18 27
5 13 18
15 16 17
20 13 24
19 1 2
22 25 4
21 26 2
24 25 9
23 31 19
21 23 30
22 28 32
29 32 16
26 29 30
27 28 31
25 28 33
24 29 33
26 27 33
30 31 32
8
{[17, 16, 4, 2, 0]}
{[8, 7, 4, 2, 0]}
34
8 10 11
5 20 15
20 14 23
12 10 4
15 3 25
6 1 17
5 8 16
8 9 12
0 7 6
7 10 31
0 9 3
0 14 12
7 11 3
19 14 17
13 2 11
18 1 4
6 18 22
5 13 18
15 16 17
20 13 21
19 1 2
23 24 19
24 25 16
21 27 2
21 22 26
22 30 4
24 28 32
23 29 32
26 29 30
27 28 31
25 28 33
29 33 9
26 27 33
30 31 32
9
{[17, 16, 4, 2, 0]}
{[16, 13, 12, 11, 10]}
34
8 10 11
5 20 15
20 14 32
12 10 4
15 3 33
6 1 17
5 8 16
8 9 12
0 7 6
7 10 26
0 9 3
0 14 12
7 11 3
19 14 17
13 2 11
18 1 4
6 18 31
5 13 18
15 16 17
20 13 27
19 1 2
23 24 25
23 26 27
21 22 28
21 27 30
21 26 29
22 25 9
22 24 19
23 29 30
25 28 32
24 28 31
30 33 16
29 33 2
31 32 4
10
{[17, 16, 4, 2, 0]}
{[17, 16, 14, 12, 10]}
34
8 10 11
5 20 15
20 14 31
12 10 4
15 3 32
6 1 17
5 8 16
8 9 12
0 7 6
7 10 27
0 9 3
0 14 12
7 11 3
19 14 17
13 2 11
18 1 4
6 18 33
5 13 18
15 16 17
20 13 30
19 1 2
23 24 25
23 26 27
21 22 28
21 27 30
21 26 29
22 25 31
22 24 9
23 29 30
25 28 33
24 28 19
26 32 2
31 33 4
29 32 16
11
{[17, 16, 4, 2, 0]}
{[16, 13, 12, 11, 10]}
34
8 10 11
5 20 15
20 14 32
12 10 4
15 3 27
6 1 17
5 8 16
8 9 12
0 7 6
7 10 31
0 9 3
0 14 12
7 11 3
19 14 17
13 2 11
18 1 4
6 18 26
5 13 18
15 16 17
20 13 33
19 1 2
23 24 25
23 26 27
21 22 28
21 27 30
21 26 29
22 25 16
22 24 4
23 29 30
25 28 32
24 28 31
30 33 9
29 33 2
31 32 19
12
{[17, 16, 4, 2, 0]}
{[17, 16, 14, 12, 10]}
34
8 10 11
5 20 15
20 14 31
12 10 4
15 3 30
6 1 17
5 8 16
8 9 12
0 7 6
7 10 33
0 9 3
0 14 12
7 11 3
19 14 17
13 2 11
18 1 4
6 18 27
5 13 18
15 16 17
20 13 32
19 1 2
23 24 25
23 26 27
21 22 28
21 27 30
21 26 29
22 25 31
22 24 16
23 29 30
25 28 33
24 28 4
26 32 2
31 33 19
29 32 9
13
{[17, 16, 4, 2, 0]}
{[17, 16, 15, 13, 11]}
34
8 10 11
5 20 15
20 14 33
12 10 4
15 3 26
6 1 17
5 8 16
8 9 12
0 7 6
7 10 31
0 9 3
0 14 12
7 11 3
19 14 17
13 2 11
18 1 4
6 18 29
5 13 18
15 16 17
20 13 32
19 1 2
23 24 25
23 26 27
21 22 28
21 27 30
21 26 29
22 25 4
22 24 31
23 29 30
25 28 16
24 28 33
27 32 9
31 33 19
30 32 2
14
{[17, 16, 4, 2, 0]}
{[17, 16, 15, 13, 11]}
34
8 10 11
5 20 15
20 14 33
12 10 4
15 3 32
6 1 17
5 8 16
8 9 12
0 7 6
7 10 29
0 9 3
0 14 12
7 11 3
19 14 17
13 2 11
18 1 4
6 18 31
5 13 18
15 16 17
20 13 26
19 1 2
23 24 25
23 26 27
21 22 28
21 27 30
21 26 29
22 25 19
22 24 31
23 29 30
25 28 9
24 28 33
27 32 16
31 33 4
30 32 2
15
{[17, 16, 4, 2, 0]}
{[17, 15, 14, 13, 12]}
34
8 10 11
5 20 15
20 14 31
12 10 4
15 3 29
6 1 17
5 8 16
8 9 12
0 7 6
7 10 32
0 9 3
0 14 12
7 11 3
19 14 17
13 2 11
18 1 4
6 18 30
5 13 18
15 16 17
20 13 33
19 1 2
23 24 25
23 26 27
21 22 28
21 27 30
21 26 29
22 25 32
22 24 31
23 29 30
25 28 4
24 28 16
27 33 2
26 33 9
31 32 19
16
{[17, 16, 4, 2, 0]}
{[17, 15, 14, 13, 12]}
34
8 10 11
5 20 15
20 14 31
12 10 4
15 3 33
6 1 17
5 8 16
8 9 12
0 7 6
7 10 30
0 9 3
0 14 12
7 11 3
19 14 17
13 2 11
18 1 4
6 18 32
5 13 18
15 16 17
20 13 29
19 1 2
23 24 25
23 26 27
21 22 28
21 27 30
21 26 29
22 25 32
22 24 31
23 29 30
25 28 19
24 28 9
27 33 2
26 33 16
31 32 4
17
{[25, 24, 5, 4, 0]}
{[5, 4, 2, 1, 0]}
34
8 10 11
14 4 24
5 17 27
12 10 4
1 17 3
6 2 19
5 8 18
8 9 12
0 7 6
13 7 10
0 9 3
0 16 12
7 11 3
14 9 22
13 1 18
16 19 21
15 11 23
20 2 4
6 20 14
5 15 20
17 18 19
22 25 15
21 26 13
24 25 16
23 31 1
21 23 30
22 28 32
29 32 2
26 29 30
27 28 31
25 28 33
24 29 33
26 27 33
30 31 32
18
{[25, 24, 5, 4, 0]}
{[6, 3, 2, 1, 0]}
34
8 10 11
14 4 23
5 17 21
12 10 4
1 17 3
6 2 19
5 8 18
8 9 12
0 7 6
13 7 10
0 9 3
0 16 12
7 11 3
14 9 25
13 1 18
16 19 22
15 11 26
20 2 4
6 20 14
5 15 20
17 18 19
22 24 2
21 27 15
24 25 1
21 23 31
23 30 13
28 32 16
22 29 32
26 29 30
27 28 31
25 28 33
24 29 33
26 27 33
30 31 32
19
{[25, 24, 5, 4, 0]}
{[8, 7, 4, 2, 0]}
34
8 10 11
14 4 21
5 17 22
12 10 4
1 17 3
6 2 19
5 8 18
8 9 12
0 7 6
13 7 10
0 9 3
0 16 12
7 11 3
14 9 23
13 1 18
16 19 25
15 11 31
20 2 4
6 20 14
5 15 20
17 18 19
23 24 1
24 25 2
21 27 13
21 22 26
22 30 15
24 28 32
23 29 32
26 29 30
27 28 31
25 28 33
29 33 16
26 27 33
30 31 32
20
{[25, 24, 5, 4, 0]}
{[9, 7, 3, 2, 0]}
34
8 10 11
14 4 24
5 17 30
12 10 4
1 17 3
6 2 19
5 8 18
8 9 12
0 7 6
13 7 10
0 9 3
0 16 12
7 11 3
14 9 25
13 1 18
16 19 22
15 11 21
20 2 4
6 20 14
5 15 20
17 18 19
23 24 16
23 25 15
21 22 27
21 26 1
22 31 13
24 28 32
23 29 32
26 29 30
27 28 31
28 33 2
25 29 33
26 27 33
30 31 32
21
{[25, 24, 5, 4, 0]}
{[6, 3, 2, 1, 0]}
34
8 10 11
14 4 22
5 17 26
12 10 4
1 17 3
6 2 19
5 8 18
8 9 12
0 7 6
13 7 10
0 9 3
0 16 12
7 11 3
14 9 25
13 1 18
16 19 23
15 11 21
20 2 4
6 20 14
5 15 20
17 18 19
22 24 16
21 27 1
24 25 15
21 23 31
23 30 13
28 32 2
22 29 32
26 29 30
27 28 31
25 28 33
24 29 33
26 27 33
30 31 32
22
{[25, 24, 5, 4, 0]}
{[9, 7, 3, 2, 0]}
34
8 10 11
14 4 22
5 17 21
12 10 4
1 17 3
6 2 19
5 8 18
8 9 12
0 7 6
13 7 10
0 9 3
0 16 12
7 11 3
14 9 25
13 1 18
16 19 24
15 11 30
20 2 4
6 20 14
5 15 20
17 18 19
23 24 2
23 25 1
21 22 27
21 26 15
22 31 13
24 28 32
23 29 32
26 29 30
27 28 31
28 33 16
25 29 33
26 27 33
30 31 32
23
{[25, 24, 5, 4, 0]}
{[5, 4, 2, 1, 0]}
34
8 10 11
14 4 21
5 17 23
12 10 4
1 17 3
6 2 19
5 8 18
8 9 12
0 7 6
13 7 10
0 9 3
0 16 12
7 11 3
14 9 22
13 1 18
16 19 24
15 11 27
20 2 4
6 20 14
5 15 20
17 18 19
22 25 1
21 26 13
24 25 2
23 31 15
21 23 30
22 28 32
29 32 16
26 29 30
27 28 31
25 28 33
24 29 33
26 27 33
30 31 32
24
{[25, 24, 5, 4, 0]}
{[8, 7, 4, 2, 0]}
34
8 10 11
14 4 25
5 17 31
12 10 4
1 17 3
6 2 19
5 8 18
8 9 12
0 7 6
13 7 10
0 9 3
0 16 12
7 11 3
14 9 23
13 1 18
16 19 21
15 11 22
20 2 4
6 20 14
5 15 20
17 18 19
23 24 15
24 25 16
21 27 13
21 22 26
22 30 1
24 28 32
23 29 32
26 29 30
27 28 31
25 28 33
29 33 2
26 27 33
30 31 32
25
{[25, 24, 5, 4, 0]}
{[16, 13, 12, 11, 10]}
34
8 10 11
14 4 33
5 17 26
12 10 4
1 17 3
6 2 19
5 8 18
8 9 12
0 7 6
13 7 10
0 9 3
0 16 12
7 11 3
14 9 32
13 1 18
16 19 27
15 11 31
20 2 4
6 20 14
5 15 20
17 18 19
23 24 25
23 26 27
21 22 28
21 27 30
21 26 29
22 25 2
22 24 15
23 29 30
25 28 32
24 28 31
30 33 16
29 33 13
31 32 1
26
{[25, 24, 5, 4, 0]}
{[17, 16, 14, 12, 10]}
34
8 10 11
14 4 32
5 17 27
12 10 4
1 17 3
6 2 19
5 8 18
8 9 12
0 7 6
13 7 10
0 9 3
0 16 12
7 11 3
14 9 31
13 1 18
16 19 30
15 11 33
20 2 4
6 20 14
5 15 20
17 18 19
23 24 25
23 26 27
21 22 28
21 27 30
21 26 29
22 25 31
22 24 2
23 29 30
25 28 33
24 28 15
26 32 13
31 33 1
29 32 16
27
{[25, 24, 5, 4, 0]}
{[16, 13, 12, 11, 10]}
34
8 10 11
14 4 27
5 17 31
12 10 4
1 17 3
6 2 19
5 8 18
8 9 12
0 7 6
13 7 10
0 9 3
0 16 12
7 11 3
14 9 32
13 1 18
16 19 33
15 11 26
20 2 4
6 20 14
5 15 20
17 18 19
23 24 25
23 26 27
21 22 28
21 27 30
21 26 29
22 25 16
22 24 1
23 29 30
25 28 32
24 28 31
30 33 2
29 33 13
31 32 15
28
{[25, 24, 5, 4, 0]}
{[17, 16, 14, 12, 10]}
34
8 10 11
14 4 30
5 17 33
12 10 4
1 17 3
6 2 19
5 8 18
8 9 12
0 7 6
13 7 10
0 9 3
0 16 12
7 11 3
14 9 31
13 1 18
16 19 32
15 11 27
20 2 4
6 20 14
5 15 20
17 18 19
23 24 25
23 26 27
21 22 28
21 27 30
21 26 29
22 25 31
22 24 16
23 29 30
25 28 33
24 28 1
26 32 13
31 33 15
29 32 2
29
{[25, 24, 5, 4, 0]}
{[17, 16, 15, 13, 11]}
34
8 10 11
14 4 26
5 17 31
12 10 4
1 17 3
6 2 19
5 8 18
8 9 12
0 7 6
13 7 10
0 9 3
0 16 12
7 11 3
14 9 33
13 1 18
16 19 32
15 11 29
20 2 4
6 20 14
5 15 20
17 18 19
23 24 25
23 26 27
21 22 28
21 27 30
21 26 29
22 25 1
22 24 31
23 29 30
25 28 16
24 28 33
27 32 2
31 33 15
30 32 13
30
{[25, 24, 5, 4, 0]}
{[17, 16, 15, 13, 11]}
34
8 10 11
14 4 32
5 17 29
12 10 4
1 17 3
6 2 19
5 8 18
8 9 12
0 7 6
13 7 10
0 9 3
0 16 12
7 11 3
14 9 33
13 1 18
16 19 26
15 11 31
20 2 4
6 20 14
5 15 20
17 18 19
23 24 25
23 26 27
21 22 28
21 27 30
21 26 29
22 25 15
22 24 31
23 29 30
25 28 2
24 28 33
27 32 16
31 33 1
30 32 13
31
{[25, 24, 5, 4, 0]}
{[17, 15, 14, 13, 12]}
34
8 10 11
14 4 29
5 17 32
12 10 4
1 17 3
6 2 19
5 8 18
8 9 12
0 7 6
13 7 10
0 9 3
0 16 12
7 11 3
14 9 31
13 1 18
16 19 33
15 11 30
20 2 4
6 20 14
5 15 20
17 18 19
23 24 25
23 26 27
21 22 28
21 27 30
21 26 29
22 25 32
22 24 31
23 29 30
25 28 1
24 28 16
27 33 13
26 33 2
31 32 15
32
{[25, 24, 5, 4, 0]}
{[17, 15, 14, 13, 12]}
34
8 10 11
14 4 33
5 17 30
12 10 4
1 17 3
6 2 19
5 8 18
8 9 12
0 7 6
13 7 10
0 9 3
0 16 12
7 11 3
14 9 31
13 1 18
16 19 29
15 11 32
20 2 4
6 20 14
5 15 20
17 18 19
23 24 25
23 26 27
21 22 28
21 27 30
21 26 29
22 25 32
22 24 31
23 29 30
25 28 15
24 28 2
27 33 13
26 33 16
31 32 1
33
{[17, 16, 4, 2, 0]}
{[5, 4, 2, 1, 0]}
34
8 10 11
5 20 15
20 14 22
12 10 4
15 3 21
6 1 17
5 8 16
8 9 12
0 7 6
7 10 23
0 9 3
0 14 12
7 11 3
19 14 17
13 2 11
18 1 4
6 18 27
5 13 18
15 16 17
20 13 24
19 1 2
22 25 4
21 26 2
24 25 9
23 31 19
21 23 30
22 28 32
29 32 16
26 29 30
27 28 31
25 28 33
24 29 33
26 27 33
30 31 32
34
{[17, 16, 4, 2, 0]}
{[6, 3, 2, 1, 0]}
34
8 10 11
5 20 15
20 14 25
12 10 4
15 3 22
6 1 17
5 8 16
8 9 12
0 7 6
7 10 26
0 9 3
0 14 12
7 11 3
19 14 17
13 2 11
18 1 4
6 18 21
5 13 18
15 16 17
20 13 23
19 1 2
22 24 16
21 27 4
24 25 19
21 23 31
23 30 2
28 32 9
22 29 32
26 29 30
27 28 31
25 28 33
24 29 33
26 27 33
30 31 32
35
{[17, 16, 4, 2, 0]}
{[8, 7, 4, 2, 0]}
34
8 10 11
5 20 15
20 14 23
12 10 4
15 3 25
6 1 17
5 8 16
8 9 12
0 7 6
7 10 31
0 9 3
0 14 12
7 11 3
19 14 17
13 2 11
18 1 4
6 18 22
5 13 18
15 16 17
20 13 21
19 1 2
23 24 19
24 25 16
21 27 2
21 22 26
22 30 4
24 28 32
23 29 32
26 29 30
27 28 31
25 28 33
29 33 9
26 27 33
30 31 32
36
{[17, 16, 4, 2, 0]}
{[9, 7, 3, 2, 0]}
34
8 10 11
5 20 15
20 14 25
12 10 4
15 3 22
6 1 17
5 8 16
8 9 12
0 7 6
7 10 21
0 9 3
0 14 12
7 11 3
19 14 17
13 2 11
18 1 4
6 18 30
5 13 18
15 16 17
20 13 24
19 1 2
23 24 9
23 25 4
21 22 27
21 26 19
22 31 2
24 28 32
23 29 32
26 29 30
27 28 31
28 33 16
25 29 33
26 27 33
30 31 32
37
{[17, 16, 4, 2, 0]}
{[6, 3, 2, 1, 0]}
34
8 10 11
5 20 15
20 14 25
12 10 4
15 3 23
6 1 17
5 8 16
8 9 12
0 7 6
7 10 21
0 9 3
0 14 12
7 11 3
19 14 17
13 2 11
18 1 4
6 18 26
5 13 18
15 16 17
20 13 22
19 1 2
22 24 9
21 27 19
24 25 4
21 23 31
23 30 2
28 32 16
22 29 32
26 29 30
27 28 31
25 28 33
24 29 33
26 27 33
30 31 32
38
{[17, 16, 4, 2, 0]}
{[9, 7, 3, 2, 0]}
34
8 10 11
5 20 15
20 14 25
12 10 4
15 3 24
6 1 17
5 8 16
8 9 12
0 7 6
7 10 30
0 9 3
0 14 12
7 11 3
19 14 17
13 2 11
18 1 4
6 18 21
5 13 18
15 16 17
20 13 22
19 1 2
23 24 16
23 25 19
21 22 27
21 26 4
22 31 2
24 28 32
23 29 32
26 29 30
27 28 31
28 33 9
25 29 33
26 27 33
30 31 32
39
{[17, 16, 4, 2, 0]}
{[5, 4, 2, 1, 0]}
34
8 10 11
5 20 15
20 14 22
12 10 4
15 3 24
6 1 17
5 8 16
8 9 12
0 7 6
7 10 27
0 9 3
0 14 12
7 11 3
19 14 17
13 2 11
18 1 4
6 18 23
5 13 18
15 16 17
20 13 21
19 1 2
22 25 19
21 26 2
24 25 16
23 31 4
21 23 30
22 28 32
29 32 9
26 29 30
27 28 31
25 28 33
24 29 33
26 27 33
30 31 32
40
{[17, 16, 4, 2, 0]}
{[8, 7, 4, 2, 0]}
34
8 10 11
5 20 15
20 14 23
12 10 4
15 3 21
6 1 17
5 8 16
8 9 12
0 7 6
7 10 22
0 9 3
0 14 12
7 11 3
19 14 17
13 2 11
18 1 4
6 18 31
5 13 18
15 16 17
20 13 25
19 1 2
23 24 4
24 25 9
21 27 2
21 22 26
22 30 19
24 28 32
23 29 32
26 29 30
27 28 31
25 28 33
29 33 16
26 27 33
30 31 32
41
{[17, 16, 4, 2, 0]}
{[16, 13, 12, 11, 10]}
34
8 10 11
5 20 15
20 14 32
12 10 4
15 3 27
6 1 17
5 8 16
8 9 12
0 7 6
7 10 31
0 9 3
0 14 12
7 11 3
19 14 17
13 2 11
18 1 4
6 18 26
5 13 18
15 16 17
20 13 33
19 1 2
23 24 25
23 26 27
21 22 28
21 27 30
21 26 29
22 25 16
22 24 4
23 29 30
25 28 32
24 28 31
30 33 9
29 33 2
31 32 19
42
{[17, 16, 4, 2, 0]}
{[17, 16, 14, 12, 10]}
34
8 10 11
5 20 15
20 14 31
12 10 4
15 3 30
6 1 17
5 8 16
8 9 12
0 7 6
7 10 33
0 9 3
0 14 12
7 11 3
19 14 17
13 2 11
18 1 4
6 18 27
5 13 18
15 16 17
20 13 32
19 1 2
23 24 25
23 26 27
21 22 28
21 27 30
21 26 29
22 25 31
22 24 16
23 29 30
25 28 33
24 28 4
26 32 2
31 33 19
29 32 9
43
{[17, 16, 4, 2, 0]}
{[16, 13, 12, 11, 10]}
34
8 10 11
5 20 15
20 14 32
12 10 4
15 3 33
6 1 17
5 8 16
8 9 12
0 7 6
7 10 26
0 9 3
0 14 12
7 11 3
19 14 17
13 2 11
18 1 4
6 18 31
5 13 18
15 16 17
20 13 27
19 1 2
23 24 25
23 26 27
21 22 28
21 27 30
21 26 29
22 25 9
22 24 19
23 29 30
25 28 32
24 28 31
30 33 16
29 33 2
31 32 4
44
{[17, 16, 4, 2, 0]}
{[17, 16, 14, 12, 10]}
34
8 10 11
5 20 15
20 14 31
12 10 4
15 3 32
6 1 17
5 8 16
8 9 12
0 7 6
7 10 27
0 9 3
0 14 12
7 11 3
19 14 17
13 2 11
18 1 4
6 18 33
5 13 18
15 16 17
20 13 30
19 1 2
23 24 25
23 26 27
21 22 28
21 27 30
21 26 29
22 25 31
22 24 9
23 29 30
25 28 33
24 28 19
26 32 2
31 33 4
29 32 16
45
{[17, 16, 4, 2, 0]}
{[17, 16, 15, 13, 11]}
34
8 10 11
5 20 15
20 14 33
12 10 4
15 3 32
6 1 17
5 8 16
8 9 12
0 7 6
7 10 29
0 9 3
0 14 12
7 11 3
19 14 17
13 2 11
18 1 4
6 18 31
5 13 18
15 16 17
20 13 26
19 1 2
23 24 25
23 26 27
21 22 28
21 27 30
21 26 29
22 25 19
22 24 31
23 29 30
25 28 9
24 28 33
27 32 16
31 33 4
30 32 2
46
{[17, 16, 4, 2, 0]}
{[17, 16, 15, 13, 11]}
34
8 10 11
5 20 15
20 14 33
12 10 4
15 3 26
6 1 17
5 8 16
8 9 12
0 7 6
7 10 31
0 9 3
0 14 12
7 11 3
19 14 17
13 2 11
18 1 4
6 18 29
5 13 18
15 16 17
20 13 32
19 1 2
23 24 25
23 26 27
21 22 28
21 27 30
21 26 29
22 25 4
22 24 31
23 29 30
25 28 16
24 28 33
27 32 9
31 33 19
30 32 2
47
{[17, 16, 4, 2, 0]}
{[17, 15, 14, 13, 12]}
34
8 10 11
5 20 15
20 14 31
12 10 4
15 3 33
6 1 17
5 8 16
8 9 12
0 7 6
7 10 30
0 9 3
0 14 12
7 11 3
19 14 17
13 2 11
18 1 4
6 18 32
5 13 18
15 16 17
20 13 29
19 1 2
23 24 25
23 26 27
21 22 28
21 27 30
21 26 29
22 25 32
22 24 31
23 29 30
25 28 19
24 28 9
27 33 2
26 33 16
31 32 4
48
{[17, 16, 4, 2, 0]}
{[17, 15, 14, 13, 12]}
34
8 10 11
5 20 15
20 14 31
12 10 4
15 3 29
6 1 17
5 8 16
8 9 12
0 7 6
7 10 32
0 9 3
0 14 12
7 11 3
19 14 17
13 2 11
18 1 4
6 18 30
5 13 18
15 16 17
20 13 33
19 1 2
23 24 25
23 26 27
21 22 28
21 27 30
21 26 29
22 25 32
22 24 31
23 29 30
25 28 4
24 28 16
27 33 2
26 33 9
31 32 19
49
{[25, 24, 5, 4, 0]}
{[5, 4, 2, 1, 0]}
34
8 10 11
14 4 21
5 17 23
12 10 4
1 17 3
6 2 19
5 8 18
8 9 12
0 7 6
13 7 10
0 9 3
0 16 12
7 11 3
14 9 22
13 1 18
16 19 24
15 11 27
20 2 4
6 20 14
5 15 20
17 18 19
22 25 1
21 26 13
24 25 2
23 31 15
21 23 30
22 28 32
29 32 16
26 29 30
27 28 31
25 28 33
24 29 33
26 27 33
30 31 32
50
{[25, 24, 5, 4, 0]}
{[6, 3, 2, 1, 0]}
34
8 10 11
14 4 22
5 17 26
12 10 4
1 17 3
6 2 19
5 8 18
8 9 12
0 7 6
13 7 10
0 9 3
0 16 12
7 11 3
14 9 25
13 1 18
16 19 23
15 11 21
20 2 4
6 20 14
5 15 20
17 18 19
22 24 16
21 27 1
24 25 15
21 23 31
23 30 13
28 32 2
22 29 32
26 29 30
27 28 31
25 28 33
24 29 33
26 27 33
30 31 32
51
{[25, 24, 5, 4, 0]}
{[8, 7, 4, 2, 0]}
34
8 10 11
14 4 25
5 17 31
12 10 4
1 17 3
6 2 19
5 8 18
8 9 12
0 7 6
13 7 10
0 9 3
0 16 12
7 11 3
14 9 23
13 1 18
16 19 21
15 11 22
20 2 4
6 20 14
5 15 20
17 18 19
23 24 15
24 25 16
21 27 13
21 22 26
22 30 1
24 28 32
23 29 32
26 29 30
27 28 31
25 28 33
29 33 2
26 27 33
30 31 32
52
{[25, 24, 5, 4, 0]}
{[9, 7, 3, 2, 0]}
34
8 10 11
14 4 22
5 17 21
12 10 4
1 17 3
6 2 19
5 8 18
8 9 12
0 7 6
13 7 10
0 9 3
0 16 12
7 11 3
14 9 25
13 1 18
16 19 24
15 11 30
20 2 4
6 20 14
5 15 20
17 18 19
23 24 2
23 25 1
21 22 27
21 26 15
22 31 13
24 28 32
23 29 32
26 29 30
27 28 31
28 33 16
25 29 33
26 27 33
30 31 32
53
{[25, 24, 5, 4, 0]}
{[6, 3, 2, 1, 0]}
34
8 10 11
14 4 23
5 17 21
12 10 4
1 17 3
6 2 19
5 8 18
8 9 12
0 7 6
13 7 10
0 9 3
0 16 12
7 11 3
14 9 25
13 1 18
16 19 22
15 11 26
20 2 4
6 20 14
5 15 20
17 18 19
22 24 2
21 27 15
24 25 1
21 23 31
23 30 13
28 32 16
22 29 32
26 29 30
27 28 31
25 28 33
24 29 33
26 27 33
30 31 32
54
{[25, 24, 5, 4, 0]}
{[9, 7, 3, 2, 0]}
34
8 10 11
14 4 24
5 17 30
12 10 4
1 17 3
6 2 19
5 8 18
8 9 12
0 7 6
13 7 10
0 9 3
0 16 12
7 11 3
14 9 25
13 1 18
16 19 22
15 11 21
20 2 4
6 20 14
5 15 20
17 18 19
23 24 16
23 25 15
21 22 27
21 26 1
22 31 13
24 28 32
23 29 32
26 29 30
27 28 31
28 33 2
25 29 33
26 27 33
30 31 32
55
{[25, 24, 5, 4, 0]}
{[5, 4, 2, 1, 0]}
34
8 10 11
14 4 24
5 17 27
12 10 4
1 17 3
6 2 19
5 8 18
8 9 12
0 7 6
13 7 10
0 9 3
0 16 12
7 11 3
14 9 22
13 1 18
16 19 21
15 11 23
20 2 4
6 20 14
5 15 20
17 18 19
22 25 15
21 26 13
24 25 16
23 31 1
21 23 30
22 28 32
29 32 2
26 29 30
27 28 31
25 28 33
24 29 33
26 27 33
30 31 32
56
{[25, 24, 5, 4, 0]}
{[8, 7, 4, 2, 0]}
34
8 10 11
14 4 21
5 17 22
12 10 4
1 17 3
6 2 19
5 8 18
8 9 12
0 7 6
13 7 10
0 9 3
0 16 12
7 11 3
14 9 23
13 1 18
16 19 25
15 11 31
20 2 4
6 20 14
5 15 20
17 18 19
23 24 1
24 25 2
21 27 13
21 22 26
22 30 15
24 28 32
23 29 32
26 29 30
27 28 31
25 28 33
29 33 16
26 27 33
30 31 32
57
{[25, 24, 5, 4, 0]}
{[16, 13, 12, 11, 10]}
34
8 10 11
14 4 27
5 17 31
12 10 4
1 17 3
6 2 19
5 8 18
8 9 12
0 7 6
13 7 10
0 9 3
0 16 12
7 11 3
14 9 32
13 1 18
16 19 33
15 11 26
20 2 4
6 20 14
5 15 20
17 18 19
23 24 25
23 26 27
21 22 28
21 27 30
21 26 29
22 25 16
22 24 1
23 29 30
25 28 32
24 28 31
30 33 2
29 33 13
31 32 15
58
{[25, 24, 5, 4, 0]}
{[17, 16, 14, 12, 10]}
34
8 10 11
14 4 30
5 17 33
12 10 4
1 17 3
6 2 19
5 8 18
8 9 12
0 7 6
13 7 10
0 9 3
0 16 12
7 11 3
14 9 31
13 1 18
16 19 32
15 11 27
20 2 4
6 20 14
5 15 20
17 18 19
23 24 25
23 26 27
21 22 28
21 27 30
21 26 29
22 25 31
22 24 16
23 29 30
25 28 33
24 28 1
26 32 13
31 33 15
29 32 2
59
{[25, 24, 5, 4, 0]}
{[16, 13, 12, 11, 10]}
34
8 10 11
14 4 33
5 17 26
12 10 4
1 17 3
6 2 19
5 8 18
8 9 12
0 7 6
13 7 10
0 9 3
0 16 12
7 11 3
14 9 32
13 1 18
16 19 27
15 11 31
20 2 4
6 20 14
5 15 20
17 18 19
23 24 25
23 26 27
21 22 28
21 27 30
21 26 29
22 25 2
22 24 15
23 29 30
25 28 32
24 28 31
30 33 16
29 33 13
31 32 1
60
{[25, 24, 5, 4, 0]}
{[17, 16, 14, 12, 10]}
34
8 10 11
14 4 32
5 17 27
12 10 4
1 17 3
6 2 19
5 8 18
8 9 12
0 7 6
13 7 10
0 9 3
0 16 12
7 11 3
14 9 31
13 1 18
16 19 30
15 11 33
20 2 4
6 20 14
5 15 20
17 18 19
23 24 25
23 26 27
21 22 28
21 27 30
21 26 29
22 25 31
22 24 2
23 29 30
25 28 33
24 28 15
26 32 13
31 33 1
29 32 16
61
{[25, 24, 5, 4, 0]}
{[17, 16, 15, 13, 11]}
34
8 10 11
14 4 32
5 17 29
12 10 4
1 17 3
6 2 19
5 8 18
8 9 12
0 7 6
13 7 10
0 9 3
0 16 12
7 11 3
14 9 33
13 1 18
16 19 26
15 11 31
20 2 4
6 20 14
5 15 20
17 18 19
23 24 25
23 26 27
21 22 28
21 27 30
21 26 29
22 25 15
22 24 31
23 29 30
25 28 2
24 28 33
27 32 16
31 33 1
30 32 13
62
{[25, 24, 5, 4, 0]}
{[17, 16, 15, 13, 11]}
34
8 10 11
14 4 26
5 17 31
12 10 4
1 17 3
6 2 19
5 8 18
8 9 12
0 7 6
13 7 10
0 9 3
0 16 12
7 11 3
14 9 33
13 1 18
16 19 32
15 11 29
20 2 4
6 20 14
5 15 20
17 18 19
23 24 25
23 26 27
21 22 28
21 27 30
21 26 29
22 25 1
22 24 31
23 29 30
25 28 16
24 28 33
27 32 2
31 33 15
30 32 13
63
{[25, 24, 5, 4, 0]}
{[17, 15, 14, 13, 12]}
34
8 10 11
14 4 33
5 17 30
12 10 4
1 17 3
6 2 19
5 8 18
8 9 12
0 7 6
13 7 10
0 9 3
0 16 12
7 11 3
14 9 31
13 1 18
16 19 29
15 11 32
20 2 4
6 20 14
5 15 20
17 18 19
23 24 25
23 26 27
21 22 28
21 27 30
21 26 29
22 25 32
22 24 31
23 29 30
25 28 15
24 28 2
27 33 13
26 33 16
31 32 1
64
{[25, 24, 5, 4, 0]}
{[17, 15, 14, 13, 12]}
34
8 10 11
14 4 29
5 17 32
12 10 4
1 17 3
6 2 19
5 8 18
8 9 12
0 7 6
13 7 10
0 9 3
0 16 12
7 11 3
14 9 31
13 1 18
16 19 33
15 11 30
20 2 4
6 20 14
5 15 20
17 18 19
23 24 25
23 26 27
21 22 28
21 27 30
21 26 29
22 25 32
22 24 31
23 29 30
25 28 1
24 28 16
27 33 13
26 33 2
31 32 15
65
{[13, 12, 11, 10, 1]}
{[5, 4, 2, 1, 0]}
34
11 19 3
12 3 6
7 20 15
0 1 4
20 14 3
10 6 21
1 15 5
8 2 17
7 16 24
14 10 22
9 5 23
0 12 27
11 1 16
19 14 17
13 4 9
18 2 6
8 18 12
7 13 18
15 16 17
0 20 13
19 2 4
22 25 5
21 26 9
24 25 10
23 31 8
21 23 30
22 28 32
29 32 11
26 29 30
27 28 31
25 28 33
24 29 33
26 27 33
30 31 32
66
{[13, 12, 11, 10, 1]}
{[6, 3, 2, 1, 0]}
34
11 19 3
12 3 6
7 20 15
0 1 4
20 14 3
10 6 22
1 15 5
8 2 17
7 16 23
14 10 25
9 5 26
0 12 21
11 1 16
19 14 17
13 4 9
18 2 6
8 18 12
7 13 18
15 16 17
0 20 13
19 2 4
22 24 11
21 27 5
24 25 8
21 23 31
23 30 9
28 32 10
22 29 32
26 29 30
27 28 31
25 28 33
24 29 33
26 27 33
30 31 32
67
{[13, 12, 11, 10, 1]}
{[8, 7, 4, 2, 0]}
34
11 19 3
12 3 6
7 20 15
0 1 4
20 14 3
10 6 25
1 15 5
8 2 17
7 16 21
14 10 23
9 5 31
0 12 22
11 1 16
19 14 17
13 4 9
18 2 6
8 18 12
7 13 18
15 16 17
0 20 13
19 2 4
23 24 8
24 25 11
21 27 9
21 22 26
22 30 5
24 28 32
23 29 32
26 29 30
27 28 31
25 28 33
29 33 10
26 27 33
30 31 32
68
{[13, 12, 11, 10, 1]}
{[9, 7, 3, 2, 0]}
34
11 19 3
12 3 6
7 20 15
0 1 4
20 14 3
10 6 22
1 15 5
8 2 17
7 16 24
14 10 25
9 5 21
0 12 30
11 1 16
19 14 17
13 4 9
18 2 6
8 18 12
7 13 18
15 16 17
0 20 13
19 2 4
23 24 10
23 25 5
21 22 27
21 26 8
22 31 9
24 28 32
23 29 32
26 29 30
27 28 31
28 33 11
25 29 33
26 27 33
30 31 32
69
{[13, 12, 11, 10, 1]}
{[6, 3, 2, 1, 0]}
34
11 19 3
12 3 6
7 20 15
0 1 4
20 14 3
10 6 23
1 15 5
8 2 17
7 16 22
14 10 25
9 5 21
0 12 26
11 1 16
19 14 17
13 4 9
18 2 6
8 18 12
7 13 18
15 16 17
0 20 13
19 2 4
22 24 10
21 27 8
24 25 5
21 23 31
23 30 9
28 32 11
22 29 32
26 29 30
27 28 31
25 28 33
24 29 33
26 27 33
30 31 32
70
{[13, 12, 11, 10, 1]}
{[9, 7, 3, 2, 0]}
34
11 19 3
12 3 6
7 20 15
0 1 4
20 14 3
10 6 24
1 15 5
8 2 17
7 16 22
14 10 25
9 5 30
0 12 21
11 1 16
19 14 17
13 4 9
18 2 6
8 18 12
7 13 18
15 16 17
0 20 13
19 2 4
23 24 11
23 25 8
21 22 27
21 26 5
22 31 9
24 28 32
23 29 32
26 29 30
27 28 31
28 33 10
25 29 33
26 27 33
30 31 32
71
{[13, 12, 11, 10, 1]}
{[5, 4, 2, 1, 0]}
34
11 19 3
12 3 6
7 20 15
0 1 4
20 14 3
10 6 24
1 15 5
8 2 17
7 16 21
14 10 22
9 5 27
0 12 23
11 1 16
19 14 17
13 4 9
18 2 6
8 18 12
7 13 18
15 16 17
0 20 13
19 2 4
22 25 8
21 26 9
24 25 11
23 31 5
21 23 30
22 28 32
29 32 10
26 29 30
27 28 31
25 28 33
24 29 33
26 27 33
30 31 32
72
{[13, 12, 11, 10, 1]}
{[8, 7, 4, 2, 0]}
34
11 19 3
12 3 6
7 20 15
0 1 4
20 14 3
10 6 21
1 15 5
8 2 17
7 16 25
14 10 23
9 5 22
0 12 31
11 1 16
19 14 17
13 4 9
18 2 6
8 18 12
7 13 18
15 16 17
0 20 13
19 2 4
23 24 5
24 25 10
21 27 9
21 22 26
22 30 8
24 28 32
23 29 32
26 29 30
27 28 31
25 28 33
29 33 11
26 27 33
30 31 32
73
{[13, 12, 11, 10, 1]}
{[16, 13, 12, 11, 10]}
34
11 19 3
12 3 6
7 20 15
0 1 4
20 14 3
10 6 27
1 15 5
8 2 17
7 16 33
14 10 32
9 5 31
0 12 26
11 1 16
19 14 17
13 4 9
18 2 6
8 18 12
7 13 18
15 16 17
0 20 13
19 2 4
23 24 25
23 26 27
21 22 28
21 27 30
21 26 29
22 25 11
22 24 5
23 29 30
25 28 32
24 28 31
30 33 10
29 33 9
31 32 8
74
{[13, 12, 11, 10, 1]}
{[17, 16, 14, 12, 10]}
34
11 19 3
12 3 6
7 20 15
0 1 4
20 14 3
10 6 30
1 15 5
8 2 17
7 16 32
14 10 31
9 5 33
0 12 27
11 1 16
19 14 17
13 4 9
18 2 6
8 18 12
7 13 18
15 16 17
0 20 13
19 2 4
23 24 25
23 26 27
21 22 28
21 27 30
21 26 29
22 25 31
22 24 11
23 29 30
25 28 33
24 28 5
26 32 9
31 33 8
29 32 10
75
{[13, 12, 11, 10, 1]}
{[16, 13, 12, 11, 10]}
34
11 19 3
12 3 6
7 20 15
0 1 4
20 14 3
10 6 33
1 15 5
8 2 17
7 16 27
14 10 32
9 5 26
0 12 31
11 1 16
19 14 17
13 4 9
18 2 6
8 18 12
7 13 18
15 16 17
0 20 13
19 2 4
23 24 25
23 26 27
21 22 28
21 27 30
21 26 29
22 25 10
22 24 8
23 29 30
25 28 32
24 28 31
30 33 11
29 33 9
31 32 5
76
{[13, 12, 11, 10, 1]}
{[17, 16, 14, 12, 10]}
34
11 19 3
12 3 6
7 20 15
0 1 4
20 14 3
10 6 32
1 15 5
8 2 17
7 16 30
14 10 31
9 5 27
0 12 33
11 1 16
19 14 17
13 4 9
18 2 6
8 18 12
7 13 18
15 16 17
0 20 13
19 2 4
23 24 25
23 26 27
21 22 28
21 27 30
21 26 29
22 25 31
22 24 10
23 29 30
25 28 33
24 28 8
26 32 9
31 33 5
29 32 11
77
{[13, 12, 11, 10, 1]}
{[17, 16, 15, 13, 11]}
34
11 19 3
12 3 6
7 20 15
0 1 4
20 14 3
10 6 32
1 15 5
8 2 17
7 16 26
14 10 33
9 5 29
0 12 31
11 1 16
19 14 17
13 4 9
18 2 6
8 18 12
7 13 18
15 16 17
0 20 13
19 2 4
23 24 25
23 26 27
21 22 28
21 27 30
21 26 29
22 25 8
22 24 31
23 29 30
25 28 10
24 28 33
27 32 11
31 33 5
30 32 9
78
{[13, 12, 11, 10, 1]}
{[17, 16, 15, 13, 11]}
34
11 19 3
12 3 6
7 20 15
0 1 4
20 14 3
10 6 26
1 15 5
8 2 17
7 16 32
14 10 33
9 5 31
0 12 29
11 1 16
19 14 17
13 4 9
18 2 6
8 18 12
7 13 18
15 16 17
0 20 13
19 2 4
23 24 25
23 26 27
21 22 28
21 27 30
21 26 29
22 25 5
22 24 31
23 29 30
25 28 11
24 28 33
27 32 10
31 33 8
30 32 9
79
{[13, 12, 11, 10, 1]}
{[17, 15, 14, 13, 12]}
34
11 19 3
12 3 6
7 20 15
0 1 4
20 14 3
10 6 33
1 15 5
8 2 17
7 16 29
14 10 31
9 5 30
0 12 32
11 1 16
19 14 17
13 4 9
18 2 6
8 18 12
7 13 18
15 16 17
0 20 13
19 2 4
23 24 25
23 26 27
21 22 28
21 27 30
21 26 29
22 25 32
22 24 31
23 29 30
25 28 8
24 28 10
27 33 9
26 33 11
31 32 5
80
{[13, 12, 11, 10, 1]}
{[17, 15, 14, 13, 12]}
34
11 19 3
12 3 6
7 20 15
0 1 4
20 14 3
10 6 29
1 15 5
8 2 17
7 16 33
14 10 31
9 5 32
0 12 30
11 1 16
19 14 17
13 4 9
18 2 6
8 18 12
7 13 18
15 16 17
0 20 13
19 2 4
23 24 25
23 26 27
21 22 28
21 27 30
21 26 29
22 25 32
22 24 31
23 29 30
25 28 5
24 28 11
27 33 9
26 33 10
31 32 8
81
{[15, 14, 11, 10, 1]}
{[5, 4, 2, 1, 0]}
34
11 19 3
12 3 6
7 20 15
0 1 4
20 14 3
10 6 22
1 15 5
8 2 17
7 16 27
11 10 21
9 5 23
0 12 9
11 1 16
19 14 17
13 4 24
18 2 6
8 18 12
7 13 18
15 16 17
0 20 13
19 2 4
22 25 9
21 26 5
24 25 10
23 31 14
21 23 30
22 28 32
29 32 8
26 29 30
27 28 31
25 28 33
24 29 33
26 27 33
30 31 32
82
{[15, 14, 11, 10, 1]}
{[6, 3, 2, 1, 0]}
34
11 19 3
12 3 6
7 20 15
0 1 4
20 14 3
10 6 25
1 15 5
8 2 17
7 16 21
11 10 22
9 5 26
0 12 9
11 1 16
19 14 17
13 4 23
18 2 6
8 18 12
7 13 18
15 16 17
0 20 13
19 2 4
22 24 8
21 27 9
24 25 14
21 23 31
23 30 5
28 32 10
22 29 32
26 29 30
27 28 31
25 28 33
24 29 33
26 27 33
30 31 32
83
{[15, 14, 11, 10, 1]}
{[8, 7, 4, 2, 0]}
34
11 19 3
12 3 6
7 20 15
0 1 4
20 14 3
10 6 23
1 15 5
8 2 17
7 16 22
11 10 25
9 5 31
0 12 9
11 1 16
19 14 17
13 4 21
18 2 6
8 18 12
7 13 18
15 16 17
0 20 13
19 2 4
23 24 14
24 25 8
21 27 5
21 22 26
22 30 9
24 28 32
23 29 32
26 29 30
27 28 31
25 28 33
29 33 10
26 27 33
30 31 32
84
{[15, 14, 11, 10, 1]}
{[9, 7, 3, 2, 0]}
34
11 19 3
12 3 6
7 20 15
0 1 4
20 14 3
10 6 25
1 15 5
8 2 17
7 16 30
11 10 22
9 5 21
0 12 9
11 1 16
19 14 17
13 4 24
18 2 6
8 18 12
7 13 18
15 16 17
0 20 13
19 2 4
23 24 10
23 25 9
21 22 27
21 26 14
22 31 5
24 28 32
23 29 32
26 29 30
27 28 31
28 33 8
25 29 33
26 27 33
30 31 32
85
{[15, 14, 11, 10, 1]}
{[6, 3, 2, 1, 0]}
34
11 19 3
12 3 6
7 20 15
0 1 4
20 14 3
10 6 25
1 15 5
8 2 17
7 16 26
11 10 23
9 5 21
0 12 9
11 1 16
19 14 17
13 4 22
18 2 6
8 18 12
7 13 18
15 16 17
0 20 13
19 2 4
22 24 10
21 27 14
24 25 9
21 23 31
23 30 5
28 32 8
22 29 32
26 29 30
27 28 31
25 28 33
24 29 33
26 27 33
30 31 32
86
{[15, 14, 11, 10, 1]}
{[9, 7, 3, 2, 0]}
34
11 19 3
12 3 6
7 20 15
0 1 4
20 14 3
10 6 25
1 15 5
8 2 17
7 16 21
11 10 24
9 5 30
0 12 9
11 1 16
19 14 17
13 4 22
18 2 6
8 18 12
7 13 18
15 16 17
0 20 13
19 2 4
23 24 8
23 25 14
21 22 27
21 26 9
22 31 5
24 28 32
23 29 32
26 29 30
27 28 31
28 33 10
25 29 33
26 27 33
30 31 32
87
{[15, 14, 11, 10, 1]}
{[5, 4, 2, 1, 0]}
34
11 19 3
12 3 6
7 20 15
0 1 4
20 14 3
10 6 22
1 15 5
8 2 17
7 16 23
11 10 24
9 5 27
0 12 9
11 1 16
19 14 17
13 4 21
18 2 6
8 18 12
7 13 18
15 16 17
0 20 13
19 2 4
22 25 14
21 26 5
24 25 8
23 31 9
21 23 30
22 28 32
29 32 10
26 29 30
27 28 31
25 28 33
24 29 33
26 27 33
30 31 32
88
{[15, 14, 11, 10, 1]}
{[8, 7, 4, 2, 0]}
34
11 19 3
12 3 6
7 20 15
0 1 4
20 14 3
10 6 23
1 15 5
8 2 17
7 16 31
11 10 21
9 5 22
0 12 9
11 1 16
19 14 17
13 4 25
18 2 6
8 18 12
7 13 18
15 16 17
0 20 13
19 2 4
23 24 9
24 25 10
21 27 5
21 22 26
22 30 14
24 28 32
23 29 32
26 29 30
27 28 31
25 28 33
29 33 8
26 27 33
30 31 32
89
{[15, 14, 11, 10, 1]}
{[16, 13, 12, 11, 10]}
34
11 19 3
12 3 6
7 20 15
0 1 4
20 14 3
10 6 32
1 15 5
8 2 17
7 16 26
11 10 27
9 5 31
0 12 9
11 1 16
19 14 17
13 4 33
18 2 6
8 18 12
7 13 18
15 16 17
0 20 13
19 2 4
23 24 25
23 26 27
21 22 28
21 27 30
21 26 29
22 25 8
22 24 9
23 29 30
25 28 32
24 28 31
30 33 10
29 33 5
31 32 14
90
{[15, 14, 11, 10, 1]}
{[17, 16, 14, 12, 10]}
34
11 19 3
12 3 6
7 20 15
0 1 4
20 14 3
10 6 31
1 15 5
8 2 17
7 16 27
11 10 30
9 5 33
0 12 9
11 1 16
19 14 17
13 4 32
18 2 6
8 18 12
7 13 18
15 16 17
0 20 13
19 2 4
23 24 25
23 26 27
21 22 28
21 27 30
21 26 29
22 25 31
22 24 8
23 29 30
25 28 33
24 28 9
26 32 5
31 33 14
29 32 10
91
{[15, 14, 11, 10, 1]}
{[16, 13, 12, 11, 10]}
34
11 19 3
12 3 6
7 20 15
0 1 4
20 14 3
10 6 32
1 15 5
8 2 17
7 16 31
11 10 33
9 5 26
0 12 9
11 1 16
19 14 17
13 4 27
18 2 6
8 18 12
7 13 18
15 16 17
0 20 13
19 2 4
23 24 25
23 26 27
21 22 28
21 27 30
21 26 29
22 25 10
22 24 14
23 29 30
25 28 32
24 28 31
30 33 8
29 33 5
31 32 9
92
{[15, 14, 11, 10, 1]}
{[17, 16, 14, 12, 10]}
34
11 19 3
12 3 6
7 20 15
0 1 4
20 14 3
10 6 31
1 15 5
8 2 17
7 16 33
11 10 32
9 5 27
0 12 9
11 1 16
19 14 17
13 4 30
18 2 6
8 18 12
7 13 18
15 16 17
0 20 13
19 2 4
23 24 25
23 26 27
21 22 28
21 27 30
21 26 29
22 25 31
22 24 10
23 29 30
25 28 33
24 28 14
26 32 5
31 33 9
29 32 8
93
{[15, 14, 11, 10, 1]}
{[17, 16, 15, 13, 11]}
34
11 19 3
12 3 6
7 20 15
0 1 4
20 14 3
10 6 33
1 15 5
8 2 17
7 16 31
11 10 32
9 5 29
0 12 9
11 1 16
19 14 17
13 4 26
18 2 6
8 18 12
7 13 18
15 16 17
0 20 13
19 2 4
23 24 25
23 26 27
21 22 28
21 27 30
21 26 29
22 25 14
22 24 31
23 29 30
25 28 10
24 28 33
27 32 8
31 33 9
30 32 5
94
{[15, 14, 11, 10, 1]}
{[17, 16, 15, 13, 11]}
34
11 19 3
12 3 6
7 20 15
0 1 4
20 14 3
10 6 33
1 15 5
8 2 17
7 16 29
11 10 26
9 5 31
0 12 9
11 1 16
19 14 17
13 4 32
18 2 6
8 18 12
7 13 18
15 16 17
0 20 13
19 2 4
23 24 25
23 26 27
21 22 28
21 27 30
21 26 29
22 25 9
22 24 31
23 29 30
25 28 8
24 28 33
27 32 10
31 33 14
30 32 5
95
{[15, 14, 11, 10, 1]}
{[17, 15, 14, 13, 12]}
34
11 19 3
12 3 6
7 20 15
0 1 4
20 14 3
10 6 31
1 15 5
8 2 17
7 16 32
11 10 33
9 5 30
0 12 9
11 1 16
19 14 17
13 4 29
18 2 6
8 18 12
7 13 18
15 16 17
0 20 13
19 2 4
23 24 25
23 26 27
21 22 28
21 27 30
21 26 29
22 25 32
22 24 31
23 29 30
25 28 14
24 28 10
27 33 5
26 33 8
31 32 9
96
{[15, 14, 11, 10, 1]}
{[17, 15, 14, 13, 12]}
34
11 19 3
12 3 6
7 20 15
0 1 4
20 14 3
10 6 31
1 15 5
8 2 17
7 16 30
11 10 29
9 5 32
0 12 9
11 1 16
19 14 17
13 4 33
18 2 6
8 18 12
7 13 18
15 16 17
0 20 13
19 2 4
23 24 25
23 26 27
21 22 28
21 27 30
21 26 29
22 25 32
22 24 31
23 29 30
25 28 9
24 28 8
27 33 5
26 33 10
31 32 14
97
{[15, 14, 13, 6, 1]}
{[5, 4, 2, 1, 0]}
34
11 19 3
12 3 5
6 20 15
0 1 4
20 14 3
1 15 24
7 2 17
6 9 16
9 10 23
8 7 21
11 8 22
0 12 10
11 1 16
19 14 17
13 4 27
18 2 5
7 18 12
6 13 18
15 16 17
0 20 13
19 2 4
22 25 9
21 26 10
24 25 8
23 31 5
21 23 30
22 28 32
29 32 14
26 29 30
27 28 31
25 28 33
24 29 33
26 27 33
30 31 32
98
{[15, 14, 13, 6, 1]}
{[6, 3, 2, 1, 0]}
34
11 19 3
12 3 5
6 20 15
0 1 4
20 14 3
1 15 23
7 2 17
6 9 16
9 10 26
8 7 22
11 8 25
0 12 10
11 1 16
19 14 17
13 4 21
18 2 5
7 18 12
6 13 18
15 16 17
0 20 13
19 2 4
22 24 14
21 27 9
24 25 5
21 23 31
23 30 10
28 32 8
22 29 32
26 29 30
27 28 31
25 28 33
24 29 33
26 27 33
30 31 32
99
{[15, 14, 13, 6, 1]}
{[8, 7, 4, 2, 0]}
34
11 19 3
12 3 5
6 20 15
0 1 4
20 14 3
1 15 21
7 2 17
6 9 16
9 10 31
8 7 25
11 8 23
0 12 10
11 1 16
19 14 17
13 4 22
18 2 5
7 18 12
6 13 18
15 16 17
0 20 13
19 2 4
23 24 5
24 25 14
21 27 10
21 22 26
22 30 9
24 28 32
23 29 32
26 29 30
27 28 31
25 28 33
29 33 8
26 27 33
30 31 32
100
{[15, 14, 13, 6, 1]}
{[9, 7, 3, 2, 0]}
34
11 19 3
12 3 5
6 20 15
0 1 4
20 14 3
1 15 24
7 2 17
6 9 16
9 10 21
8 7 22
11 8 25
0 12 10
11 1 16
19 14 17
13 4 30
18 2 5
7 18 12
6 13 18
15 16 17
0 20 13
19 2 4
23 24 8
23 25 9
21 22 27
21 26 5
22 31 10
24 28 32
23 29 32
26 29 30
27 28 31
28 33 14
25 29 33
26 27 33
30 31 32
101
{[15, 14, 13, 6, 1]}
{[6, 3, 2, 1, 0]}
34
11 19 3
12 3 5
6 20 15
0 1 4
20 14 3
1 15 22
7 2 17
6 9 16
9 10 21
8 7 23
11 8 25
0 12 10
11 1 16
19 14 17
13 4 26
18 2 5
7 18 12
6 13 18
15 16 17
0 20 13
19 2 4
22 24 8
21 27 5
24 25 9
21 23 31
23 30 10
28 32 14
22 29 32
26 29 30
27 28 31
25 28 33
24 29 33
26 27 33
30 31 32
102
{[15, 14, 13, 6, 1]}
{[9, 7, 3, 2, 0]}
34
11 19 3
12 3 5
6 20 15
0 1 4
20 14 3
1 15 22
7 2 17
6 9 16
9 10 30
8 7 24
11 8 25
0 12 10
11 1 16
19 14 17
13 4 21
18 2 5
7 18 12
6 13 18
15 16 17
0 20 13
19 2 4
23 24 14
23 25 5
21 22 27
21 26 9
22 31 10
24 28 32
23 29 32
26 29 30
27 28 31
28 33 8
25 29 33
26 27 33
30 31 32
103
{[15, 14, 13, 6, 1]}
{[5, 4, 2, 1, 0]}
34
11 19 3
12 3 5
6 20 15
0 1 4
20 14 3
1 15 21
7 2 17
6 9 16
9 10 27
8 7 24
11 8 22
0 12 10
11 1 16
19 14 17
13 4 23
18 2 5
7 18 12
6 13 18
15 16 17
0 20 13
19 2 4
22 25 5
21 26 10
24 25 14
23 31 9
21 23 30
22 28 32
29 32 8
26 29 30
27 28 31
25 28 33
24 29 33
26 27 33
30 31 32
104
{[15, 14, 13, 6, 1]}
{[8, 7, 4, 2, 0]}
34
11 19 3
12 3 5
6 20 15
0 1 4
20 14 3
1 15 25
7 2 17
6 9 16
9 10 22
8 7 21
11 8 23
0 12 10
11 1 16
19 14 17
13 4 31
18 2 5
7 18 12
6 13 18
15 16 17
0 20 13
19 2 4
23 24 9
24 25 8
21 27 10
21 22 26
22 30 5
24 28 32
23 29 32
26 29 30
27 28 31
25 28 33
29 33 14
26 27 33
30 31 32
105
{[15, 14, 13, 6, 1]}
{[16, 13, 12, 11, 10]}
34
11 19 3
12 3 5
6 20 15
0 1 4
20 14 3
1 15 33
7 2 17
6 9 16
9 10 31
8 7 27
11 8 32
0 12 10
11 1 16
19 14 17
13 4 26
18 2 5
7 18 12
6 13 18
15 16 17
0 20 13
19 2 4
23 24 25
23 26 27
21 22 28
21 27 30
21 26 29
22 25 14
22 24 9
23 29 30
25 28 32
24 28 31
30 33 8
29 33 10
31 32 5
106
{[15, 14, 13, 6, 1]}
{[17, 16, 14, 12, 10]}
34
11 19 3
12 3 5
6 20 15
0 1 4
20 14 3
1 15 32
7 2 17
6 9 16
9 10 33
8 7 30
11 8 31
0 12 10
11 1 16
19 14 17
13 4 27
18 2 5
7 18 12
6 13 18
15 16 17
0 20 13
19 2 4
23 24 25
23 26 27
21 22 28
21 27 30
21 26 29
22 25 31
22 24 14
23 29 30
25 28 33
24 28 9
26 32 10
31 33 5
29 32 8
107
{[15, 14, 13, 6, 1]}
{[16, 13, 12, 11, 10]}
34
11 19 3
12 3 5
6 20 15
0 1 4
20 14 3
1 15 27
7 2 17
6 9 16
9 10 26
8 7 33
11 8 32
0 12 10
11 1 16
19 14 17
13 4 31
18 2 5
7 18 12
6 13 18
15 16 17
0 20 13
19 2 4
23 24 25
23 26 27
21 22 28
21 27 30
21 26 29
22 25 8
22 24 5
23 29 30
25 28 32
24 28 31
30 33 14
29 33 10
31 32 9
108
{[15, 14, 13, 6, 1]}
{[17, 16, 14, 12, 10]}
34
11 19 3
12 3 5
6 20 15
0 1 4
20 14 3
1 15 30
7 2 17
6 9 16
9 10 27
8 7 32
11 8 31
0 12 10
11 1 16
19 14 17
13 4 33
18 2 5
7 18 12
6 13 18
15 16 17
0 20 13
19 2 4
23 24 25
23 26 27
21 22 28
21 27 30
21 26 29
22 25 31
22 24 8
23 29 30
25 28 33
24 28 5
26 32 10
31 33 9
29 32 14
109
{[15, 14, 13, 6, 1]}
{[17, 16, 15, 13, 11]}
34
11 19 3
12 3 5
6 20 15
0 1 4
20 14 3
1 15 26
7 2 17
6 9 16
9 10 29
8 7 32
11 8 33
0 12 10
11 1 16
19 14 17
13 4 31
18 2 5
7 18 12
6 13 18
15 16 17
0 20 13
19 2 4
23 24 25
23 26 27
21 22 28
21 27 30
21 26 29
22 25 5
22 24 31
23 29 30
25 28 8
24 28 33
27 32 14
31 33 9
30 32 10
110
{[15, 14, 13, 6, 1]}
{[17, 16, 15, 13, 11]}
34
11 19 3
12 3 5
6 20 15
0 1 4
20 14 3
1 15 32
7 2 17
6 9 16
9 10 31
8 7 26
11 8 33
0 12 10
11 1 16
19 14 17
13 4 29
18 2 5
7 18 12
6 13 18
15 16 17
0 20 13
19 2 4
23 24 25
23 26 27
21 22 28
21 27 30
21 26 29
22 25 9
22 24 31
23 29 30
25 28 14
24 28 33
27 32 8
31 33 5
30 32 10
111
{[15, 14, 13, 6, 1]}
{[17, 15, 14, 13, 12]}
34
11 19 3
12 3 5
6 20 15
0 1 4
20 14 3
1 15 29
7 2 17
6 9 16
9 10 30
8 7 33
11 8 31
0 12 10
11 1 16
19 14 17
13 4 32
18 2 5
7 18 12
6 13 18
15 16 17
0 20 13
19 2 4
23 24 25
23 26 27
21 22 28
21 27 30
21 26 29
22 25 32
22 24 31
23 29 30
25 28 5
24 28 8
27 33 10
26 33 14
31 32 9
112
{[15, 14, 13, 6, 1]}
{[17, 15, 14, 13, 12]}
34
11 19 3
12 3 5
6 20 15
0 1 4
20 14 3
1 15 33
7 2 17
6 9 16
9 10 32
8 7 29
11 8 31
0 12 10
11 1 16
19 14 17
13 4 30
18 2 5
7 18 12
6 13 18
15 16 17
0 20 13
19 2 4
23 24 25
23 26 27
21 22 28
21 27 30
21 26 29
22 25 32
22 24 31
23 29 30
25 28 9
24 28 14
27 33 10
26 33 8
31 32 5
113
{[13, 12, 11, 10, 1]}
{[5, 4, 2, 1, 0]}
34
11 19 3
12 3 6
7 20 15
0 1 4
20 14 3
10 6 24
1 15 5
8 2 17
7 16 21
14 10 22
9 5 27
0 12 23
11 1 16
19 14 17
13 4 9
18 2 6
8 18 12
7 13 18
15 16 17
0 20 13
19 2 4
22 25 8
21 26 9
24 25 11
23 31 5
21 23 30
22 28 32
29 32 10
26 29 30
27 28 31
25 28 33
24 29 33
26 27 33
30 31 32
114
{[13, 12, 11, 10, 1]}
{[6, 3, 2, 1, 0]}
34
11 19 3
12 3 6
7 20 15
0 1 4
20 14 3
10 6 23
1 15 5
8 2 17
7 16 22
14 10 25
9 5 21
0 12 26
11 1 16
19 14 17
13 4 9
18 2 6
8 18 12
7 13 18
15 16 17
0 20 13
19 2 4
22 24 10
21 27 8
24 25 5
21 23 31
23 30 9
28 32 11
22 29 32
26 29 30
27 28 31
25 28 33
24 29 33
26 27 33
30 31 32
115
{[13, 12, 11, 10, 1]}
{[8, 7, 4, 2, 0]}
34
11 19 3
12 3 6
7 20 15
0 1 4
20 14 3
10 6 21
1 15 5
8 2 17
7 16 25
14 10 23
9 5 22
0 12 31
11 1 16
19 14 17
13 4 9
18 2 6
8 18 12
7 13 18
15 16 17
0 20 13
19 2 4
23 24 5
24 25 10
21 27 9
21 22 26
22 30 8
24 28 32
23 29 32
26 29 30
27 28 31
25 28 33
29 33 11
26 27 33
30 31 32
116
{[13, 12, 11, 10, 1]}
{[9, 7, 3, 2, 0]}
34
11 19 3
12 3 6
7 20 15
0 1 4
20 14 3
10 6 24
1 15 5
8 2 17
7 16 22
14 10 25
9 5 30
0 12 21
11 1 16
19 14 17
13 4 9
18 2 6
8 18 12
7 13 18
15 16 17
0 20 13
19 2 4
23 24 11
23 25 8
21 22 27
21 26 5
22 31 9
24 28 32
23 29 32
26 29 30
27 28 31
28 33 10
25 29 33
26 27 33
30 31 32
117
{[13, 12, 11, 10, 1]}
{[6, 3, 2, 1, 0]}
34
11 19 3
12 3 6
7 20 15
0 1 4
20 14 3
10 6 22
1 15 5
8 2 17
7 16 23
14 10 25
9 5 26
0 12 21
11 1 16
19 14 17
13 4 9
18 2 6
8 18 12
7 13 18
15 16 17
0 20 13
19 2 4
22 24 11
21 27 5
24 25 8
21 23 31
23 30 9
28 32 10
22 29 32
26 29 30
27 28 31
25 28 33
24 29 33
26 27 33
30 31 32
118
{[13, 12, 11, 10, 1]}
{[9, 7, 3, 2, 0]}
34
11 19 3
12 3 6
7 20 15
0 1 4
20 14 3
10 6 22
1 15 5
8 2 17
7 16 24
14 10 25
9 5 21
0 12 30
11 1 16
19 14 17
13 4 9
18 2 6
8 18 12
7 13 18
15 16 17
0 20 13
19 2 4
23 24 10
23 25 5
21 22 27
21 26 8
22 31 9
24 28 32
23 29 32
26 29 30
27 28 31
28 33 11
25 29 33
26 27 33
30 31 32
119
{[13, 12, 11, 10, 1]}
{[5, 4, 2, 1, 0]}
34
11 19 3
12 3 6
7 20 15
0 1 4
20 14 3
10 6 21
1 15 5
8 2 17
7 16 24
14 10 22
9 5 23
0 12 27
11 1 16
19 14 17
13 4 9
18 2 6
8 18 12
7 13 18
15 16 17
0 20 13
19 2 4
22 25 5
21 26 9
24 25 10
23 31 8
21 23 30
22 28 32
29 32 11
26 29 30
27 28 31
25 28 33
24 29 33
26 27 33
30 31 32
120
{[13, 12, 11, 10, 1]}
{[8, 7, 4, 2, 0]}
34
11 19 3
12 3 6
7 20 15
0 1 4
20 14 3
10 6 25
1 15 5
8 2 17
7 16 21
14 10 23
9 5 31
0 12 22
11 1 16
19 14 17
13 4 9
18 2 6
8 18 12
7 13 18
15 16 17
0 20 13
19 2 4
23 24 8
24 25 11
21 27 9
21 22 26
22 30 5
24 28 32
23 29 32
26 29 30
27 28 31
25 28 33
29 33 10
26 27 33
30 31 32
121
{[13, 12, 11, 10, 1]}
{[16, 13, 12, 11, 10]}
34
11 19 3
12 3 6
7 20 15
0 1 4
20 14 3
10 6 33
1 15 5
8 2 17
7 16 27
14 10 32
9 5 26
0 12 31
11 1 16
19 14 17
13 4 9
18 2 6
8 18 12
7 13 18
15 16 17
0 20 13
19 2 4
23 24 25
23 26 27
21 22 28
21 27 30
21 26 29
22 25 10
22 24 8
23 29 30
25 28 32
24 28 31
30 33 11
29 33 9
31 32 5
122
{[13, 12, 11, 10, 1]}
{[17, 16, 14, 12, 10]}
34
11 19 3
12 3 6
7 20 15
0 1 4
20 14 3
10 6 32
1 15 5
8 2 17
7 16 30
14 10 31
9 5 27
0 12 33
11 1 16
19 14 17
13 4 9
18 2 6
8 18 12
7 13 18
15 16 17
0 20 13
19 2 4
23 24 25
23 26 27
21 22 28
21 27 30
21 26 29
22 25 31
22 24 10
23 29 30
25 28 33
24 28 8
26 32 9
31 33 5
29 32 11
123
{[13, 12, 11, 10, 1]}
{[16, 13, 12, 11, 10]}
34
11 19 3
12 3 6
7 20 15
0 1 4
20 14 3
10 6 27
1 15 5
8 2 17
7 16 33
14 10 32
9 5 31
0 12 26
11 1 16
19 14 17
13 4 9
18 2 6
8 18 12
7 13 18
15 16 17
0 20 13
19 2 4
23 24 25
23 26 27
21 22 28
21 27 30
21 26 29
22 25 11
22 24 5
23 29 30
25 28 32
24 28 31
30 33 10
29 33 9
31 32 8
124
{[13, 12, 11, 10, 1]}
{[17, 16, 14, 12, 10]}
34
11 19 3
12 3 6
7 20 15
0 1 4
20 14 3
10 6 30
1 15 5
8 2 17
7 16 32
14 10 31
9 5 33
0 12 27
11 1 16
19 14 17
13 4 9
18 2 6
8 18 12
7 13 18
15 16 17
0 20 13
19 2 4
23 24 25
23 26 27
21 22 28
21 27 30
21 26 29
22 25 31
22 24 11
23 29 30
25 28 33
24 28 5
26 32 9
31 33 8
29 32 10
125
{[13, 12, 11, 10, 1]}
{[17, 16, 15, 13, 11]}
34
11 19 3
12 3 6
7 20 15
0 1 4
20 14 3
10 6 26
1 15 5
8 2 17
7 16 32
14 10 33
9 5 31
0 12 29
11 1 16
19 14 17
13 4 9
18 2 6
8 18 12
7 13 18
15 16 17
0 20 13
19 2 4
23 24 25
23 26 27
21 22 28
21 27 30
21 26 29
22 25 5
22 24 31
23 29 30
25 28 11
24 28 33
27 32 10
31 33 8
30 32 9
126
{[13, 12, 11, 10, 1]}
{[17, 16, 15, 13, 11]}
34
11 19 3
12 3 6
7 20 15
0 1 4
20 14 3
10 6 32
1 15 5
8 2 17
7 16 26
14 10 33
9 5 29
0 12 31
11 1 16
19 14 17
13 4 9
18 2 6
8 18 12
7 13 18
15 16 17
0 20 13
19 2 4
23 24 25
23 26 27
21 22 28
21 27 30
21 26 29
22 25 8
22 24 31
23 29 30
25 28 10
24 28 33
27 32 11
31 33 5
30 32 9
127
{[13, 12, 11, 10, 1]}
{[17, 15, 14, 13, 12]}
34
11 19 3
12 3 6
7 20 15
0 1 4
20 14 3
10 6 29
1 15 5
8 2 17
7 16 33
14 10 31
9 5 32
0 12 30
11 1 16
19 14 17
13 4 9
18 2 6
8 18 12
7 13 18
15 16 17
0 20 13
19 2 4
23 24 25
23 26 27
21 22 28
21 27 30
21 26 29
22 25 32
22 24 31
23 29 30
25 28 5
24 28 11
27 33 9
26 33 10
31 32 8
128
{[13, 12, 11, 10, 1]}
{[17, 15, 14, 13, 12]}
34
11 19 3
12 3 6
7 20 15
0 1 4
20 14 3
10 6 33
1 15 5
8 2 17
7 16 29
14 10 31
9 5 30
0 12 32
11 1 16
19 14 17
13 4 9
18 2 6
8 18 12
7 13 18
15 16 17
0 20 13
19 2 4
23 24 25
23 26 27
21 22 28
21 27 30
21 26 29
22 25 32
22 24 31
23 29 30
25 28 8
24 28 10
27 33 9
26 33 11
31 32 5
129
{[15, 14, 13, 6, 1]}
{[5, 4, 2, 1, 0]}
34
11 19 3
12 3 5
6 20 15
0 1 4
20 14 3
1 15 21
7 2 17
6 9 16
9 10 27
8 7 24
11 8 22
0 12 10
11 1 16
19 14 17
13 4 23
18 2 5
7 18 12
6 13 18
15 16 17
0 20 13
19 2 4
22 25 5
21 26 10
24 25 14
23 31 9
21 23 30
22 28 32
29 32 8
26 29 30
27 28 31
25 28 33
24 29 33
26 27 33
30 31 32
130
{[15, 14, 13, 6, 1]}
{[6, 3, 2, 1, 0]}
34
11 19 3
12 3 5
6 20 15
0 1 4
20 14 3
1 15 22
7 2 17
6 9 16
9 10 21
8 7 23
11 8 25
0 12 10
11 1 16
19 14 17
13 4 26
18 2 5
7 18 12
6 13 18
15 16 17
0 20 13
19 2 4
22 24 8
21 27 5
24 25 9
21 23 31
23 30 10
28 32 14
22 29 32
26 29 30
27 28 31
25 28 33
24 29 33
26 27 33
30 31 32
131
{[15, 14, 13, 6, 1]}
{[8, 7, 4, 2, 0]}
34
11 19 3
12 3 5
6 20 15
0 1 4
20 14 3
1 15 25
7 2 17
6 9 16
9 10 22
8 7 21
11 8 23
0 12 10
11 1 16
19 14 17
13 4 31
18 2 5
7 18 12
6 13 18
15 16 17
0 20 13
19 2 4
23 24 9
24 25 8
21 27 10
21 22 26
22 30 5
24 28 32
23 29 32
26 29 30
27 28 31
25 28 33
29 33 14
26 27 33
30 31 32
132
{[15, 14, 13, 6, 1]}
{[9, 7, 3, 2, 0]}
34
11 19 3
12 3 5
6 20 15
0 1 4
20 14 3
1 15 22
7 2 17
6 9 16
9 10 30
8 7 24
11 8 25
0 12 10
11 1 16
19 14 17
13 4 21
18 2 5
7 18 12
6 13 18
15 16 17
0 20 13
19 2 4
23 24 14
23 25 5
21 22 27
21 26 9
22 31 10
24 28 32
23 29 32
26 29 30
27 28 31
28 33 8
25 29 33
26 27 33
30 31 32
133
{[15, 14, 13, 6, 1]}
{[6, 3, 2, 1, 0]}
34
11 19 3
12 3 5
6 20 15
0 1 4
20 14 3
1 15 23
7 2 17
6 9 16
9 10 26
8 7 22
11 8 25
0 12 10
11 1 16
19 14 17
13 4 21
18 2 5
7 18 12
6 13 18
15 16 17
0 20 13
19 2 4
22 24 14
21 27 9
24 25 5
21 23 31
23 30 10
28 32 8
22 29 32
26 29 30
27 28 31
25 28 33
24 29 33
26 27 33
30 31 32
134
{[15, 14, 13, 6, 1]}
{[9, 7, 3, 2, 0]}
34
11 19 3
12 3 5
6 20 15
0 1 4
20 14 3
1 15 24
7 2 17
6 9 16
9 10 21
8 7 22
11 8 25
0 12 10
11 1 16
19 14 17
13 4 30
18 2 5
7 18 12
6 13 18
15 16 17
0 20 13
19 2 4
23 24 8
23 25 9
21 22 27
21 26 5
22 31 10
24 28 32
23 29 32
26 29 30
27 28 31
28 33 14
25 29 33
26 27 33
30 31 32
135
{[15, 14, 13, 6, 1]}
{[5, 4, 2, 1, 0]}
34
11 19 3
12 3 5
6 20 15
0 1 4
20 14 3
1 15 24
7 2 17
6 9 16
9 10 23
8 7 21
11 8 22
0 12 10
11 1 16
19 14 17
13 4 27
18 2 5
7 18 12
6 13 18
15 16 17
0 20 13
19 2 4
22 25 9
21 26 10
24 25 8
23 31 5
21 23 30
22 28 32
29 32 14
26 29 30
27 28 31
25 28 33
24 29 33
26 27 33
30 31 32
136
{[15, 14, 13, 6, 1]}
{[8, 7, 4, 2, 0]}
34
11 19 3
12 3 5
6 20 15
0 1 4
20 14 3
1 15 21
7 2 17
6 9 16
9 10 31
8 7 25
11 8 23
0 12 10
11 1 16
19 14 17
13 4 22
18 2 5
7 18 12
6 13 18
15 16 17
0 20 13
19 2 4
23 24 5
24 25 14
21 27 10
21 22 26
22 30 9
24 28 32
23 29 32
26 29 30
27 28 31
25 28 33
29 33 8
26 27 33
30 31 32
137
{[15, 14, 13, 6, 1]}
{[16, 13, 12, 11, 10]}
34
11 19 3
12 3 5
6 20 15
0 1 4
20 14 3
1 15 27
7 2 17
6 9 16
9 10 26
8 7 33
11 8 32
0 12 10
11 1 16
19 14 17
13 4 31
18 2 5
7 18 12
6 13 18
15 16 17
0 20 13
19 2 4
23 24 25
23 26 27
21 22 28
21 27 30
21 26 29
22 25 8
22 24 5
23 29 30
25 28 32
24 28 31
30 33 14
29 33 10
31 32 9
138
{[15, 14, 13, 6, 1]}
{[17, 16, 14, 12, 10]}
34
11 19 3
12 3 5
6 20 15
0 1 4
20 14 3
1 15 30
7 2 17
6 9 16
9 10 27
8 7 32
11 8 31
0 12 10
11 1 16
19 14 17
13 4 33
18 2 5
7 18 12
6 13 18
15 16 17
0 20 13
19 2 4
23 24 25
23 26 27
21 22 28
21 27 30
21 26 29
22 25 31
22 24 8
23 29 30
25 28 33
24 28 5
26 32 10
31 33 9
29 32 14
139
{[15, 14, 13, 6, 1]}
{[16, 13, 12, 11, 10]}
34
11 19 3
12 3 5
6 20 15
0 1 4
20 14 3
1 15 33
7 2 17
6 9 16
9 10 31
8 7 27
11 8 32
0 12 10
11 1 16
19 14 17
13 4 26
18 2 5
7 18 12
6 13 18
15 16 17
0 20 13
19 2 4
23 24 25
23 26 27
21 22 28
21 27 30
21 26 29
22 25 14
22 24 9
23 29 30
25 28 32
24 28 31
30 33 8
29 33 10
31 32 5
140
{[15, 14, 13, 6, 1]}
{[17, 16, 14, 12, 10]}
34
11 19 3
12 3 5
6 20 15
0 1 4
20 14 3
1 15 32
7 2 17
6 9 16
9 10 33
8 7 30
11 8 31
0 12 10
11 1 16
19 14 17
13 4 27
18 2 5
7 18 12
6 13 18
15 16 17
0 20 13
19 2 4
23 24 25
23 26 27
21 22 28
21 27 30
21 26 29
22 25 31
22 24 14
23 29 30
25 28 33
24 28 9
26 32 10
31 33 5
29 32 8
141
{[15, 14, 13, 6, 1]}
{[17, 16, 15, 13, 11]}
34
11 19 3
12 3 5
6 20 15
0 1 4
20 14 3
1 15 32
7 2 17
6 9 16
9 10 31
8 7 26
11 8 33
0 12 10
11 1 16
19 14 17
13 4 29
18 2 5
7 18 12
6 13 18
15 16 17
0 20 13
19 2 4
23 24 25
23 26 27
21 22 28
21 27 30
21 26 29
22 25 9
22 24 31
23 29 30
25 28 14
24 28 33
27 32 8
31 33 5
30 32 10
142
{[15, 14, 13, 6, 1]}
{[17, 16, 15, 13, 11]}
34
11 19 3
12 3 5
6 20 15
0 1 4
20 14 3
1 15 26
7 2 17
6 9 16
9 10 29
8 7 32
11 8 33
0 12 10
11 1 16
19 14 17
13 4 31
18 2 5
7 18 12
6 13 18
15 16 17
0 20 13
19 2 4
23 24 25
23 26 27
21 22 28
21 27 30
21 26 29
22 25 5
22 24 31
23 29 30
25 28 8
24 28 33
27 32 14
31 33 9
30 32 10
143
{[15, 14, 13, 6, 1]}
{[17, 15, 14, 13, 12]}
34
11 19 3
12 3 5
6 20 15
0 1 4
20 14 3
1 15 33
7 2 17
6 9 16
9 10 32
8 7 29
11 8 31
0 12 10
11 1 16
19 14 17
13 4 30
18 2 5
7 18 12
6 13 18
15 16 17
0 20 13
19 2 4
23 24 25
23 26 27
21 22 28
21 27 30
21 26 29
22 25 32
22 24 31
23 29 30
25 28 9
24 28 14
27 33 10
26 33 8
31 32 5
144
{[15, 14, 13, 6, 1]}
{[17, 15, 14, 13, 12]}
34
11 19 3
12 3 5
6 20 15
0 1 4
20 14 3
1 15 29
7 2 17
6 9 16
9 10 30
8 7 33
11 8 31
0 12 10
11 1 16
19 14 17
13 4 32
18 2 5
7 18 12
6 13 18
15 16 17
0 20 13
19 2 4
23 24 25
23 26 27
21 22 28
21 27 30
21 26 29
22 25 32
22 24 31
23 29 30
25 28 5
24 28 8
27 33 10
26 33 14
31 32 9
145
{[15, 14, 11, 10, 1]}
{[5, 4, 2, 1, 0]}
34
11 19 3
12 3 6
7 20 15
0 1 4
20 14 3
10 6 22
1 15 5
8 2 17
7 16 23
11 10 24
9 5 27
0 12 9
11 1 16
19 14 17
13 4 21
18 2 6
8 18 12
7 13 18
15 16 17
0 20 13
19 2 4
22 25 14
21 26 5
24 25 8
23 31 9
21 23 30
22 28 32
29 32 10
26 29 30
27 28 31
25 28 33
24 29 33
26 27 33
30 31 32
146
{[15, 14, 11, 10, 1]}
{[6, 3, 2, 1, 0]}
34
11 19 3
12 3 6
7 20 15
0 1 4
20 14 3
10 6 25
1 15 5
8 2 17
7 16 26
11 10 23
9 5 21
0 12 9
11 1 16
19 14 17
13 4 22
18 2 6
8 18 12
7 13 18
15 16 17
0 20 13
19 2 4
22 24 10
21 27 14
24 25 9
21 23 31
23 30 5
28 32 8
22 29 32
26 29 30
27 28 31
25 28 33
24 29 33
26 27 33
30 31 32
147
{[15, 14, 11, 10, 1]}
{[8, 7, 4, 2, 0]}
34
11 19 3
12 3 6
7 20 15
0 1 4
20 14 3
10 6 23
1 15 5
8 2 17
7 16 31
11 10 21
9 5 22
0 12 9
11 1 16
19 14 17
13 4 25
18 2 6
8 18 12
7 13 18
15 16 17
0 20 13
19 2 4
23 24 9
24 25 10
21 27 5
21 22 26
22 30 14
24 28 32
23 29 32
26 29 30
27 28 31
25 28 33
29 33 8
26 27 33
30 31 32
148
{[15, 14, 11, 10, 1]}
{[9, 7, 3, 2, 0]}
34
11 19 3
12 3 6
7 20 15
0 1 4
20 14 3
10 6 25
1 15 5
8 2 17
7 16 21
11 10 24
9 5 30
0 12 9
11 1 16
19 14 17
13 4 22
18 2 6
8 18 12
7 13 18
15 16 17
0 20 13
19 2 4
23 24 8
23 25 14
21 22 27
21 26 9
22 31 5
24 28 32
23 29 32
26 29 30
27 28 31
28 33 10
25 29 33
26 27 33
30 31 32
149
{[15, 14, 11, 10, 1]}
{[6, 3, 2, 1, 0]}
34
11 19 3
12 3 6
7 20 15
0 1 4
20 14 3
10 6 25
1 15 5
8 2 17
7 16 21
11 10 22
9 5 26
0 12 9
11 1 16
19 14 17
13 4 23
18 2 6
8 18 12
7 13 18
15 16 17
0 20 13
19 2 4
22 24 8
21 27 9
24 25 14
21 23 31
23 30 5
28 32 10
22 29 32
26 29 30
27 28 31
25 28 33
24 29 33
26 27 33
30 31 32
150
{[15, 14, 11, 10, 1]}
{[9, 7, 3, 2, 0]}
34
11 19 3
12 3 6
7 20 15
0 1 4
20 14 3
10 6 25
1 15 5
8 2 17
7 16 30
11 10 22
9 5 21
0 12 9
11 1 16
19 14 17
13 4 24
18 2 6
8 18 12
7 13 18
15 16 17
0 20 13
19 2 4
23 24 10
23 25 9
21 22 27
21 26 14
22 31 5
24 28 32
23 29 32
26 29 30
27 28 31
28 33 8
25 29 33
26 27 33
30 31 32
151
{[15, 14, 11, 10, 1]}
{[5, 4, 2, 1, 0]}
34
11 19 3
12 3 6
7 20 15
0 1 4
20 14 3
10 6 22
1 15 5
8 2 17
7 16 27
11 10 21
9 5 23
0 12 9
11 1 16
19 14 17
13 4 24
18 2 6
8 18 12
7 13 18
15 16 17
0 20 13
19 2 4
22 25 9
21 26 5
24 25 10
23 31 14
21 23 30
22 28 32
29 32 8
26 29 30
27 28 31
25 28 33
24 29 33
26 27 33
30 31 32
152
{[15, 14, 11, 10, 1]}
{[8, 7, 4, 2, 0]}
34
11 19 3
12 3 6
7 20 15
0 1 4
20 14 3
10 6 23
1 15 5
8 2 17
7 16 22
11 10 25
9 5 31
0 12 9
11 1 16
19 14 17
13 4 21
18 2 6
8 18 12
7 13 18
15 16 17
0 20 13
19 2 4
23 24 14
24 25 8
21 27 5
21 22 26
22 30 9
24 28 32
23 29 32
26 29 30
27 28 31
25 28 33
29 33 10
26 27 33
30 31 32
153
{[15, 14, 11, 10, 1]}
{[16, 13, 12, 11, 10]}
34
11 19 3
12 3 6
7 20 15
0 1 4
20 14 3
10 6 32
1 15 5
8 2 17
7 16 31
11 10 33
9 5 26
0 12 9
11 1 16
19 14 17
13 4 27
18 2 6
8 18 12
7 13 18
15 16 17
0 20 13
19 2 4
23 24 25
23 26 27
21 22 28
21 27 30
21 26 29
22 25 10
22 24 14
23 29 30
25 28 32
24 28 31
30 33 8
29 33 5
31 32 9
154
{[15, 14, 11, 10, 1]}
{[17, 16, 14, 12, 10]}
34
11 19 3
12 3 6
7 20 15
0 1 4
20 14 3
10 6 31
1 15 5
8 2 17
7 16 33
11 10 32
9 5 27
0 12 9
11 1 16
19 14 17
13 4 30
18 2 6
8 18 12
7 13 18
15 16 17
0 20 13
19 2 4
23 24 25
23 26 27
21 22 28
21 27 30
21 26 29
22 25 31
22 24 10
23 29 30
25 28 33
24 28 14
26 32 5
31 33 9
29 32 8
155
{[15, 14, 11, 10, 1]}
{[16, 13, 12, 11, 10]}
34
11 19 3
12 3 6
7 20 15
0 1 4
20 14 3
10 6 32
1 15 5
8 2 17
7 16 26
11 10 27
9 5 31
0 12 9
11 1 16
19 14 17
13 4 33
18 2 6
8 18 12
7 13 18
15 16 17
0 20 13
19 2 4
23 24 25
23 26 27
21 22 28
21 27 30
21 26 29
22 25 8
22 24 9
23 29 30
25 28 32
24 28 31
30 33 10
29 33 5
31 32 14
156
{[15, 14, 11, 10, 1]}
{[17, 16, 14, 12, 10]}
34
11 19 3
12 3 6
7 20 15
0 1 4
20 14 3
10 6 31
1 15 5
8 2 17
7 16 27
11 10 30
9 5 33
0 12 9
11 1 16
19 14 17
13 4 32
18 2 6
8 18 12
7 13 18
15 16 17
0 20 13
19 2 4
23 24 25
23 26 27
21 22 28
21 27 30
21 26 29
22 25 31
22 24 8
23 29 30
25 28 33
24 28 9
26 32 5
31 33 14
29 32 10
157
{[15, 14, 11, 10, 1]}
{[17, 16, 15, 13, 11]}
34
11 19 3
12 3 6
7 20 15
0 1 4
20 14 3
10 6 33
1 15 5
8 2 17
7 16 29
11 10 26
9 5 31
0 12 9
11 1 16
19 14 17
13 4 32
18 2 6
8 18 12
7 13 18
15 16 17
0 20 13
19 2 4
23 24 25
23 26 27
21 22 28
21 27 30
21 26 29
22 25 9
22 24 31
23 29 30
25 28 8
24 28 33
27 32 10
31 33 14
30 32 5
158
{[15, 14, 11, 10, 1]}
{[17, 16, 15, 13, 11]}
34
11 19 3
12 3 6
7 20 15
0 1 4
20 14 3
10 6 33
1 15 5
8 2 17
7 16 31
11 10 32
9 5 29
0 12 9
11 1 16
19 14 17
13 4 26
18 2 6
8 18 12
7 13 18
15 16 17
0 20 13
19 2 4
23 24 25
23 26 27
21 22 28
21 27 30
21 26 29
22 25 14
22 24 31
23 29 30
25 28 10
24 28 33
27 32 8
31 33 9
30 32 5
159
{[15, 14, 11, 10, 1]}
{[17, 15, 14, 13, 12]}
34
11 19 3
12 3 6
7 20 15
0 1 4
20 14 3
10 6 31
1 15 5
8 2 17
7 16 30
11 10 29
9 5 32
0 12 9
11 1 16
19 14 17
13 4 33
18 2 6
8 18 12
7 13 18
15 16 17
0 20 13
19 2 4
23 24 25
23 26 27
21 22 28
21 27 30
21 26 29
22 25 32
22 24 31
23 29 30
25 28 9
24 28 8
27 33 5
26 33 10
31 32 14
160
{[15, 14, 11, 10, 1]}
{[17, 15, 14, 13, 12]}
34
11 19 3
12 3 6
7 20 15
0 1 4
20 14 3
10 6 31
1 15 5
8 2 17
7 16 32
11 10 33
9 5 30
0 12 9
11 1 16
19 14 17
13 4 29
18 2 6
8 18 12
7 13 18
15 16 17
0 20 13
19 2 4
23 24 25
23 26 27
21 22 28
21 27 30
21 26 29
22 25 32
22 24 31
23 29 30
25 28 14
24 28 10
27 33 5
26 33 8
31 32 9
161
{[23, 22, 20, 8, 3]}
{[5, 4, 2, 1, 0]}
34
14 19 3
9 11 12
15 3 6
0 2 4
20 17 3
13 11 6
2 5 22
9 18 23
9 10 13
1 8 7
14 8 11
1 10 5
1 17 13
8 12 5
0 15 10
14 2 18
19 17 27
16 4 12
7 15 21
0 20 16
19 4 24
22 25 18
21 26 6
24 25 7
23 31 20
21 23 30
22 28 32
29 32 16
26 29 30
27 28 31
25 28 33
24 29 33
26 27 33
30 31 32
162
{[23, 22, 20, 8, 3]}
{[6, 3, 2, 1, 0]}
34
14 19 3
9 11 12
15 3 6
0 2 4
20 17 3
13 11 6
2 5 25
9 18 26
9 10 13
1 8 7
14 8 11
1 10 5
1 17 13
8 12 5
0 15 10
14 2 18
19 17 21
16 4 12
7 15 22
0 20 16
19 4 23
22 24 16
21 27 18
24 25 20
21 23 31
23 30 6
28 32 7
22 29 32
26 29 30
27 28 31
25 28 33
24 29 33
26 27 33
30 31 32
163
{[23, 22, 20, 8, 3]}
{[8, 7, 4, 2, 0]}
34
14 19 3
9 11 12
15 3 6
0 2 4
20 17 3
13 11 6
2 5 23
9 18 31
9 10 13
1 8 7
14 8 11
1 10 5
1 17 13
8 12 5
0 15 10
14 2 18
19 17 22
16 4 12
7 15 25
0 20 16
19 4 21
23 24 20
24 25 16
21 27 6
21 22 26
22 30 18
24 28 32
23 29 32
26 29 30
27 28 31
25 28 33
29 33 7
26 27 33
30 31 32
164
{[23, 22, 20, 8, 3]}
{[9, 7, 3, 2, 0]}
34
14 19 3
9 11 12
15 3 6
0 2 4
20 17 3
13 11 6
2 5 25
9 18 21
9 10 13
1 8 7
14 8 11
1 10 5
1 17 13
8 12 5
0 15 10
14 2 18
19 17 30
16 4 12
7 15 22
0 20 16
19 4 24
23 24 7
23 25 18
21 22 27
21 26 20
22 31 6
24 28 32
23 29 32
26 29 30
27 28 31
28 33 16
25 29 33
26 27 33
30 31 32
165
{[23, 22, 20, 8, 3]}
{[6, 3, 2, 1, 0]}
34
14 19 3
9 11 12
15 3 6
0 2 4
20 17 3
13 11 6
2 5 25
9 18 21
9 10 13
1 8 7
14 8 11
1 10 5
1 17 13
8 12 5
0 15 10
14 2 18
19 17 26
16 4 12
7 15 23
0 20 16
19 4 22
22 24 7
21 27 20
24 25 18
21 23 31
23 30 6
28 32 16
22 29 32
26 29 30
27 28 31
25 28 33
24 29 33
26 27 33
30 31 32
166
{[23, 22, 20, 8, 3]}
{[9, 7, 3, 2, 0]}
34
14 19 3
9 11 12
15 3 6
0 2 4
20 17 3
13 11 6
2 5 25
9 18 30
9 10 13
1 8 7
14 8 11
1 10 5
1 17 13
8 12 5
0 15 10
14 2 18
19 17 21
16 4 12
7 15 24
0 20 16
19 4 22
23 24 16
23 25 20
21 22 27
21 26 18
22 31 6
24 28 32
23 29 32
26 29 30
27 28 31
28 33 7
25 29 33
26 27 33
30 31 32
167
{[23, 22, 20, 8, 3]}
{[5, 4, 2, 1, 0]}
34
14 19 3
9 11 12
15 3 6
0 2 4
20 17 3
13 11 6
2 5 22
9 18 27
9 10 13
1 8 7
14 8 11
1 10 5
1 17 13
8 12 5
0 15 10
14 2 18
19 17 23
16 4 12
7 15 24
0 20 16
19 4 21
22 25 20
21 26 6
24 25 16
23 31 18
21 23 30
22 28 32
29 32 7
26 29 30
27 28 31
25 28 33
24 29 33
26 27 33
30 31 32
168
{[23, 22, 20, 8, 3]}
{[8, 7, 4, 2, 0]}
34
14 19 3
9 11 12
15 3 6
0 2 4
20 17 3
13 11 6
2 5 23
9 18 22
9 10 13
1 8 7
14 8 11
1 10 5
1 17 13
8 12 5
0 15 10
14 2 18
19 17 31
16 4 12
7 15 21
0 20 16
19 4 25
23 24 18
24 25 7
21 27 6
21 22 26
22 30 20
24 28 32
23 29 32
26 29 30
27 28 31
25 28 33
29 33 16
26 27 33
30 31 32
169
{[23, 22, 20, 8, 3]}
{[16, 13, 12, 11, 10]}
34
14 19 3
9 11 12
15 3 6
0 2 4
20 17 3
13 11 6
2 5 32
9 18 31
9 10 13
1 8 7
14 8 11
1 10 5
1 17 13
8 12 5
0 15 10
14 2 18
19 17 26
16 4 12
7 15 27
0 20 16
19 4 33
23 24 25
23 26 27
21 22 28
21 27 30
21 26 29
22 25 16
22 24 18
23 29 30
25 28 32
24 28 31
30 33 7
29 33 6
31 32 20
170
{[23, 22, 20, 8, 3]}
{[17, 16, 14, 12, 10]}
34
14 19 3
9 11 12
15 3 6
0 2 4
20 17 3
13 11 6
2 5 31
9 18 33
9 10 13
1 8 7
14 8 11
1 10 5
1 17 13
8 12 5
0 15 10
14 2 18
19 17 27
16 4 12
7 15 30
0 20 16
19 4 32
23 24 25
23 26 27
21 22 28
21 27 30
21 26 29
22 25 31
22 24 16
23 29 30
25 28 33
24 28 18
26 32 6
31 33 20
29 32 7
171
{[23, 22, 20, 8, 3]}
{[16, 13, 12, 11, 10]}
34
14 19 3
9 11 12
15 3 6
0 2 4
20 17 3
13 11 6
2 5 32
9 18 26
9 10 13
1 8 7
14 8 11
1 10 5
1 17 13
8 12 5
0 15 10
14 2 18
19 17 31
16 4 12
7 15 33
0 20 16
19 4 27
23 24 25
23 26 27
21 22 28
21 27 30
21 26 29
22 25 7
22 24 20
23 29 30
25 28 32
24 28 31
30 33 16
29 33 6
31 32 18
172
{[23, 22, 20, 8, 3]}
{[17, 16, 14, 12, 10]}
34
14 19 3
9 11 12
15 3 6
0 2 4
20 17 3
13 11 6
2 5 31
9 18 27
9 10 13
1 8 7
14 8 11
1 10 5
1 17 13
8 12 5
0 15 10
14 2 18
19 17 33
16 4 12
7 15 32
0 20 16
19 4 30
23 24 25
23 26 27
21 22 28
21 27 30
21 26 29
22 25 31
22 24 7
23 29 30
25 28 33
24 28 20
26 32 6
31 33 18
29 32 16
173
{[23, 22, 20, 8, 3]}
{[17, 16, 15, 13, 11]}
34
14 19 3
9 11 12
15 3 6
0 2 4
20 17 3
13 11 6
2 5 33
9 18 29
9 10 13
1 8 7
14 8 11
1 10 5
1 17 13
8 12 5
0 15 10
14 2 18
19 17 31
16 4 12
7 15 32
0 20 16
19 4 26
23 24 25
23 26 27
21 22 28
21 27 30
21 26 29
22 25 20
22 24 31
23 29 30
25 28 7
24 28 33
27 32 16
31 33 18
30 32 6
174
{[23, 22, 20, 8, 3]}
{[17, 16, 15, 13, 11]}
34
14 19 3
9 11 12
15 3 6
0 2 4
20 17 3
13 11 6
2 5 33
9 18 31
9 10 13
1 8 7
14 8 11
1 10 5
1 17 13
8 12 5
0 15 10
14 2 18
19 17 29
16 4 12
7 15 26
0 20 16
19 4 32
23 24 25
23 26 27
21 22 28
21 27 30
21 26 29
22 25 18
22 24 31
23 29 30
25 28 16
24 28 33
27 32 7
31 33 20
30 32 6
175
{[23, 22, 20, 8, 3]}
{[17, 15, 14, 13, 12]}
34
14 19 3
9 11 12
15 3 6
0 2 4
20 17 3
13 11 6
2 5 31
9 18 30
9 10 13
1 8 7
14 8 11
1 10 5
1 17 13
8 12 5
0 15 10
14 2 18
19 17 32
16 4 12
7 15 33
0 20 16
19 4 29
23 24 25
23 26 27
21 22 28
21 27 30
21 26 29
22 25 32
22 24 31
23 29 30
25 28 20
24 28 7
27 33 6
26 33 16
31 32 18
176
{[23, 22, 20, 8, 3]}
{[17, 15, 14, 13, 12]}
34
14 19 3
9 11 12
15 3 6
0 2 4
20 17 3
13 11 6
2 5 31
9 18 32
9 10 13
1 8 7
14 8 11
1 10 5
1 17 13
8 12 5
0 15 10
14 2 18
19 17 30
16 4 12
7 15 29
0 20 16
19 4 33
23 24 25
23 26 27
21 22 28
21 27 30
21 26 29
22 25 32
22 24 31
23 29 30
25 28 18
24 28 16
27 33 6
26 33 7
31 32 20
177
{[23, 22, 20, 8, 3]}
{[5, 4, 2, 1, 0]}
34
14 19 3
9 11 12
15 3 6
0 2 4
20 17 3
13 11 6
2 5 22
9 18 27
9 10 13
1 8 7
14 8 11
1 10 5
1 17 13
8 12 5
0 15 10
14 2 18
19 17 23
16 4 12
7 15 24
0 20 16
19 4 21
22 25 20
21 26 6
24 25 16
23 31 18
21 23 30
22 28 32
29 32 7
26 29 30
27 28 31
25 28 33
24 29 33
26 27 33
30 31 32
178
{[23, 22, 20, 8, 3]}
{[6, 3, 2, 1, 0]}
34
14 19 3
9 11 12
15 3 6
0 2 4
20 17 3
13 11 6
2 5 25
9 18 21
9 10 13
1 8 7
14 8 11
1 10 5
1 17 13
8 12 5
0 15 10
14 2 18
19 17 26
16 4 12
7 15 23
0 20 16
19 4 22
22 24 7
21 27 20
24 25 18
21 23 31
23 30 6
28 32 16
22 29 32
26 29 30
27 28 31
25 28 33
24 29 33
26 27 33
30 31 32
179
{[23, 22, 20, 8, 3]}
{[8, 7, 4, 2, 0]}
34
14 19 3
9 11 12
15 3 6
0 2 4
20 17 3
13 11 6
2 5 23
9 18 22
9 10 13
1 8 7
14 8 11
1 10 5
1 17 13
8 12 5
0 15 10
14 2 18
19 17 31
16 4 12
7 15 21
0 20 16
19 4 25
23 24 18
24 25 7
21 27 6
21 22 26
22 30 20
24 28 32
23 29 32
26 29 30
27 28 31
25 28 33
29 33 16
26 27 33
30 31 32
180
{[23, 22, 20, 8, 3]}
{[9, 7, 3, 2, 0]}
34
14 19 3
9 11 12
15 3 6
0 2 4
20 17 3
13 11 6
2 5 25
9 18 30
9 10 13
1 8 7
14 8 11
1 10 5
1 17 13
8 12 5
0 15 10
14 2 18
19 17 21
16 4 12
7 15 24
0 20 16
19 4 22
23 24 16
23 25 20
21 22 27
21 26 18
22 31 6
24 28 32
23 29 32
26 29 30
27 28 31
28 33 7
25 29 33
26 27 33
30 31 32
181
{[23, 22, 20, 8, 3]}
{[6, 3, 2, 1, 0]}
34
14 19 3
9 11 12
15 3 6
0 2 4
20 17 3
13 11 6
2 5 25
9 18 26
9 10 13
1 8 7
14 8 11
1 10 5
1 17 13
8 12 5
0 15 10
14 2 18
19 17 21
16 4 12
7 15 22
0 20 16
19 4 23
22 24 16
21 27 18
24 25 20
21 23 31
23 30 6
28 32 7
22 29 32
26 29 30
27 28 31
25 28 33
24 29 33
26 27 33
30 31 32
182
{[23, 22, 20, 8, 3]}
{[9, 7, 3, 2, 0]}
34
14 19 3
9 11 12
15 3 6
0 2 4
20 17 3
13 11 6
2 5 25
9 18 21
9 10 13
1 8 7
14 8 11
1 10 5
1 17 13
8 12 5
0 15 10
14 2 18
19 17 30
16 4 12
7 15 22
0 20 16
19 4 24
23 24 7
23 25 18
21 22 27
21 26 20
22 31 6
24 28 32
23 29 32
26 29 30
27 28 31
28 33 16
25 29 33
26 27 33
30 31 32
183
{[23, 22, 20, 8, 3]}
{[5, 4, 2, 1, 0]}
34
14 19 3
9 11 12
15 3 6
0 2 4
20 17 3
13 11 6
2 5 22
9 18 23
9 10 13
1 8 7
14 8 11
1 10 5
1 17 13
8 12 5
0 15 10
14 2 18
19 17 27
16 4 12
7 15 21
0 20 16
19 4 24
22 25 18
21 26 6
24 25 7
23 31 20
21 23 30
22 28 32
29 32 16
26 29 30
27 28 31
25 28 33
24 29 33
26 27 33
30 31 32
184
{[23, 22, 20, 8, 3]}
{[8, 7, 4, 2, 0]}
34
14 19 3
9 11 12
15 3 6
0 2 4
20 17 3
13 11 6
2 5 23
9 18 31
9 10 13
1 8 7
14 8 11
1 10 5
1 17 13
8 12 5
0 15 10
14 2 18
19 17 22
16 4 12
7 15 25
0 20 16
19 4 21
23 24 20
24 25 16
21 27 6
21 22 26
22 30 18
24 28 32
23 29 32
26 29 30
27 28 31
25 28 33
29 33 7
26 27 33
30 31 32
185
{[23, 22, 20, 8, 3]}
{[16, 13, 12, 11, 10]}
34
14 19 3
9 11 12
15 3 6
0 2 4
20 17 3
13 11 6
2 5 32
9 18 26
9 10 13
1 8 7
14 8 11
1 10 5
1 17 13
8 12 5
0 15 10
14 2 18
19 17 31
16 4 12
7 15 33
0 20 16
19 4 27
23 24 25
23 26 27
21 22 28
21 27 30
21 26 29
22 25 7
22 24 20
23 29 30
25 28 32
24 28 31
30 33 16
29 33 6
31 32 18
186
{[23, 22, 20, 8, 3]}
{[17, 16, 14, 12, 10]}
34
14 19 3
9 11 12
15 3 6
0 2 4
20 17 3
13 11 6
2 5 31
9 18 27
9 10 13
1 8 7
14 8 11
1 10 5
1 17 13
8 12 5
0 15 10
14 2 18
19 17 33
16 4 12
7 15 32
0 20 16
19 4 30
23 24 25
23 26 27
21 22 28
21 27 30
21 26 29
22 25 31
22 24 7
23 29 30
25 28 33
24 28 20
26 32 6
31 33 18
29 32 16
187
{[23, 22, 20, 8, 3]}
{[16, 13, 12, 11, 10]}
34
14 19 3
9 11 12
15 3 6
0 2 4
20 17 3
13 11 6
2 5 32
9 18 31
9 10 13
1 8 7
14 8 11
1 10 5
1 17 13
8 12 5
0 15 10
14 2 18
19 17 26
16 4 12
7 15 27
0 20 16
19 4 33
23 24 25
23 26 27
21 22 28
21 27 30
21 26 29
22 25 16
22 24 18
23 29 30
25 28 32
24 28 31
30 33 7
29 33 6
31 32 20
188
{[23, 22, 20, 8, 3]}
{[17, 16, 14, 12, 10]}
34
14 19 3
9 11 12
15 3 6
0 2 4
20 17 3
13 11 6
2 5 31
9 18 33
9 10 13
1 8 7
14 8 11
1 10 5
1 17 13
8 12 5
0 15 10
14 2 18
19 17 27
16 4 12
7 15 30
0 20 16
19 4 32
23 24 25
23 26 27
21 22 28
21 27 30
21 26 29
22 25 31
22 24 16
23 29 30
25 28 33
24 28 18
26 32 6
31 33 20
29 32 7
189
{[23, 22, 20, 8, 3]}
{[17, 16, 15, 13, 11]}
34
14 19 3
9 11 12
15 3 6
0 2 4
20 17 3
13 11 6
2 5 33
9 18 31
9 10 13
1 8 7
14 8 11
1 10 5
1 17 13
8 12 5
0 15 10
14 2 18
19 17 29
16 4 12
7 15 26
0 20 16
19 4 32
23 24 25
23 26 27
21 22 28
21 27 30
21 26 29
22 25 18
22 24 31
23 29 30
25 28 16
24 28 33
27 32 7
31 33 20
30 32 6
190
{[23, 22, 20, 8, 3]}
{[17, 16, 15, 13, 11]}
34
14 19 3
9 11 12
15 3 6
0 2 4
20 17 3
13 11 6
2 5 33
9 18 29
9 10 13
1 8 7
14 8 11
1 10 5
1 17 13
8 12 5
0 15 10
14 2 18
19 17 31
16 4 12
7 15 32
0 20 16
19 4 26
23 24 25
23 26 27
21 22 28
21 27 30
21 26 29
22 25 20
22 24 31
23 29 30
25 28 7
24 28 33
27 32 16
31 33 18
30 32 6
191
{[23, 22, 20, 8, 3]}
{[17, 15, 14, 13, 12]}
34
14 19 3
9 11 12
15 3 6
0 2 4
20 17 3
13 11 6
2 5 31
9 18 32
9 10 13
1 8 7
14 8 11
1 10 5
1 17 13
8 12 5
0 15 10
14 2 18
19 17 30
16 4 12
7 15 29
0 20 16
19 4 33
23 24 25
23 26 27
21 22 28
21 27 30
21 26 29
22 25 32
22 24 31
23 29 30
25 28 18
24 28 16
27 33 6
26 33 7
31 32 20
192
{[23, 22, 20, 8, 3]}
{[17, 15, 14, 13, 12]}
34
14 19 3
9 11 12
15 3 6
0 2 4
20 17 3
13 11 6
2 5 31
9 18 30
9 10 13
1 8 7
14 8 11
1 10 5
1 17 13
8 12 5
0 15 10
14 2 18
19 17 32
16 4 12
7 15 33
0 20 16
19 4 29
23 24 25
23 26 27
21 22 28
21 27 30
21 26 29
22 25 32
22 24 31
23 29 30
25 28 20
24 28 7
27 33 6
26 33 16
31 32 18
193
{[25, 24, 19, 18, 5]}
{[5, 4, 2, 1, 0]}
34
15 4 27
10 12 13
16 4 6
7 17 21
0 2 22
14 12 6
2 17 5
8 3 19
7 10 18
10 11 14
1 9 8
15 9 12
1 11 5
1 14 24
9 13 5
0 16 11
15 2 18
20 3 6
8 20 16
7 20 23
17 18 19
22 25 3
21 26 4
24 25 19
23 31 13
21 23 30
22 28 32
29 32 0
26 29 30
27 28 31
25 28 33
24 29 33
26 27 33
30 31 32
194
{[25, 24, 19, 18, 5]}
{[6, 3, 2, 1, 0]}
34
15 4 21
10 12 13
16 4 6
7 17 22
0 2 25
14 12 6
2 17 5
8 3 19
7 10 18
10 11 14
1 9 8
15 9 12
1 11 5
1 14 23
9 13 5
0 16 11
15 2 18
20 3 6
8 20 16
7 20 26
17 18 19
22 24 0
21 27 3
24 25 13
21 23 31
23 30 4
28 32 19
22 29 32
26 29 30
27 28 31
25 28 33
24 29 33
26 27 33
30 31 32
195
{[25, 24, 19, 18, 5]}
{[8, 7, 4, 2, 0]}
34
15 4 22
10 12 13
16 4 6
7 17 25
0 2 23
14 12 6
2 17 5
8 3 19
7 10 18
10 11 14
1 9 8
15 9 12
1 11 5
1 14 21
9 13 5
0 16 11
15 2 18
20 3 6
8 20 16
7 20 31
17 18 19
23 24 13
24 25 0
21 27 4
21 22 26
22 30 3
24 28 32
23 29 32
26 29 30
27 28 31
25 28 33
29 33 19
26 27 33
30 31 32
196
{[25, 24, 19, 18, 5]}
{[9, 7, 3, 2, 0]}
34
15 4 30
10 12 13
16 4 6
7 17 22
0 2 25
14 12 6
2 17 5
8 3 19
7 10 18
10 11 14
1 9 8
15 9 12
1 11 5
1 14 24
9 13 5
0 16 11
15 2 18
20 3 6
8 20 16
7 20 21
17 18 19
23 24 19
23 25 3
21 22 27
21 26 13
22 31 4
24 28 32
23 29 32
26 29 30
27 28 31
28 33 0
25 29 33
26 27 33
30 31 32
197
{[25, 24, 19, 18, 5]}
{[6, 3, 2, 1, 0]}
34
15 4 26
10 12 13
16 4 6
7 17 23
0 2 25
14 12 6
2 17 5
8 3 19
7 10 18
10 11 14
1 9 8
15 9 12
1 11 5
1 14 22
9 13 5
0 16 11
15 2 18
20 3 6
8 20 16
7 20 21
17 18 19
22 24 19
21 27 13
24 25 3
21 23 31
23 30 4
28 32 0
22 29 32
26 29 30
27 28 31
25 28 33
24 29 33
26 27 33
30 31 32
198
{[25, 24, 19, 18, 5]}
{[9, 7, 3, 2, 0]}
34
15 4 21
10 12 13
16 4 6
7 17 24
0 2 25
14 12 6
2 17 5
8 3 19
7 10 18
10 11 14
1 9 8
15 9 12
1 11 5
1 14 22
9 13 5
0 16 11
15 2 18
20 3 6
8 20 16
7 20 30
17 18 19
23 24 0
23 25 13
21 22 27
21 26 3
22 31 4
24 28 32
23 29 32
26 29 30
27 28 31
28 33 19
25 29 33
26 27 33
30 31 32
199
{[25, 24, 19, 18, 5]}
{[5, 4, 2, 1, 0]}
34
15 4 23
10 12 13
16 4 6
7 17 24
0 2 22
14 12 6
2 17 5
8 3 19
7 10 18
10 11 14
1 9 8
15 9 12
1 11 5
1 14 21
9 13 5
0 16 11
15 2 18
20 3 6
8 20 16
7 20 27
17 18 19
22 25 13
21 26 4
24 25 0
23 31 3
21 23 30
22 28 32
29 32 19
26 29 30
27 28 31
25 28 33
24 29 33
26 27 33
30 31 32
200
{[25, 24, 19, 18, 5]}
{[8, 7, 4, 2, 0]}
34
15 4 31
10 12 13
16 4 6
7 17 21
0 2 23
14 12 6
2 17 5
8 3 19
7 10 18
10 11 14
1 9 8
15 9 12
1 11 5
1 14 25
9 13 5
0 16 11
15 2 18
20 3 6
8 20 16
7 20 22
17 18 19
23 24 3
24 25 19
21 27 4
21 22 26
22 30 13
24 28 32
23 29 32
26 29 30
27 28 31
25 28 33
29 33 0
26 27 33
30 31 32
201
{[25, 24, 19, 18, 5]}
{[16, 13, 12, 11, 10]}
34
15 4 26
10 12 13
16 4 6
7 17 27
0 2 32
14 12 6
2 17 5
8 3 19
7 10 18
10 11 14
1 9 8
15 9 12
1 11 5
1 14 33
9 13 5
0 16 11
15 2 18
20 3 6
8 20 16
7 20 31
17 18 19
23 24 25
23 26 27
21 22 28
21 27 30
21 26 29
22 25 0
22 24 3
23 29 30
25 28 32
24 28 31
30 33 19
29 33 4
31 32 13
202
{[25, 24, 19, 18, 5]}
{[17, 16, 14, 12, 10]}
34
15 4 27
10 12 13
16 4 6
7 17 30
0 2 31
14 12 6
2 17 5
8 3 19
7 10 18
10 11 14
1 9 8
15 9 12
1 11 5
1 14 32
9 13 5
0 16 11
15 2 18
20 3 6
8 20 16
7 20 33
17 18 19
23 24 25
23 26 27
21 22 28
21 27 30
21 26 29
22 25 31
22 24 0
23 29 30
25 28 33
24 28 3
26 32 4
31 33 13
29 32 19
203
{[25, 24, 19, 18, 5]}
{[16, 13, 12, 11, 10]}
34
15 4 31
10 12 13
16 4 6
7 17 33
0 2 32
14 12 6
2 17 5
8 3 19
7 10 18
10 11 14
1 9 8
15 9 12
1 11 5
1 14 27
9 13 5
0 16 11
15 2 18
20 3 6
8 20 16
7 20 26
17 18 19
23 24 25
23 26 27
21 22 28
21 27 30
21 26 29
22 25 19
22 24 13
23 29 30
25 28 32
24 28 31
30 33 0
29 33 4
31 32 3
204
{[25, 24, 19, 18, 5]}
{[17, 16, 14, 12, 10]}
34
15 4 33
10 12 13
16 4 6
7 17 32
0 2 31
14 12 6
2 17 5
8 3 19
7 10 18
10 11 14
1 9 8
15 9 12
1 11 5
1 14 30
9 13 5
0 16 11
15 2 18
20 3 6
8 20 16
7 20 27
17 18 19
23 24 25
23 26 27
21 22 28
21 27 30
21 26 29
22 25 31
22 24 19
23 29 30
25 28 33
24 28 13
26 32 4
31 33 3
29 32 0
205
{[25, 24, 19, 18, 5]}
{[17, 16, 15, 13, 11]}
34
15 4 31
10 12 13
16 4 6
7 17 32
0 2 33
14 12 6
2 17 5
8 3 19
7 10 18
10 11 14
1 9 8
15 9 12
1 11 5
1 14 26
9 13 5
0 16 11
15 2 18
20 3 6
8 20 16
7 20 29
17 18 19
23 24 25
23 26 27
21 22 28
21 27 30
21 26 29
22 25 13
22 24 31
23 29 30
25 28 19
24 28 33
27 32 0
31 33 3
30 32 4
206
{[25, 24, 19, 18, 5]}
{[17, 16, 15, 13, 11]}
34
15 4 29
10 12 13
16 4 6
7 17 26
0 2 33
14 12 6
2 17 5
8 3 19
7 10 18
10 11 14
1 9 8
15 9 12
1 11 5
1 14 32
9 13 5
0 16 11
15 2 18
20 3 6
8 20 16
7 20 31
17 18 19
23 24 25
23 26 27
21 22 28
21 27 30
21 26 29
22 25 3
22 24 31
23 29 30
25 28 0
24 28 33
27 32 19
31 33 13
30 32 4
207
{[25, 24, 19, 18, 5]}
{[17, 15, 14, 13, 12]}
34
15 4 32
10 12 13
16 4 6
7 17 33
0 2 31
14 12 6
2 17 5
8 3 19
7 10 18
10 11 14
1 9 8
15 9 12
1 11 5
1 14 29
9 13 5
0 16 11
15 2 18
20 3 6
8 20 16
7 20 30
17 18 19
23 24 25
23 26 27
21 22 28
21 27 30
21 26 29
22 25 32
22 24 31
23 29 30
25 28 13
24 28 19
27 33 4
26 33 0
31 32 3
208
{[25, 24, 19, 18, 5]}
{[17, 15, 14, 13, 12]}
34
15 4 30
10 12 13
16 4 6
7 17 29
0 2 31
14 12 6
2 17 5
8 3 19
7 10 18
10 11 14
1 9 8
15 9 12
1 11 5
1 14 33
9 13 5
0 16 11
15 2 18
20 3 6
8 20 16
7 20 32
17 18 19
23 24 25
23 26 27
21 22 28
21 27 30
21 26 29
22 25 32
22 24 31
23 29 30
25 28 3
24 28 0
27 33 4
26 33 19
31 32 13
209
{[25, 24, 19, 18, 5]}
{[5, 4, 2, 1, 0]}
34
15 4 23
10 12 13
16 4 6
7 17 24
0 2 22
14 12 6
2 17 5
8 3 19
7 10 18
10 11 14
1 9 8
15 9 12
1 11 5
1 14 21
9 13 5
0 16 11
15 2 18
20 3 6
8 20 16
7 20 27
17 18 19
22 25 13
21 26 4
24 25 0
23 31 3
21 23 30
22 28 32
29 32 19
26 29 30
27 28 31
25 28 33
24 29 33
26 27 33
30 31 32
210
{[25, 24, 19, 18, 5]}
{[6, 3, 2, 1, 0]}
34
15 4 26
10 12 13
16 4 6
7 17 23
0 2 25
14 12 6
2 17 5
8 3 19
7 10 18
10 11 14
1 9 8
15 9 12
1 11 5
1 14 22
9 13 5
0 16 11
15 2 18
20 3 6
8 20 16
7 20 21
17 18 19
22 24 19
21 27 13
24 25 3
21 23 31
23 30 4
28 32 0
22 29 32
26 29 30
27 28 31
25 28 33
24 29 33
26 27 33
30 31 32
211
{[25, 24, 19, 18, 5]}
{[8, 7, 4, 2, 0]}
34
15 4 31
10 12 13
16 4 6
7 17 21
0 2 23
14 12 6
2 17 5
8 3 19
7 10 18
10 11 14
1 9 8
15 9 12
1 11 5
1 14 25
9 13 5
0 16 11
15 2 18
20 3 6
8 20 16
7 20 22
17 18 19
23 24 3
24 25 19
21 27 4
21 22 26
22 30 13
24 28 32
23 29 32
26 29 30
27 28 31
25 28 33
29 33 0
26 27 33
30 31 32
212
{[25, 24, 19, 18, 5]}
{[9, 7, 3, 2, 0]}
34
15 4 21
10 12 13
16 4 6
7 17 24
0 2 25
14 12 6
2 17 5
8 3 19
7 10 18
10 11 14
1 9 8
15 9 12
1 11 5
1 14 22
9 13 5
0 16 11
15 2 18
20 3 6
8 20 16
7 20 30
17 18 19
23 24 0
23 25 13
21 22 27
21 26 3
22 31 4
24 28 32
23 29 32
26 29 30
27 28 31
28 33 19
25 29 33
26 27 33
30 31 32
213
{[25, 24, 19, 18, 5]}
{[6, 3, 2, 1, 0]}
34
15 4 21
10 12 13
16 4 6
7 17 22
0 2 25
14 12 6
2 17 5
8 3 19
7 10 18
10 11 14
1 9 8
15 9 12
1 11 5
1 14 23
9 13 5
0 16 11
15 2 18
20 3 6
8 20 16
7 20 26
17 18 19
22 24 0
21 27 3
24 25 13
21 23 31
23 30 4
28 32 19
22 29 32
26 29 30
27 28 31
25 28 33
24 29 33
26 27 33
30 31 32
214
{[25, 24, 19, 18, 5]}
{[9, 7, 3, 2, 0]}
34
15 4 30
10 12 13
16 4 6
7 17 22
0 2 25
14 12 6
2 17 5
8 3 19
7 10 18
10 11 14
1 9 8
15 9 12
1 11 5
1 14 24
9 13 5
0 16 11
15 2 18
20 3 6
8 20 16
7 20 21
17 18 19
23 24 19
23 25 3
21 22 27
21 26 13
22 31 4
24 28 32
23 29 32
26 29 30
27 28 31
28 33 0
25 29 33
26 27 33
30 31 32
215
{[25, 24, 19, 18, 5]}
{[5, 4, 2, 1, 0]}
34
15 4 27
10 12 13
16 4 6
7 17 21
0 2 22
14 12 6
2 17 5
8 3 19
7 10 18
10 11 14
1 9 8
15 9 12
1 11 5
1 14 24
9 13 5
0 16 11
15 2 18
20 3 6
8 20 16
7 20 23
17 18 19
22 25 3
21 26 4
24 25 19
23 31 13
21 23 30
22 28 32
29 32 0
26 29 30
27 28 31
25 28 33
24 29 33
26 27 33
30 31 32
216
{[25, 24, 19, 18, 5]}
{[8, 7, 4, 2, 0]}
34
15 4 22
10 12 13
16 4 6
7 17 25
0 2 23
14 12 6
2 17 5
8 3 19
7 10 18
10 11 14
1 9 8
15 9 12
1 11 5
1 14 21
9 13 5
0 16 11
15 2 18
20 3 6
8 20 16
7 20 31
17 18 19
23 24 13
24 25 0
21 27 4
21 22 26
22 30 3
24 28 32
23 29 32
26 29 30
27 28 31
25 28 33
29 33 19
26 27 33
30 31 32
217
{[25, 24, 19, 18, 5]}
{[16, 13, 12, 11, 10]}
34
15 4 31
10 12 13
16 4 6
7 17 33
0 2 32
14 12 6
2 17 5
8 3 19
7 10 18
10 11 14
1 9 8
15 9 12
1 11 5
1 14 27
9 13 5
0 16 11
15 2 18
20 3 6
8 20 16
7 20 26
17 18 19
23 24 25
23 26 27
21 22 28
21 27 30
21 26 29
22 25 19
22 24 13
23 29 30
25 28 32
24 28 31
30 33 0
29 33 4
31 32 3
218
{[25, 24, 19, 18, 5]}
{[17, 16, 14, 12, 10]}
34
15 4 33
10 12 13
16 4 6
7 17 32
0 2 31
14 12 6
2 17 5
8 3 19
7 10 18
10 11 14
1 9 8
15 9 12
1 11 5
1 14 30
9 13 5
0 16 11
15 2 18
20 3 6
8 20 16
7 20 27
17 18 19
23 24 25
23 26 27
21 22 28
21 27 30
21 26 29
22 25 31
22 24 19
23 29 30
25 28 33
24 28 13
26 32 4
31 33 3
29 32 0
219
{[25, 24, 19, 18, 5]}
{[16, 13, 12, 11, 10]}
34
15 4 26
10 12 13
16 4 6
7 17 27
0 2 32
14 12 6
2 17 5
8 3 19
7 10 18
10 11 14
1 9 8
15 9 12
1 11 5
1 14 33
9 13 5
0 16 11
15 2 18
20 3 6
8 20 16
7 20 31
17 18 19
23 24 25
23 26 27
21 22 28
21 27 30
21 26 29
22 25 0
22 24 3
23 29 30
25 28 32
24 28 31
30 33 19
29 33 4
31 32 13
220
{[25, 24, 19, 18, 5]}
{[17, 16, 14, 12, 10]}
34
15 4 27
10 12 13
16 4 6
7 17 30
0 2 31
14 12 6
2 17 5
8 3 19
7 10 18
10 11 14
1 9 8
15 9 12
1 11 5
1 14 32
9 13 5
0 16 11
15 2 18
20 3 6
8 20 16
7 20 33
17 18 19
23 24 25
23 26 27
21 22 28
21 27 30
21 26 29
22 25 31
22 24 0
23 29 30
25 28 33
24 28 3
26 32 4
31 33 13
29 32 19
221
{[25, 24, 19, 18, 5]}
{[17, 16, 15, 13, 11]}
34
15 4 29
10 12 13
16 4 6
7 17 26
0 2 33
14 12 6
2 17 5
8 3 19
7 10 18
10 11 14
1 9 8
15 9 12
1 11 5
1 14 32
9 13 5
0 16 11
15 2 18
20 3 6
8 20 16
7 20 31
17 18 19
23 24 25
23 26 27
21 22 28
21 27 30
21 26 29
22 25 3
22 24 31
23 29 30
25 28 0
24 28 33
27 32 19
31 33 13
30 32 4
222
{[25, 24, 19, 18, 5]}
{[17, 16, 15, 13, 11]}
34
15 4 31
10 12 13
16 4 6
7 17 32
0 2 33
14 12 6
2 17 5
8 3 19
7 10 18
10 11 14
1 9 8
15 9 12
1 11 5
1 14 26
9 13 5
0 16 11
15 2 18
20 3 6
8 20 16
7 20 29
17 18 19
23 24 25
23 26 27
21 22 28
21 27 30
21 26 29
22 25 13
22 24 31
23 29 30
25 28 19
24 28 33
27 32 0
31 33 3
30 32 4
223
{[25, 24, 19, 18, 5]}
{[17, 15, 14, 13, 12]}
34
15 4 30
10 12 13
16 4 6
7 17 29
0 2 31
14 12 6
2 17 5
8 3 19
7 10 18
10 11 14
1 9 8
15 9 12
1 11 5
1 14 33
9 13 5
0 16 11
15 2 18
20 3 6
8 20 16
7 20 32
17 18 19
23 24 25
23 26 27
21 22 28
21 27 30
21 26 29
22 25 32
22 24 31
23 29 30
25 28 3
24 28 0
27 33 4
26 33 19
31 32 13
224
{[25, 24, 19, 18, 5]}
{[17, 15, 14, 13, 12]}
34
15 4 32
10 12 13
16 4 6
7 17 33
0 2 31
14 12 6
2 17 5
8 3 19
7 10 18
10 11 14
1 9 8
15 9 12
1 11 5
1 14 29
9 13 5
0 16 11
15 2 18
20 3 6
8 20 16
7 20 30
17 18 19
23 24 25
23 26 27
21 22 28
21 27 30
21 26 29
22 25 32
22 24 31
23 29 30
25 28 13
24 28 19
27 33 4
26 33 0
31 32 3
225
{[15, 13, 12, 10, 6]}
{[5, 4, 2, 1, 0]}
34
11 19 4
9 10 27
12 4 6
7 20 15
0 2 5
20 14 4
2 15 23
8 3 17
7 9 16
1 8 22
1 14 24
0 12 21
11 2 16
19 14 17
13 5 10
18 3 6
8 18 12
7 13 18
15 16 17
0 20 13
19 3 5
22 25 11
21 26 9
24 25 6
23 31 10
21 23 30
22 28 32
29 32 1
26 29 30
27 28 31
25 28 33
24 29 33
26 27 33
30 31 32
226
{[15, 13, 12, 10, 6]}
{[6, 3, 2, 1, 0]}
34
11 19 4
9 10 21
12 4 6
7 20 15
0 2 5
20 14 4
2 15 26
8 3 17
7 9 16
1 8 25
1 14 23
0 12 22
11 2 16
19 14 17
13 5 10
18 3 6
8 18 12
7 13 18
15 16 17
0 20 13
19 3 5
22 24 1
21 27 11
24 25 10
21 23 31
23 30 9
28 32 6
22 29 32
26 29 30
27 28 31
25 28 33
24 29 33
26 27 33
30 31 32
227
{[15, 13, 12, 10, 6]}
{[8, 7, 4, 2, 0]}
34
11 19 4
9 10 22
12 4 6
7 20 15
0 2 5
20 14 4
2 15 31
8 3 17
7 9 16
1 8 23
1 14 21
0 12 25
11 2 16
19 14 17
13 5 10
18 3 6
8 18 12
7 13 18
15 16 17
0 20 13
19 3 5
23 24 10
24 25 1
21 27 9
21 22 26
22 30 11
24 28 32
23 29 32
26 29 30
27 28 31
25 28 33
29 33 6
26 27 33
30 31 32
228
{[15, 13, 12, 10, 6]}
{[9, 7, 3, 2, 0]}
34
11 19 4
9 10 30
12 4 6
7 20 15
0 2 5
20 14 4
2 15 21
8 3 17
7 9 16
1 8 25
1 14 24
0 12 22
11 2 16
19 14 17
13 5 10
18 3 6
8 18 12
7 13 18
15 16 17
0 20 13
19 3 5
23 24 6
23 25 11
21 22 27
21 26 10
22 31 9
24 28 32
23 29 32
26 29 30
27 28 31
28 33 1
25 29 33
26 27 33
30 31 32
229
{[15, 13, 12, 10, 6]}
{[6, 3, 2, 1, 0]}
34
11 19 4
9 10 26
12 4 6
7 20 15
0 2 5
20 14 4
2 15 21
8 3 17
7 9 16
1 8 25
1 14 22
0 12 23
11 2 16
19 14 17
13 5 10
18 3 6
8 18 12
7 13 18
15 16 17
0 20 13
19 3 5
22 24 6
21 27 10
24 25 11
21 23 31
23 30 9
28 32 1
22 29 32
26 29 30
27 28 31
25 28 33
24 29 33
26 27 33
30 31 32
230
{[15, 13, 12, 10, 6]}
{[9, 7, 3, 2, 0]}
34
11 19 4
9 10 21
12 4 6
7 20 15
0 2 5
20 14 4
2 15 30
8 3 17
7 9 16
1 8 25
1 14 22
0 12 24
11 2 16
19 14 17
13 5 10
18 3 6
8 18 12
7 13 18
15 16 17
0 20 13
19 3 5
23 24 1
23 25 10
21 22 27
21 26 11
22 31 9
24 28 32
23 29 32
26 29 30
27 28 31
28 33 6
25 29 33
26 27 33
30 31 32
231
{[15, 13, 12, 10, 6]}
{[5, 4, 2, 1, 0]}
34
11 19 4
9 10 23
12 4 6
7 20 15
0 2 5
20 14 4
2 15 27
8 3 17
7 9 16
1 8 22
1 14 21
0 12 24
11 2 16
19 14 17
13 5 10
18 3 6
8 18 12
7 13 18
15 16 17
0 20 13
19 3 5
22 25 10
21 26 9
24 25 1
23 31 11
21 23 30
22 28 32
29 32 6
26 29 30
27 28 31
25 28 33
24 29 33
26 27 33
30 31 32
232
{[15, 13, 12, 10, 6]}
{[8, 7, 4, 2, 0]}
34
11 19 4
9 10 31
12 4 6
7 20 15
0 2 5
20 14 4
2 15 22
8 3 17
7 9 16
1 8 23
1 14 25
0 12 21
11 2 16
19 14 17
13 5 10
18 3 6
8 18 12
7 13 18
15 16 17
0 20 13
19 3 5
23 24 11
24 25 6
21 27 9
21 22 26
22 30 10
24 28 32
23 29 32
26 29 30
27 28 31
25 28 33
29 33 1
26 27 33
30 31 32
233
{[15, 13, 12, 10, 6]}
{[16, 13, 12, 11, 10]}
34
11 19 4
9 10 26
12 4 6
7 20 15
0 2 5
20 14 4
2 15 31
8 3 17
7 9 16
1 8 32
1 14 33
0 12 27
11 2 16
19 14 17
13 5 10
18 3 6
8 18 12
7 13 18
15 16 17
0 20 13
19 3 5
23 24 25
23 26 27
21 22 28
21 27 30
21 26 29
22 25 1
22 24 11
23 29 30
25 28 32
24 28 31
30 33 6
29 33 9
31 32 10
234
{[15, 13, 12, 10, 6]}
{[17, 16, 14, 12, 10]}
34
11 19 4
9 10 27
12 4 6
7 20 15
0 2 5
20 14 4
2 15 33
8 3 17
7 9 16
1 8 31
1 14 32
0 12 30
11 2 16
19 14 17
13 5 10
18 3 6
8 18 12
7 13 18
15 16 17
0 20 13
19 3 5
23 24 25
23 26 27
21 22 28
21 27 30
21 26 29
22 25 31
22 24 1
23 29 30
25 28 33
24 28 11
26 32 9
31 33 10
29 32 6
235
{[15, 13, 12, 10, 6]}
{[16, 13, 12, 11, 10]}
34
11 19 4
9 10 31
12 4 6
7 20 15
0 2 5
20 14 4
2 15 26
8 3 17
7 9 16
1 8 32
1 14 27
0 12 33
11 2 16
19 14 17
13 5 10
18 3 6
8 18 12
7 13 18
15 16 17
0 20 13
19 3 5
23 24 25
23 26 27
21 22 28
21 27 30
21 26 29
22 25 6
22 24 10
23 29 30
25 28 32
24 28 31
30 33 1
29 33 9
31 32 11
236
{[15, 13, 12, 10, 6]}
{[17, 16, 14, 12, 10]}
34
11 19 4
9 10 33
12 4 6
7 20 15
0 2 5
20 14 4
2 15 27
8 3 17
7 9 16
1 8 31
1 14 30
0 12 32
11 2 16
19 14 17
13 5 10
18 3 6
8 18 12
7 13 18
15 16 17
0 20 13
19 3 5
23 24 25
23 26 27
21 22 28
21 27 30
21 26 29
22 25 31
22 24 6
23 29 30
25 28 33
24 28 10
26 32 9
31 33 11
29 32 1
237
{[15, 13, 12, 10, 6]}
{[17, 16, 15, 13, 11]}
34
11 19 4
9 10 31
12 4 6
7 20 15
0 2 5
20 14 4
2 15 29
8 3 17
7 9 16
1 8 33
1 14 26
0 12 32
11 2 16
19 14 17
13 5 10
18 3 6
8 18 12
7 13 18
15 16 17
0 20 13
19 3 5
23 24 25
23 26 27
21 22 28
21 27 30
21 26 29
22 25 10
22 24 31
23 29 30
25 28 6
24 28 33
27 32 1
31 33 11
30 32 9
238
{[15, 13, 12, 10, 6]}
{[17, 16, 15, 13, 11]}
34
11 19 4
9 10 29
12 4 6
7 20 15
0 2 5
20 14 4
2 15 31
8 3 17
7 9 16
1 8 33
1 14 32
0 12 26
11 2 16
19 14 17
13 5 10
18 3 6
8 18 12
7 13 18
15 16 17
0 20 13
19 3 5
23 24 25
23 26 27
21 22 28
21 27 30
21 26 29
22 25 11
22 24 31
23 29 30
25 28 1
24 28 33
27 32 6
31 33 10
30 32 9
239
{[15, 13, 12, 10, 6]}
{[17, 15, 14, 13, 12]}
34
11 19 4
9 10 32
12 4 6
7 20 15
0 2 5
20 14 4
2 15 30
8 3 17
7 9 16
1 8 31
1 14 29
0 12 33
11 2 16
19 14 17
13 5 10
18 3 6
8 18 12
7 13 18
15 16 17
0 20 13
19 3 5
23 24 25
23 26 27
21 22 28
21 27 30
21 26 29
22 25 32
22 24 31
23 29 30
25 28 10
24 28 6
27 33 9
26 33 1
31 32 11
240
{[15, 13, 12, 10, 6]}
{[17, 15, 14, 13, 12]}
34
11 19 4
9 10 30
12 4 6
7 20 15
0 2 5
20 14 4
2 15 32
8 3 17
7 9 16
1 8 31
1 14 33
0 12 29
11 2 16
19 14 17
13 5 10
18 3 6
8 18 12
7 13 18
15 16 17
0 20 13
19 3 5
23 24 25
23 26 27
21 22 28
21 27 30
21 26 29
22 25 32
22 24 31
23 29 30
25 28 11
24 28 1
27 33 9
26 33 6
31 32 10
241
{[15, 13, 12, 10, 6]}
{[5, 4, 2, 1, 0]}
34
11 19 4
9 10 23
12 4 6
7 20 15
0 2 5
20 14 4
2 15 27
8 3 17
7 9 16
1 8 22
1 14 21
0 12 24
11 2 16
19 14 17
13 5 10
18 3 6
8 18 12
7 13 18
15 16 17
0 20 13
19 3 5
22 25 10
21 26 9
24 25 1
23 31 11
21 23 30
22 28 32
29 32 6
26 29 30
27 28 31
25 28 33
24 29 33
26 27 33
30 31 32
242
{[15, 13, 12, 10, 6]}
{[6, 3, 2, 1, 0]}
34
11 19 4
9 10 26
12 4 6
7 20 15
0 2 5
20 14 4
2 15 21
8 3 17
7 9 16
1 8 25
1 14 22
0 12 23
11 2 16
19 14 17
13 5 10
18 3 6
8 18 12
7 13 18
15 16 17
0 20 13
19 3 5
22 24 6
21 27 10
24 25 11
21 23 31
23 30 9
28 32 1
22 29 32
26 29 30
27 28 31
25 28 33
24 29 33
26 27 33
30 31 32
243
{[15, 13, 12, 10, 6]}
{[8, 7, 4, 2, 0]}
34
11 19 4
9 10 31
12 4 6
7 20 15
0 2 5
20 14 4
2 15 22
8 3 17
7 9 16
1 8 23
1 14 25
0 12 21
11 2 16
19 14 17
13 5 10
18 3 6
8 18 12
7 13 18
15 16 17
0 20 13
19 3 5
23 24 11
24 25 6
21 27 9
21 22 26
22 30 10
24 28 32
23 29 32
26 29 30
27 28 31
25 28 33
29 33 1
26 27 33
30 31 32
244
{[15, 13, 12, 10, 6]}
{[9, 7, 3, 2, 0]}
34
11 19 4
9 10 21
12 4 6
7 20 15
0 2 5
20 14 4
2 15 30
8 3 17
7 9 16
1 8 25
1 14 22
0 12 24
11 2 16
19 14 17
13 5 10
18 3 6
8 18 12
7 13 18
15 16 17
0 20 13
19 3 5
23 24 1
23 25 10
21 22 27
21 26 11
22 31 9
24 28 32
23 29 32
26 29 30
27 28 31
28 33 6
25 29 33
26 27 33
30 31 32
245
{[15, 13, 12, 10, 6]}
{[6, 3, 2, 1, 0]}
34
11 19 4
9 10 21
12 4 6
7 20 15
0 2 5
20 14 4
2 15 26
8 3 17
7 9 16
1 8 25
1 14 23
0 12 22
11 2 16
19 14 17
13 5 10
18 3 6
8 18 12
7 13 18
15 16 17
0 20 13
19 3 5
22 24 1
21 27 11
24 25 10
21 23 31
23 30 9
28 32 6
22 29 32
26 29 30
27 28 31
25 28 33
24 29 33
26 27 33
30 31 32
246
{[15, 13, 12, 10, 6]}
{[9, 7, 3, 2, 0]}
34
11 19 4
9 10 30
12 4 6
7 20 15
0 2 5
20 14 4
2 15 21
8 3 17
7 9 16
1 8 25
1 14 24
0 12 22
11 2 16
19 14 17
13 5 10
18 3 6
8 18 12
7 13 18
15 16 17
0 20 13
19 3 5
23 24 6
23 25 11
21 22 27
21 26 10
22 31 9
24 28 32
23 29 32
26 29 30
27 28 31
28 33 1
25 29 33
26 27 33
30 31 32
247
{[15, 13, 12, 10, 6]}
{[5, 4, 2, 1, 0]}
34
11 19 4
9 10 27
12 4 6
7 20 15
0 2 5
20 14 4
2 15 23
8 3 17
7 9 16
1 8 22
1 14 24
0 12 21
11 2 16
19 14 17
13 5 10
18 3 6
8 18 12
7 13 18
15 16 17
0 20 13
19 3 5
22 25 11
21 26 9
24 25 6
23 31 10
21 23 30
22 28 32
29 32 1
26 29 30
27 28 31
25 28 33
24 29 33
26 27 33
30 31 32
248
{[15, 13, 12, 10, 6]}
{[8, 7, 4, 2, 0]}
34
11 19 4
9 10 22
12 4 6
7 20 15
0 2 5
20 14 4
2 15 31
8 3 17
7 9 16
1 8 23
1 14 21
0 12 25
11 2 16
19 14 17
13 5 10
18 3 6
8 18 12
7 13 18
15 16 17
0 20 13
19 3 5
23 24 10
24 25 1
21 27 9
21 22 26
22 30 11
24 28 32
23 29 32
26 29 30
27 28 31
25 28 33
29 33 6
26 27 33
30 31 32
249
{[15, 13, 12, 10, 6]}
{[16, 13, 12, 11, 10]}
34
11 19 4
9 10 31
12 4 6
7 20 15
0 2 5
20 14 4
2 15 26
8 3 17
7 9 16
1 8 32
1 14 27
0 12 33
11 2 16
19 14 17
13 5 10
18 3 6
8 18 12
7 13 18
15 16 17
0 20 13
19 3 5
23 24 25
23 26 27
21 22 28
21 27 30
21 26 29
22 25 6
22 24 10
23 29 30
25 28 32
24 28 31
30 33 1
29 33 9
31 32 11
250
{[15, 13, 12, 10, 6]}
{[17, 16, 14, 12, 10]}
34
11 19 4
9 10 33
12 4 6
7 20 15
0 2 5
20 14 4
2 15 27
8 3 17
7 9 16
1 8 31
1 14 30
0 12 32
11 2 16
19 14 17
13 5 10
18 3 6
8 18 12
7 13 18
15 16 17
0 20 13
19 3 5
23 24 25
23 26 27
21 22 28
21 27 30
21 26 29
22 25 31
22 24 6
23 29 30
25 28 33
24 28 10
26 32 9
31 33 11
29 32 1
251
{[15, 13, 12, 10, 6]}
{[16, 13, 12, 11, 10]}
34
11 19 4
9 10 26
12 4 6
7 20 15
0 2 5
20 14 4
2 15 31
8 3 17
7 9 16
1 8 32
1 14 33
0 12 27
11 2 16
19 14 17
13 5 10
18 3 6
8 18 12
7 13 18
15 16 17
0 20 13
19 3 5
23 24 25
23 26 27
21 22 28
21 27 30
21 26 29
22 25 1
22 24 11
23 29 30
25 28 32
24 28 31
30 33 6
29 33 9
31 32 10
252
{[15, 13, 12, 10, 6]}
{[17, 16, 14, 12, 10]}
34
11 19 4
9 10 27
12 4 6
7 20 15
0 2 5
20 14 4
2 15 33
8 3 17
7 9 16
1 8 31
1 14 32
0 12 30
11 2 16
19 14 17
13 5 10
18 3 6
8 18 12
7 13 18
15 16 17
0 20 13
19 3 5
23 24 25
23 26 27
21 22 28
21 27 30
21 26 29
22 25 31
22 24 1
23 29 30
25 28 33
24 28 11
26 32 9
31 33 10
29 32 6
253
{[15, 13, 12, 10, 6]}
{[17, 16, 15, 13, 11]}
34
11 19 4
9 10 29
12 4 6
7 20 15
0 2 5
20 14 4
2 15 31
8 3 17
7 9 16
1 8 33
1 14 32
0 12 26
11 2 16
19 14 17
13 5 10
18 3 6
8 18 12
7 13 18
15 16 17
0 20 13
19 3 5
23 24 25
23 26 27
21 22 28
21 27 30
21 26 29
22 25 11
22 24 31
23 29 30
25 28 1
24 28 33
27 32 6
31 33 10
30 32 9
254
{[15, 13, 12, 10, 6]}
{[17, 16, 15, 13, 11]}
34
11 19 4
9 10 31
12 4 6
7 20 15
0 2 5
20 14 4
2 15 29
8 3 17
7 9 16
1 8 33
1 14 26
0 12 32
11 2 16
19 14 17
13 5 10
18 3 6
8 18 12
7 13 18
15 16 17
0 20 13
19 3 5
23 24 25
23 26 27
21 22 28
21 27 30
21 26 29
22 25 10
22 24 31
23 29 30
25 28 6
24 28 33
27 32 1
31 33 11
30 32 9
255
{[15, 13, 12, 10, 6]}
{[17, 15, 14, 13, 12]}
34
11 19 4
9 10 30
12 4 6
7 20 15
0 2 5
20 14 4
2 15 32
8 3 17
7 9 16
1 8 31
1 14 33
0 12 29
11 2 16
19 14 17
13 5 10
18 3 6
8 18 12
7 13 18
15 16 17
0 20 13
19 3 5
23 24 25
23 26 27
21 22 28
21 27 30
21 26 29
22 25 32
22 24 31
23 29 30
25 28 11
24 28 1
27 33 9
26 33 6
31 32 10
256
{[15, 13, 12, 10, 6]}
{[17, 15, 14, 13, 12]}
34
11 19 4
9 10 32
12 4 6
7 20 15
0 2 5
20 14 4
2 15 30
8 3 17
7 9 16
1 8 31
1 14 29
0 12 33
11 2 16
19 14 17
13 5 10
18 3 6
8 18 12
7 13 18
15 16 17
0 20 13
19 3 5
23 24 25
23 26 27
21 22 28
21 27 30
21 26 29
22 25 32
22 24 31
23 29 30
25 28 10
24 28 6
27 33 9
26 33 1
31 32 11
257
{[23, 22, 21, 9, 8]}
{[5, 4, 2, 1, 0]}
34
14 19 4
9 11 12
15 4 7
20 18 22
0 2 5
20 17 4
13 11 7
2 18 6
9 10 13
1 8 24
14 8 11
1 10 6
1 17 13
8 12 6
0 15 10
14 2 23
19 17 21
16 5 12
3 7 27
0 20 16
19 3 5
22 25 16
21 26 3
24 25 15
23 31 9
21 23 30
22 28 32
29 32 18
26 29 30
27 28 31
25 28 33
24 29 33
26 27 33
30 31 32
258
{[23, 22, 21, 9, 8]}
{[6, 3, 2, 1, 0]}
34
14 19 4
9 11 12
15 4 7
20 18 25
0 2 5
20 17 4
13 11 7
2 18 6
9 10 13
1 8 23
14 8 11
1 10 6
1 17 13
8 12 6
0 15 10
14 2 26
19 17 22
16 5 12
3 7 21
0 20 16
19 3 5
22 24 18
21 27 16
24 25 9
21 23 31
23 30 3
28 32 15
22 29 32
26 29 30
27 28 31
25 28 33
24 29 33
26 27 33
30 31 32
259
{[23, 22, 21, 9, 8]}
{[8, 7, 4, 2, 0]}
34
14 19 4
9 11 12
15 4 7
20 18 23
0 2 5
20 17 4
13 11 7
2 18 6
9 10 13
1 8 21
14 8 11
1 10 6
1 17 13
8 12 6
0 15 10
14 2 31
19 17 25
16 5 12
3 7 22
0 20 16
19 3 5
23 24 9
24 25 18
21 27 3
21 22 26
22 30 16
24 28 32
23 29 32
26 29 30
27 28 31
25 28 33
29 33 15
26 27 33
30 31 32
260
{[23, 22, 21, 9, 8]}
{[9, 7, 3, 2, 0]}
34
14 19 4
9 11 12
15 4 7
20 18 25
0 2 5
20 17 4
13 11 7
2 18 6
9 10 13
1 8 24
14 8 11
1 10 6
1 17 13
8 12 6
0 15 10
14 2 21
19 17 22
16 5 12
3 7 30
0 20 16
19 3 5
23 24 15
23 25 16
21 22 27
21 26 9
22 31 3
24 28 32
23 29 32
26 29 30
27 28 31
28 33 18
25 29 33
26 27 33
30 31 32
261
{[23, 22, 21, 9, 8]}
{[6, 3, 2, 1, 0]}
34
14 19 4
9 11 12
15 4 7
20 18 25
0 2 5
20 17 4
13 11 7
2 18 6
9 10 13
1 8 22
14 8 11
1 10 6
1 17 13
8 12 6
0 15 10
14 2 21
19 17 23
16 5 12
3 7 26
0 20 16
19 3 5
22 24 15
21 27 9
24 25 16
21 23 31
23 30 3
28 32 18
22 29 32
26 29 30
27 28 31
25 28 33
24 29 33
26 27 33
30 31 32
262
{[23, 22, 21, 9, 8]}
{[9, 7, 3, 2, 0]}
34
14 19 4
9 11 12
15 4 7
20 18 25
0 2 5
20 17 4
13 11 7
2 18 6
9 10 13
1 8 22
14 8 11
1 10 6
1 17 13
8 12 6
0 15 10
14 2 30
19 17 24
16 5 12
3 7 21
0 20 16
19 3 5
23 24 18
23 25 9
21 22 27
21 26 16
22 31 3
24 28 32
23 29 32
26 29 30
27 28 31
28 33 15
25 29 33
26 27 33
30 31 32
263
{[23, 22, 21, 9, 8]}
{[5, 4, 2, 1, 0]}
34
14 19 4
9 11 12
15 4 7
20 18 22
0 2 5
20 17 4
13 11 7
2 18 6
9 10 13
1 8 21
14 8 11
1 10 6
1 17 13
8 12 6
0 15 10
14 2 27
19 17 24
16 5 12
3 7 23
0 20 16
19 3 5
22 25 9
21 26 3
24 25 18
23 31 16
21 23 30
22 28 32
29 32 15
26 29 30
27 28 31
25 28 33
24 29 33
26 27 33
30 31 32
264
{[23, 22, 21, 9, 8]}
{[8, 7, 4, 2, 0]}
34
14 19 4
9 11 12
15 4 7
20 18 23
0 2 5
20 17 4
13 11 7
2 18 6
9 10 13
1 8 25
14 8 11
1 10 6
1 17 13
8 12 6
0 15 10
14 2 22
19 17 21
16 5 12
3 7 31
0 20 16
19 3 5
23 24 16
24 25 15
21 27 3
21 22 26
22 30 9
24 28 32
23 29 32
26 29 30
27 28 31
25 28 33
29 33 18
26 27 33
30 31 32
265
{[23, 22, 21, 9, 8]}
{[16, 13, 12, 11, 10]}
34
14 19 4
9 11 12
15 4 7
20 18 32
0 2 5
20 17 4
13 11 7
2 18 6
9 10 13
1 8 33
14 8 11
1 10 6
1 17 13
8 12 6
0 15 10
14 2 31
19 17 27
16 5 12
3 7 26
0 20 16
19 3 5
23 24 25
23 26 27
21 22 28
21 27 30
21 26 29
22 25 18
22 24 16
23 29 30
25 28 32
24 28 31
30 33 15
29 33 3
31 32 9
266
{[23, 22, 21, 9, 8]}
{[17, 16, 14, 12, 10]}
34
14 19 4
9 11 12
15 4 7
20 18 31
0 2 5
20 17 4
13 11 7
2 18 6
9 10 13
1 8 32
14 8 11
1 10 6
1 17 13
8 12 6
0 15 10
14 2 33
19 17 30
16 5 12
3 7 27
0 20 16
19 3 5
23 24 25
23 26 27
21 22 28
21 27 30
21 26 29
22 25 31
22 24 18
23 29 30
25 28 33
24 28 16
26 32 3
31 33 9
29 32 15
267
{[23, 22, 21, 9, 8]}
{[16, 13, 12, 11, 10]}
34
14 19 4
9 11 12
15 4 7
20 18 32
0 2 5
20 17 4
13 11 7
2 18 6
9 10 13
1 8 27
14 8 11
1 10 6
1 17 13
8 12 6
0 15 10
14 2 26
19 17 33
16 5 12
3 7 31
0 20 16
19 3 5
23 24 25
23 26 27
21 22 28
21 27 30
21 26 29
22 25 15
22 24 9
23 29 30
25 28 32
24 28 31
30 33 18
29 33 3
31 32 16
268
{[23, 22, 21, 9, 8]}
{[17, 16, 14, 12, 10]}
34
14 19 4
9 11 12
15 4 7
20 18 31
0 2 5
20 17 4
13 11 7
2 18 6
9 10 13
1 8 30
14 8 11
1 10 6
1 17 13
8 12 6
0 15 10
14 2 27
19 17 32
16 5 12
3 7 33
0 20 16
19 3 5
23 24 25
23 26 27
21 22 28
21 27 30
21 26 29
22 25 31
22 24 15
23 29 30
25 28 33
24 28 9
26 32 3
31 33 16
29 32 18
269
{[23, 22, 21, 9, 8]}
{[17, 16, 15, 13, 11]}
34
14 19 4
9 11 12
15 4 7
20 18 33
0 2 5
20 17 4
13 11 7
2 18 6
9 10 13
1 8 26
14 8 11
1 10 6
1 17 13
8 12 6
0 15 10
14 2 29
19 17 32
16 5 12
3 7 31
0 20 16
19 3 5
23 24 25
23 26 27
21 22 28
21 27 30
21 26 29
22 25 9
22 24 31
23 29 30
25 28 15
24 28 33
27 32 18
31 33 16
30 32 3
270
{[23, 22, 21, 9, 8]}
{[17, 16, 15, 13, 11]}
34
14 19 4
9 11 12
15 4 7
20 18 33
0 2 5
20 17 4
13 11 7
2 18 6
9 10 13
1 8 32
14 8 11
1 10 6
1 17 13
8 12 6
0 15 10
14 2 31
19 17 26
16 5 12
3 7 29
0 20 16
19 3 5
23 24 25
23 26 27
21 22 28
21 27 30
21 26 29
22 25 16
22 24 31
23 29 30
25 28 18
24 28 33
27 32 15
31 33 9
30 32 3
271
{[23, 22, 21, 9, 8]}
{[17, 15, 14, 13, 12]}
34
14 19 4
9 11 12
15 4 7
20 18 31
0 2 5
20 17 4
13 11 7
2 18 6
9 10 13
1 8 29
14 8 11
1 10 6
1 17 13
8 12 6
0 15 10
14 2 30
19 17 33
16 5 12
3 7 32
0 20 16
19 3 5
23 24 25
23 26 27
21 22 28
21 27 30
21 26 29
22 25 32
22 24 31
23 29 30
25 28 9
24 28 15
27 33 3
26 33 18
31 32 16
272
{[23, 22, 21, 9, 8]}
{[17, 15, 14, 13, 12]}
34
14 19 4
9 11 12
15 4 7
20 18 31
0 2 5
20 17 4
13 11 7
2 18 6
9 10 13
1 8 33
14 8 11
1 10 6
1 17 13
8 12 6
0 15 10
14 2 32
19 17 29
16 5 12
3 7 30
0 20 16
19 3 5
23 24 25
23 26 27
21 22 28
21 27 30
21 26 29
22 25 32
22 24 31
23 29 30
25 28 16
24 28 18
27 33 3
26 33 15
31 32 9
273
{[23, 22, 21, 9, 8]}
{[5, 4, 2, 1, 0]}
34
14 19 4
9 11 12
15 4 7
20 18 22
0 2 5
20 17 4
13 11 7
2 18 6
9 10 13
1 8 21
14 8 11
1 10 6
1 17 13
8 12 6
0 15 10
14 2 27
19 17 24
16 5 12
3 7 23
0 20 16
19 3 5
22 25 9
21 26 3
24 25 18
23 31 16
21 23 30
22 28 32
29 32 15
26 29 30
27 28 31
25 28 33
24 29 33
26 27 33
30 31 32
274
{[23, 22, 21, 9, 8]}
{[6, 3, 2, 1, 0]}
34
14 19 4
9 11 12
15 4 7
20 18 25
0 2 5
20 17 4
13 11 7
2 18 6
9 10 13
1 8 22
14 8 11
1 10 6
1 17 13
8 12 6
0 15 10
14 2 21
19 17 23
16 5 12
3 7 26
0 20 16
19 3 5
22 24 15
21 27 9
24 25 16
21 23 31
23 30 3
28 32 18
22 29 32
26 29 30
27 28 31
25 28 33
24 29 33
26 27 33
30 31 32
275
{[23, 22, 21, 9, 8]}
{[8, 7, 4, 2, 0]}
34
14 19 4
9 11 12
15 4 7
20 18 23
0 2 5
20 17 4
13 11 7
2 18 6
9 10 13
1 8 25
14 8 11
1 10 6
1 17 13
8 12 6
0 15 10
14 2 22
19 17 21
16 5 12
3 7 31
0 20 16
19 3 5
23 24 16
24 25 15
21 27 3
21 22 26
22 30 9
24 28 32
23 29 32
26 29 30
27 28 31
25 28 33
29 33 18
26 27 33
30 31 32
276
{[23, 22, 21, 9, 8]}
{[9, 7, 3, 2, 0]}
34
14 19 4
9 11 12
15 4 7
20 18 25
0 2 5
20 17 4
13 11 7
2 18 6
9 10 13
1 8 22
14 8 11
1 10 6
1 17 13
8 12 6
0 15 10
14 2 30
19 17 24
16 5 12
3 7 21
0 20 16
19 3 5
23 24 18
23 25 9
21 22 27
21 26 16
22 31 3
24 28 32
23 29 32
26 29 30
27 28 31
28 33 15
25 29 33
26 27 33
30 31 32
277
{[23, 22, 21, 9, 8]}
{[6, 3, 2, 1, 0]}
34
14 19 4
9 11 12
15 4 7
20 18 25
0 2 5
20 17 4
13 11 7
2 18 6
9 10 13
1 8 23
14 8 11
1 10 6
1 17 13
8 12 6
0 15 10
14 2 26
19 17 22
16 5 12
3 7 21
0 20 16
19 3 5
22 24 18
21 27 16
24 25 9
21 23 31
23 30 3
28 32 15
22 29 32
26 29 30
27 28 31
25 28 33
24 29 33
26 27 33
30 31 32
278
{[23, 22, 21, 9, 8]}
{[9, 7, 3, 2, 0]}
34
14 19 4
9 11 12
15 4 7
20 18 25
0 2 5
20 17 4
13 11 7
2 18 6
9 10 13
1 8 24
14 8 11
1 10 6
1 17 13
8 12 6
0 15 10
14 2 21
19 17 22
16 5 12
3 7 30
0 20 16
19 3 5
23 24 15
23 25 16
21 22 27
21 26 9
22 31 3
24 28 32
23 29 32
26 29 30
27 28 31
28 33 18
25 29 33
26 27 33
30 31 32
279
{[23, 22, 21, 9, 8]}
{[5, 4, 2, 1, 0]}
34
14 19 4
9 11 12
15 4 7
20 18 22
0 2 5
20 17 4
13 11 7
2 18 6
9 10 13
1 8 24
14 8 11
1 10 6
1 17 13
8 12 6
0 15 10
14 2 23
19 17 21
16 5 12
3 7 27
0 20 16
19 3 5
22 25 16
21 26 3
24 25 15
23 31 9
21 23 30
22 28 32
29 32 18
26 29 30
27 28 31
25 28 33
24 29 33
26 27 33
30 31 32
280
{[23, 22, 21, 9, 8]}
{[8, 7, 4, 2, 0]}
34
14 19 4
9 11 12
15 4 7
20 18 23
0 2 5
20 17 4
13 11 7
2 18 6
9 10 13
1 8 21
14 8 11
1 10 6
1 17 13
8 12 6
0 15 10
14 2 31
19 17 25
16 5 12
3 7 22
0 20 16
19 3 5
23 24 9
24 25 18
21 27 3
21 22 26
22 30 16
24 28 32
23 29 32
26 29 30
27 28 31
25 28 33
29 33 15
26 27 33
30 31 32
281
{[23, 22, 21, 9, 8]}
{[16, 13, 12, 11, 10]}
34
14 19 4
9 11 12
15 4 7
20 18 32
0 2 5
20 17 4
13 11 7
2 18 6
9 10 13
1 8 27
14 8 11
1 10 6
1 17 13
8 12 6
0 15 10
14 2 26
19 17 33
16 5 12
3 7 31
0 20 16
19 3 5
23 24 25
23 26 27
21 22 28
21 27 30
21 26 29
22 25 15
22 24 9
23 29 30
25 28 32
24 28 31
30 33 18
29 33 3
31 32 16
282
{[23, 22, 21, 9, 8]}
{[17, 16, 14, 12, 10]}
34
14 19 4
9 11 12
15 4 7
20 18 31
0 2 5
20 17 4
13 11 7
2 18 6
9 10 13
1 8 30
14 8 11
1 10 6
1 17 13
8 12 6
0 15 10
14 2 27
19 17 32
16 5 12
3 7 33
0 20 16
19 3 5
23 24 25
23 26 27
21 22 28
21 27 30
21 26 29
22 25 31
22 24 15
23 29 30
25 28 33
24 28 9
26 32 3
31 33 16
29 32 18
283
{[23, 22, 21, 9, 8]}
{[16, 13, 12, 11, 10]}
34
14 19 4
9 11 12
15 4 7
20 18 32
0 2 5
20 17 4
13 11 7
2 18 6
9 10 13
1 8 33
14 8 11
1 10 6
1 17 13
8 12 6
0 15 10
14 2 31
19 17 27
16 5 12
3 7 26
0 20 16
19 3 5
23 24 25
23 26 27
21 22 28
21 27 30
21 26 29
22 25 18
22 24 16
23 29 30
25 28 32
24 28 31
30 33 15
29 33 3
31 32 9
284
{[23, 22, 21, 9, 8]}
{[17, 16, 14, 12, 10]}
34
14 19 4
9 11 12
15 4 7
20 18 31
0 2 5
20 17 4
13 11 7
2 18 6
9 10 13
1 8 32
14 8 11
1 10 6
1 17 13
8 12 6
0 15 10
14 2 33
19 17 30
16 5 12
3 7 27
0 20 16
19 3 5
23 24 25
23 26 27
21 22 28
21 27 30
21 26 29
22 25 31
22 24 18
23 29 30
25 28 33
24 28 16
26 32 3
31 33 9
29 32 15
285
{[23, 22, 21, 9, 8]}
{[17, 16, 15, 13, 11]}
34
14 19 4
9 11 12
15 4 7
20 18 33
0 2 5
20 17 4
13 11 7
2 18 6
9 10 13
1 8 32
14 8 11
1 10 6
1 17 13
8 12 6
0 15 10
14 2 31
19 17 26
16 5 12
3 7 29
0 20 16
19 3 5
23 24 25
23 26 27
21 22 28
21 27 30
21 26 29
22 25 16
22 24 31
23 29 30
25 28 18
24 28 33
27 32 15
31 33 9
30 32 3
286
{[23, 22, 21, 9, 8]}
{[17, 16, 15, 13, 11]}
34
14 19 4
9 11 12
15 4 7
20 18 33
0 2 5
20 17 4
13 11 7
2 18 6
9 10 13
1 8 26
14 8 11
1 10 6
1 17 13
8 12 6
0 15 10
14 2 29
19 17 32
16 5 12
3 7 31
0 20 16
19 3 5
23 24 25
23 26 27
21 22 28
21 27 30
21 26 29
22 25 9
22 24 31
23 29 30
25 28 15
24 28 33
27 32 18
31 33 16
30 32 3
287
{[23, 22, 21, 9, 8]}
{[17, 15, 14, 13, 12]}
34
14 19 4
9 11 12
15 4 7
20 18 31
0 2 5
20 17 4
13 11 7
2 18 6
9 10 13
1 8 33
14 8 11
1 10 6
1 17 13
8 12 6
0 15 10
14 2 32
19 17 29
16 5 12
3 7 30
0 20 16
19 3 5
23 24 25
23 26 27
21 22 28
21 27 30
21 26 29
22 25 32
22 24 31
23 29 30
25 28 16
24 28 18
27 33 3
26 33 15
31 32 9
288
{[23, 22, 21, 9, 8]}
{[17, 15, 14, 13, 12]}
34
14 19 4
9 11 12
15 4 7
20 18 31
0 2 5
20 17 4
13 11 7
2 18 6
9 10 13
1 8 29
14 8 11
1 10 6
1 17 13
8 12 6
0 15 10
14 2 30
19 17 33
16 5 12
3 7 32
0 20 16
19 3 5
23 24 25
23 26 27
21 22 28
21 27 30
21 26 29
22 25 32
22 24 31
23 29 30
25 28 9
24 28 15
27 33 3
26 33 18
31 32 16
