288
1
{[9, 8, 4, 2, 0]}
{[5, 4, 2, 1, 0]}
34
12 2 8
2 4 23
0 1 21
19 12 9
1 9 22
6 7 17
5 10 24
5 8 16
0 7 18
10 3 4
6 9 18
12 16 20
11 0 3
20 14 27
13 15 17
19 14 16
11 15 7
5 14 18
8 17 10
20 15 3
11 19 13
22 25 2
21 26 4
24 25 1
23 31 6
21 23 30
22 28 32
29 32 13
26 29 30
27 28 31
25 28 33
24 29 33
26 27 33
30 31 32
2
{[9, 8, 4, 2, 0]}
{[6, 3, 2, 1, 0]}
34
12 2 8
2 4 26
0 1 22
19 12 9
1 9 25
6 7 17
5 10 23
5 8 16
0 7 18
10 3 4
6 9 18
12 16 20
11 0 3
20 14 21
13 15 17
19 14 16
11 15 7
5 14 18
8 17 10
20 15 3
11 19 13
22 24 13
21 27 2
24 25 6
21 23 31
23 30 4
28 32 1
22 29 32
26 29 30
27 28 31
25 28 33
24 29 33
26 27 33
30 31 32
3
{[9, 8, 4, 2, 0]}
{[8, 7, 4, 2, 0]}
34
12 2 8
2 4 31
0 1 25
19 12 9
1 9 23
6 7 17
5 10 21
5 8 16
0 7 18
10 3 4
6 9 18
12 16 20
11 0 3
20 14 22
13 15 17
19 14 16
11 15 7
5 14 18
8 17 10
20 15 3
11 19 13
23 24 6
24 25 13
21 27 4
21 22 26
22 30 2
24 28 32
23 29 32
26 29 30
27 28 31
25 28 33
29 33 1
26 27 33
30 31 32
4
{[9, 8, 4, 2, 0]}
{[9, 7, 3, 2, 0]}
34
12 2 8
2 4 21
0 1 22
19 12 9
1 9 25
6 7 17
5 10 24
5 8 16
0 7 18
10 3 4
6 9 18
12 16 20
11 0 3
20 14 30
13 15 17
19 14 16
11 15 7
5 14 18
8 17 10
20 15 3
11 19 13
23 24 1
23 25 2
21 22 27
21 26 6
22 31 4
24 28 32
23 29 32
26 29 30
27 28 31
28 33 13
25 29 33
26 27 33
30 31 32
5
{[9, 8, 4, 2, 0]}
{[6, 3, 2, 1, 0]}
34
12 2 8
2 4 21
0 1 23
19 12 9
1 9 25
6 7 17
5 10 22
5 8 16
0 7 18
10 3 4
6 9 18
12 16 20
11 0 3
20 14 26
13 15 17
19 14 16
11 15 7
5 14 18
8 17 10
20 15 3
11 19 13
22 24 1
21 27 6
24 25 2
21 23 31
23 30 4
28 32 13
22 29 32
26 29 30
27 28 31
25 28 33
24 29 33
26 27 33
30 31 32
6
{[9, 8, 4, 2, 0]}
{[9, 7, 3, 2, 0]}
34
12 2 8
2 4 30
0 1 24
19 12 9
1 9 25
6 7 17
5 10 22
5 8 16
0 7 18
10 3 4
6 9 18
12 16 20
11 0 3
20 14 21
13 15 17
19 14 16
11 15 7
5 14 18
8 17 10
20 15 3
11 19 13
23 24 13
23 25 6
21 22 27
21 26 2
22 31 4
24 28 32
23 29 32
26 29 30
27 28 31
28 33 1
25 29 33
26 27 33
30 31 32
7
{[9, 8, 4, 2, 0]}
{[5, 4, 2, 1, 0]}
34
12 2 8
2 4 27
0 1 24
19 12 9
1 9 22
6 7 17
5 10 21
5 8 16
0 7 18
10 3 4
6 9 18
12 16 20
11 0 3
20 14 23
13 15 17
19 14 16
11 15 7
5 14 18
8 17 10
20 15 3
11 19 13
22 25 6
21 26 4
24 25 13
23 31 2
21 23 30
22 28 32
29 32 1
26 29 30
27 28 31
25 28 33
24 29 33
26 27 33
30 31 32
8
{[9, 8, 4, 2, 0]}
{[8, 7, 4, 2, 0]}
34
12 2 8
2 4 22
0 1 21
19 12 9
1 9 23
6 7 17
5 10 25
5 8 16
0 7 18
10 3 4
6 9 18
12 16 20
11 0 3
20 14 31
13 15 17
19 14 16
11 15 7
5 14 18
8 17 10
20 15 3
11 19 13
23 24 2
24 25 1
21 27 4
21 22 26
22 30 6
24 28 32
23 29 32
26 29 30
27 28 31
25 28 33
29 33 13
26 27 33
30 31 32
9
{[9, 8, 4, 2, 0]}
{[16, 13, 12, 11, 10]}
34
12 2 8
2 4 31
0 1 27
19 12 9
1 9 32
6 7 17
5 10 33
5 8 16
0 7 18
10 3 4
6 9 18
12 16 20
11 0 3
20 14 26
13 15 17
19 14 16
11 15 7
5 14 18
8 17 10
20 15 3
11 19 13
23 24 25
23 26 27
21 22 28
21 27 30
21 26 29
22 25 13
22 24 2
23 29 30
25 28 32
24 28 31
30 33 1
29 33 4
31 32 6
10
{[9, 8, 4, 2, 0]}
{[17, 16, 14, 12, 10]}
34
12 2 8
2 4 33
0 1 30
19 12 9
1 9 31
6 7 17
5 10 32
5 8 16
0 7 18
10 3 4
6 9 18
12 16 20
11 0 3
20 14 27
13 15 17
19 14 16
11 15 7
5 14 18
8 17 10
20 15 3
11 19 13
23 24 25
23 26 27
21 22 28
21 27 30
21 26 29
22 25 31
22 24 13
23 29 30
25 28 33
24 28 2
26 32 4
31 33 6
29 32 1
11
{[9, 8, 4, 2, 0]}
{[16, 13, 12, 11, 10]}
34
12 2 8
2 4 26
0 1 33
19 12 9
1 9 32
6 7 17
5 10 27
5 8 16
0 7 18
10 3 4
6 9 18
12 16 20
11 0 3
20 14 31
13 15 17
19 14 16
11 15 7
5 14 18
8 17 10
20 15 3
11 19 13
23 24 25
23 26 27
21 22 28
21 27 30
21 26 29
22 25 1
22 24 6
23 29 30
25 28 32
24 28 31
30 33 13
29 33 4
31 32 2
12
{[9, 8, 4, 2, 0]}
{[17, 16, 14, 12, 10]}
34
12 2 8
2 4 27
0 1 32
19 12 9
1 9 31
6 7 17
5 10 30
5 8 16
0 7 18
10 3 4
6 9 18
12 16 20
11 0 3
20 14 33
13 15 17
19 14 16
11 15 7
5 14 18
8 17 10
20 15 3
11 19 13
23 24 25
23 26 27
21 22 28
21 27 30
21 26 29
22 25 31
22 24 1
23 29 30
25 28 33
24 28 6
26 32 4
31 33 2
29 32 13
13
{[9, 8, 4, 2, 0]}
{[17, 16, 15, 13, 11]}
34
12 2 8
2 4 29
0 1 32
19 12 9
1 9 33
6 7 17
5 10 26
5 8 16
0 7 18
10 3 4
6 9 18
12 16 20
11 0 3
20 14 31
13 15 17
19 14 16
11 15 7
5 14 18
8 17 10
20 15 3
11 19 13
23 24 25
23 26 27
21 22 28
21 27 30
21 26 29
22 25 6
22 24 31
23 29 30
25 28 1
24 28 33
27 32 13
31 33 2
30 32 4
14
{[9, 8, 4, 2, 0]}
{[17, 16, 15, 13, 11]}
34
12 2 8
2 4 31
0 1 26
19 12 9
1 9 33
6 7 17
5 10 32
5 8 16
0 7 18
10 3 4
6 9 18
12 16 20
11 0 3
20 14 29
13 15 17
19 14 16
11 15 7
5 14 18
8 17 10
20 15 3
11 19 13
23 24 25
23 26 27
21 22 28
21 27 30
21 26 29
22 25 2
22 24 31
23 29 30
25 28 13
24 28 33
27 32 1
31 33 6
30 32 4
15
{[9, 8, 4, 2, 0]}
{[17, 15, 14, 13, 12]}
34
12 2 8
2 4 30
0 1 33
19 12 9
1 9 31
6 7 17
5 10 29
5 8 16
0 7 18
10 3 4
6 9 18
12 16 20
11 0 3
20 14 32
13 15 17
19 14 16
11 15 7
5 14 18
8 17 10
20 15 3
11 19 13
23 24 25
23 26 27
21 22 28
21 27 30
21 26 29
22 25 32
22 24 31
23 29 30
25 28 6
24 28 1
27 33 4
26 33 13
31 32 2
16
{[9, 8, 4, 2, 0]}
{[17, 15, 14, 13, 12]}
34
12 2 8
2 4 32
0 1 29
19 12 9
1 9 31
6 7 17
5 10 33
5 8 16
0 7 18
10 3 4
6 9 18
12 16 20
11 0 3
20 14 30
13 15 17
19 14 16
11 15 7
5 14 18
8 17 10
20 15 3
11 19 13
23 24 25
23 26 27
21 22 28
21 27 30
21 26 29
22 25 32
22 24 31
23 29 30
25 28 2
24 28 13
27 33 4
26 33 1
31 32 6
17
{[8, 5, 4, 3, 0]}
{[5, 4, 2, 1, 0]}
34
12 8 27
4 3 23
19 12 9
1 9 21
1 6 22
6 7 17
4 5 10
5 8 16
0 7 18
10 2 3
6 9 18
12 16 20
11 0 2
20 14 24
13 15 17
19 14 16
11 15 7
5 14 18
8 17 10
20 15 2
11 19 13
22 25 3
21 26 4
24 25 1
23 31 13
21 23 30
22 28 32
29 32 0
26 29 30
27 28 31
25 28 33
24 29 33
26 27 33
30 31 32
18
{[8, 5, 4, 3, 0]}
{[6, 3, 2, 1, 0]}
34
12 8 21
4 3 26
19 12 9
1 9 22
1 6 25
6 7 17
4 5 10
5 8 16
0 7 18
10 2 3
6 9 18
12 16 20
11 0 2
20 14 23
13 15 17
19 14 16
11 15 7
5 14 18
8 17 10
20 15 2
11 19 13
22 24 0
21 27 3
24 25 13
21 23 31
23 30 4
28 32 1
22 29 32
26 29 30
27 28 31
25 28 33
24 29 33
26 27 33
30 31 32
19
{[8, 5, 4, 3, 0]}
{[8, 7, 4, 2, 0]}
34
12 8 22
4 3 31
19 12 9
1 9 25
1 6 23
6 7 17
4 5 10
5 8 16
0 7 18
10 2 3
6 9 18
12 16 20
11 0 2
20 14 21
13 15 17
19 14 16
11 15 7
5 14 18
8 17 10
20 15 2
11 19 13
23 24 13
24 25 0
21 27 4
21 22 26
22 30 3
24 28 32
23 29 32
26 29 30
27 28 31
25 28 33
29 33 1
26 27 33
30 31 32
20
{[8, 5, 4, 3, 0]}
{[9, 7, 3, 2, 0]}
34
12 8 30
4 3 21
19 12 9
1 9 22
1 6 25
6 7 17
4 5 10
5 8 16
0 7 18
10 2 3
6 9 18
12 16 20
11 0 2
20 14 24
13 15 17
19 14 16
11 15 7
5 14 18
8 17 10
20 15 2
11 19 13
23 24 1
23 25 3
21 22 27
21 26 13
22 31 4
24 28 32
23 29 32
26 29 30
27 28 31
28 33 0
25 29 33
26 27 33
30 31 32
21
{[8, 5, 4, 3, 0]}
{[6, 3, 2, 1, 0]}
34
12 8 26
4 3 21
19 12 9
1 9 23
1 6 25
6 7 17
4 5 10
5 8 16
0 7 18
10 2 3
6 9 18
12 16 20
11 0 2
20 14 22
13 15 17
19 14 16
11 15 7
5 14 18
8 17 10
20 15 2
11 19 13
22 24 1
21 27 13
24 25 3
21 23 31
23 30 4
28 32 0
22 29 32
26 29 30
27 28 31
25 28 33
24 29 33
26 27 33
30 31 32
22
{[8, 5, 4, 3, 0]}
{[9, 7, 3, 2, 0]}
34
12 8 21
4 3 30
19 12 9
1 9 24
1 6 25
6 7 17
4 5 10
5 8 16
0 7 18
10 2 3
6 9 18
12 16 20
11 0 2
20 14 22
13 15 17
19 14 16
11 15 7
5 14 18
8 17 10
20 15 2
11 19 13
23 24 0
23 25 13
21 22 27
21 26 3
22 31 4
24 28 32
23 29 32
26 29 30
27 28 31
28 33 1
25 29 33
26 27 33
30 31 32
23
{[8, 5, 4, 3, 0]}
{[5, 4, 2, 1, 0]}
34
12 8 23
4 3 27
19 12 9
1 9 24
1 6 22
6 7 17
4 5 10
5 8 16
0 7 18
10 2 3
6 9 18
12 16 20
11 0 2
20 14 21
13 15 17
19 14 16
11 15 7
5 14 18
8 17 10
20 15 2
11 19 13
22 25 13
21 26 4
24 25 0
23 31 3
21 23 30
22 28 32
29 32 1
26 29 30
27 28 31
25 28 33
24 29 33
26 27 33
30 31 32
24
{[8, 5, 4, 3, 0]}
{[8, 7, 4, 2, 0]}
34
12 8 31
4 3 22
19 12 9
1 9 21
1 6 23
6 7 17
4 5 10
5 8 16
0 7 18
10 2 3
6 9 18
12 16 20
11 0 2
20 14 25
13 15 17
19 14 16
11 15 7
5 14 18
8 17 10
20 15 2
11 19 13
23 24 3
24 25 1
21 27 4
21 22 26
22 30 13
24 28 32
23 29 32
26 29 30
27 28 31
25 28 33
29 33 0
26 27 33
30 31 32
25
{[8, 5, 4, 3, 0]}
{[16, 13, 12, 11, 10]}
34
12 8 26
4 3 31
19 12 9
1 9 27
1 6 32
6 7 17
4 5 10
5 8 16
0 7 18
10 2 3
6 9 18
12 16 20
11 0 2
20 14 33
13 15 17
19 14 16
11 15 7
5 14 18
8 17 10
20 15 2
11 19 13
23 24 25
23 26 27
21 22 28
21 27 30
21 26 29
22 25 0
22 24 3
23 29 30
25 28 32
24 28 31
30 33 1
29 33 4
31 32 13
26
{[8, 5, 4, 3, 0]}
{[17, 16, 14, 12, 10]}
34
12 8 27
4 3 33
19 12 9
1 9 30
1 6 31
6 7 17
4 5 10
5 8 16
0 7 18
10 2 3
6 9 18
12 16 20
11 0 2
20 14 32
13 15 17
19 14 16
11 15 7
5 14 18
8 17 10
20 15 2
11 19 13
23 24 25
23 26 27
21 22 28
21 27 30
21 26 29
22 25 31
22 24 0
23 29 30
25 28 33
24 28 3
26 32 4
31 33 13
29 32 1
27
{[8, 5, 4, 3, 0]}
{[16, 13, 12, 11, 10]}
34
12 8 31
4 3 26
19 12 9
1 9 33
1 6 32
6 7 17
4 5 10
5 8 16
0 7 18
10 2 3
6 9 18
12 16 20
11 0 2
20 14 27
13 15 17
19 14 16
11 15 7
5 14 18
8 17 10
20 15 2
11 19 13
23 24 25
23 26 27
21 22 28
21 27 30
21 26 29
22 25 1
22 24 13
23 29 30
25 28 32
24 28 31
30 33 0
29 33 4
31 32 3
28
{[8, 5, 4, 3, 0]}
{[17, 16, 14, 12, 10]}
34
12 8 33
4 3 27
19 12 9
1 9 32
1 6 31
6 7 17
4 5 10
5 8 16
0 7 18
10 2 3
6 9 18
12 16 20
11 0 2
20 14 30
13 15 17
19 14 16
11 15 7
5 14 18
8 17 10
20 15 2
11 19 13
23 24 25
23 26 27
21 22 28
21 27 30
21 26 29
22 25 31
22 24 1
23 29 30
25 28 33
24 28 13
26 32 4
31 33 3
29 32 0
29
{[8, 5, 4, 3, 0]}
{[17, 16, 15, 13, 11]}
34
12 8 31
4 3 29
19 12 9
1 9 32
1 6 33
6 7 17
4 5 10
5 8 16
0 7 18
10 2 3
6 9 18
12 16 20
11 0 2
20 14 26
13 15 17
19 14 16
11 15 7
5 14 18
8 17 10
20 15 2
11 19 13
23 24 25
23 26 27
21 22 28
21 27 30
21 26 29
22 25 13
22 24 31
23 29 30
25 28 1
24 28 33
27 32 0
31 33 3
30 32 4
30
{[8, 5, 4, 3, 0]}
{[17, 16, 15, 13, 11]}
34
12 8 29
4 3 31
19 12 9
1 9 26
1 6 33
6 7 17
4 5 10
5 8 16
0 7 18
10 2 3
6 9 18
12 16 20
11 0 2
20 14 32
13 15 17
19 14 16
11 15 7
5 14 18
8 17 10
20 15 2
11 19 13
23 24 25
23 26 27
21 22 28
21 27 30
21 26 29
22 25 3
22 24 31
23 29 30
25 28 0
24 28 33
27 32 1
31 33 13
30 32 4
31
{[8, 5, 4, 3, 0]}
{[17, 15, 14, 13, 12]}
34
12 8 32
4 3 30
19 12 9
1 9 33
1 6 31
6 7 17
4 5 10
5 8 16
0 7 18
10 2 3
6 9 18
12 16 20
11 0 2
20 14 29
13 15 17
19 14 16
11 15 7
5 14 18
8 17 10
20 15 2
11 19 13
23 24 25
23 26 27
21 22 28
21 27 30
21 26 29
22 25 32
22 24 31
23 29 30
25 28 13
24 28 1
27 33 4
26 33 0
31 32 3
32
{[8, 5, 4, 3, 0]}
{[17, 15, 14, 13, 12]}
34
12 8 30
4 3 32
19 12 9
1 9 29
1 6 31
6 7 17
4 5 10
5 8 16
0 7 18
10 2 3
6 9 18
12 16 20
11 0 2
20 14 33
13 15 17
19 14 16
11 15 7
5 14 18
8 17 10
20 15 2
11 19 13
23 24 25
23 26 27
21 22 28
21 27 30
21 26 29
22 25 32
22 24 31
23 29 30
25 28 3
24 28 0
27 33 4
26 33 1
31 32 13
33
{[8, 5, 4, 3, 0]}
{[5, 4, 2, 1, 0]}
34
12 8 23
4 3 27
19 12 9
1 9 24
1 6 22
6 7 17
4 5 10
5 8 16
0 7 18
10 2 3
6 9 18
12 16 20
11 0 2
20 14 21
13 15 17
19 14 16
11 15 7
5 14 18
8 17 10
20 15 2
11 19 13
22 25 13
21 26 4
24 25 0
23 31 3
21 23 30
22 28 32
29 32 1
26 29 30
27 28 31
25 28 33
24 29 33
26 27 33
30 31 32
34
{[8, 5, 4, 3, 0]}
{[6, 3, 2, 1, 0]}
34
12 8 26
4 3 21
19 12 9
1 9 23
1 6 25
6 7 17
4 5 10
5 8 16
0 7 18
10 2 3
6 9 18
12 16 20
11 0 2
20 14 22
13 15 17
19 14 16
11 15 7
5 14 18
8 17 10
20 15 2
11 19 13
22 24 1
21 27 13
24 25 3
21 23 31
23 30 4
28 32 0
22 29 32
26 29 30
27 28 31
25 28 33
24 29 33
26 27 33
30 31 32
35
{[8, 5, 4, 3, 0]}
{[8, 7, 4, 2, 0]}
34
12 8 31
4 3 22
19 12 9
1 9 21
1 6 23
6 7 17
4 5 10
5 8 16
0 7 18
10 2 3
6 9 18
12 16 20
11 0 2
20 14 25
13 15 17
19 14 16
11 15 7
5 14 18
8 17 10
20 15 2
11 19 13
23 24 3
24 25 1
21 27 4
21 22 26
22 30 13
24 28 32
23 29 32
26 29 30
27 28 31
25 28 33
29 33 0
26 27 33
30 31 32
36
{[8, 5, 4, 3, 0]}
{[9, 7, 3, 2, 0]}
34
12 8 21
4 3 30
19 12 9
1 9 24
1 6 25
6 7 17
4 5 10
5 8 16
0 7 18
10 2 3
6 9 18
12 16 20
11 0 2
20 14 22
13 15 17
19 14 16
11 15 7
5 14 18
8 17 10
20 15 2
11 19 13
23 24 0
23 25 13
21 22 27
21 26 3
22 31 4
24 28 32
23 29 32
26 29 30
27 28 31
28 33 1
25 29 33
26 27 33
30 31 32
37
{[8, 5, 4, 3, 0]}
{[6, 3, 2, 1, 0]}
34
12 8 21
4 3 26
19 12 9
1 9 22
1 6 25
6 7 17
4 5 10
5 8 16
0 7 18
10 2 3
6 9 18
12 16 20
11 0 2
20 14 23
13 15 17
19 14 16
11 15 7
5 14 18
8 17 10
20 15 2
11 19 13
22 24 0
21 27 3
24 25 13
21 23 31
23 30 4
28 32 1
22 29 32
26 29 30
27 28 31
25 28 33
24 29 33
26 27 33
30 31 32
38
{[8, 5, 4, 3, 0]}
{[9, 7, 3, 2, 0]}
34
12 8 30
4 3 21
19 12 9
1 9 22
1 6 25
6 7 17
4 5 10
5 8 16
0 7 18
10 2 3
6 9 18
12 16 20
11 0 2
20 14 24
13 15 17
19 14 16
11 15 7
5 14 18
8 17 10
20 15 2
11 19 13
23 24 1
23 25 3
21 22 27
21 26 13
22 31 4
24 28 32
23 29 32
26 29 30
27 28 31
28 33 0
25 29 33
26 27 33
30 31 32
39
{[8, 5, 4, 3, 0]}
{[5, 4, 2, 1, 0]}
34
12 8 27
4 3 23
19 12 9
1 9 21
1 6 22
6 7 17
4 5 10
5 8 16
0 7 18
10 2 3
6 9 18
12 16 20
11 0 2
20 14 24
13 15 17
19 14 16
11 15 7
5 14 18
8 17 10
20 15 2
11 19 13
22 25 3
21 26 4
24 25 1
23 31 13
21 23 30
22 28 32
29 32 0
26 29 30
27 28 31
25 28 33
24 29 33
26 27 33
30 31 32
40
{[8, 5, 4, 3, 0]}
{[8, 7, 4, 2, 0]}
34
12 8 22
4 3 31
19 12 9
1 9 25
1 6 23
6 7 17
4 5 10
5 8 16
0 7 18
10 2 3
6 9 18
12 16 20
11 0 2
20 14 21
13 15 17
19 14 16
11 15 7
5 14 18
8 17 10
20 15 2
11 19 13
23 24 13
24 25 0
21 27 4
21 22 26
22 30 3
24 28 32
23 29 32
26 29 30
27 28 31
25 28 33
29 33 1
26 27 33
30 31 32
41
{[8, 5, 4, 3, 0]}
{[16, 13, 12, 11, 10]}
34
12 8 31
4 3 26
19 12 9
1 9 33
1 6 32
6 7 17
4 5 10
5 8 16
0 7 18
10 2 3
6 9 18
12 16 20
11 0 2
20 14 27
13 15 17
19 14 16
11 15 7
5 14 18
8 17 10
20 15 2
11 19 13
23 24 25
23 26 27
21 22 28
21 27 30
21 26 29
22 25 1
22 24 13
23 29 30
25 28 32
24 28 31
30 33 0
29 33 4
31 32 3
42
{[8, 5, 4, 3, 0]}
{[17, 16, 14, 12, 10]}
34
12 8 33
4 3 27
19 12 9
1 9 32
1 6 31
6 7 17
4 5 10
5 8 16
0 7 18
10 2 3
6 9 18
12 16 20
11 0 2
20 14 30
13 15 17
19 14 16
11 15 7
5 14 18
8 17 10
20 15 2
11 19 13
23 24 25
23 26 27
21 22 28
21 27 30
21 26 29
22 25 31
22 24 1
23 29 30
25 28 33
24 28 13
26 32 4
31 33 3
29 32 0
43
{[8, 5, 4, 3, 0]}
{[16, 13, 12, 11, 10]}
34
12 8 26
4 3 31
19 12 9
1 9 27
1 6 32
6 7 17
4 5 10
5 8 16
0 7 18
10 2 3
6 9 18
12 16 20
11 0 2
20 14 33
13 15 17
19 14 16
11 15 7
5 14 18
8 17 10
20 15 2
11 19 13
23 24 25
23 26 27
21 22 28
21 27 30
21 26 29
22 25 0
22 24 3
23 29 30
25 28 32
24 28 31
30 33 1
29 33 4
31 32 13
44
{[8, 5, 4, 3, 0]}
{[17, 16, 14, 12, 10]}
34
12 8 27
4 3 33
19 12 9
1 9 30
1 6 31
6 7 17
4 5 10
5 8 16
0 7 18
10 2 3
6 9 18
12 16 20
11 0 2
20 14 32
13 15 17
19 14 16
11 15 7
5 14 18
8 17 10
20 15 2
11 19 13
23 24 25
23 26 27
21 22 28
21 27 30
21 26 29
22 25 31
22 24 0
23 29 30
25 28 33
24 28 3
26 32 4
31 33 13
29 32 1
45
{[8, 5, 4, 3, 0]}
{[17, 16, 15, 13, 11]}
34
12 8 29
4 3 31
19 12 9
1 9 26
1 6 33
6 7 17
4 5 10
5 8 16
0 7 18
10 2 3
6 9 18
12 16 20
11 0 2
20 14 32
13 15 17
19 14 16
11 15 7
5 14 18
8 17 10
20 15 2
11 19 13
23 24 25
23 26 27
21 22 28
21 27 30
21 26 29
22 25 3
22 24 31
23 29 30
25 28 0
24 28 33
27 32 1
31 33 13
30 32 4
46
{[8, 5, 4, 3, 0]}
{[17, 16, 15, 13, 11]}
34
12 8 31
4 3 29
19 12 9
1 9 32
1 6 33
6 7 17
4 5 10
5 8 16
0 7 18
10 2 3
6 9 18
12 16 20
11 0 2
20 14 26
13 15 17
19 14 16
11 15 7
5 14 18
8 17 10
20 15 2
11 19 13
23 24 25
23 26 27
21 22 28
21 27 30
21 26 29
22 25 13
22 24 31
23 29 30
25 28 1
24 28 33
27 32 0
31 33 3
30 32 4
47
{[8, 5, 4, 3, 0]}
{[17, 15, 14, 13, 12]}
34
12 8 30
4 3 32
19 12 9
1 9 29
1 6 31
6 7 17
4 5 10
5 8 16
0 7 18
10 2 3
6 9 18
12 16 20
11 0 2
20 14 33
13 15 17
19 14 16
11 15 7
5 14 18
8 17 10
20 15 2
11 19 13
23 24 25
23 26 27
21 22 28
21 27 30
21 26 29
22 25 32
22 24 31
23 29 30
25 28 3
24 28 0
27 33 4
26 33 1
31 32 13
48
{[8, 5, 4, 3, 0]}
{[17, 15, 14, 13, 12]}
34
12 8 32
4 3 30
19 12 9
1 9 33
1 6 31
6 7 17
4 5 10
5 8 16
0 7 18
10 2 3
6 9 18
12 16 20
11 0 2
20 14 29
13 15 17
19 14 16
11 15 7
5 14 18
8 17 10
20 15 2
11 19 13
23 24 25
23 26 27
21 22 28
21 27 30
21 26 29
22 25 32
22 24 31
23 29 30
25 28 13
24 28 1
27 33 4
26 33 0
31 32 3
49
{[9, 8, 4, 2, 0]}
{[5, 4, 2, 1, 0]}
34
12 2 8
2 4 27
0 1 24
19 12 9
1 9 22
6 7 17
5 10 21
5 8 16
0 7 18
10 3 4
6 9 18
12 16 20
11 0 3
20 14 23
13 15 17
19 14 16
11 15 7
5 14 18
8 17 10
20 15 3
11 19 13
22 25 6
21 26 4
24 25 13
23 31 2
21 23 30
22 28 32
29 32 1
26 29 30
27 28 31
25 28 33
24 29 33
26 27 33
30 31 32
50
{[9, 8, 4, 2, 0]}
{[6, 3, 2, 1, 0]}
34
12 2 8
2 4 21
0 1 23
19 12 9
1 9 25
6 7 17
5 10 22
5 8 16
0 7 18
10 3 4
6 9 18
12 16 20
11 0 3
20 14 26
13 15 17
19 14 16
11 15 7
5 14 18
8 17 10
20 15 3
11 19 13
22 24 1
21 27 6
24 25 2
21 23 31
23 30 4
28 32 13
22 29 32
26 29 30
27 28 31
25 28 33
24 29 33
26 27 33
30 31 32
51
{[9, 8, 4, 2, 0]}
{[8, 7, 4, 2, 0]}
34
12 2 8
2 4 22
0 1 21
19 12 9
1 9 23
6 7 17
5 10 25
5 8 16
0 7 18
10 3 4
6 9 18
12 16 20
11 0 3
20 14 31
13 15 17
19 14 16
11 15 7
5 14 18
8 17 10
20 15 3
11 19 13
23 24 2
24 25 1
21 27 4
21 22 26
22 30 6
24 28 32
23 29 32
26 29 30
27 28 31
25 28 33
29 33 13
26 27 33
30 31 32
52
{[9, 8, 4, 2, 0]}
{[9, 7, 3, 2, 0]}
34
12 2 8
2 4 30
0 1 24
19 12 9
1 9 25
6 7 17
5 10 22
5 8 16
0 7 18
10 3 4
6 9 18
12 16 20
11 0 3
20 14 21
13 15 17
19 14 16
11 15 7
5 14 18
8 17 10
20 15 3
11 19 13
23 24 13
23 25 6
21 22 27
21 26 2
22 31 4
24 28 32
23 29 32
26 29 30
27 28 31
28 33 1
25 29 33
26 27 33
30 31 32
53
{[9, 8, 4, 2, 0]}
{[6, 3, 2, 1, 0]}
34
12 2 8
2 4 26
0 1 22
19 12 9
1 9 25
6 7 17
5 10 23
5 8 16
0 7 18
10 3 4
6 9 18
12 16 20
11 0 3
20 14 21
13 15 17
19 14 16
11 15 7
5 14 18
8 17 10
20 15 3
11 19 13
22 24 13
21 27 2
24 25 6
21 23 31
23 30 4
28 32 1
22 29 32
26 29 30
27 28 31
25 28 33
24 29 33
26 27 33
30 31 32
54
{[9, 8, 4, 2, 0]}
{[9, 7, 3, 2, 0]}
34
12 2 8
2 4 21
0 1 22
19 12 9
1 9 25
6 7 17
5 10 24
5 8 16
0 7 18
10 3 4
6 9 18
12 16 20
11 0 3
20 14 30
13 15 17
19 14 16
11 15 7
5 14 18
8 17 10
20 15 3
11 19 13
23 24 1
23 25 2
21 22 27
21 26 6
22 31 4
24 28 32
23 29 32
26 29 30
27 28 31
28 33 13
25 29 33
26 27 33
30 31 32
55
{[9, 8, 4, 2, 0]}
{[5, 4, 2, 1, 0]}
34
12 2 8
2 4 23
0 1 21
19 12 9
1 9 22
6 7 17
5 10 24
5 8 16
0 7 18
10 3 4
6 9 18
12 16 20
11 0 3
20 14 27
13 15 17
19 14 16
11 15 7
5 14 18
8 17 10
20 15 3
11 19 13
22 25 2
21 26 4
24 25 1
23 31 6
21 23 30
22 28 32
29 32 13
26 29 30
27 28 31
25 28 33
24 29 33
26 27 33
30 31 32
56
{[9, 8, 4, 2, 0]}
{[8, 7, 4, 2, 0]}
34
12 2 8
2 4 31
0 1 25
19 12 9
1 9 23
6 7 17
5 10 21
5 8 16
0 7 18
10 3 4
6 9 18
12 16 20
11 0 3
20 14 22
13 15 17
19 14 16
11 15 7
5 14 18
8 17 10
20 15 3
11 19 13
23 24 6
24 25 13
21 27 4
21 22 26
22 30 2
24 28 32
23 29 32
26 29 30
27 28 31
25 28 33
29 33 1
26 27 33
30 31 32
57
{[9, 8, 4, 2, 0]}
{[16, 13, 12, 11, 10]}
34
12 2 8
2 4 26
0 1 33
19 12 9
1 9 32
6 7 17
5 10 27
5 8 16
0 7 18
10 3 4
6 9 18
12 16 20
11 0 3
20 14 31
13 15 17
19 14 16
11 15 7
5 14 18
8 17 10
20 15 3
11 19 13
23 24 25
23 26 27
21 22 28
21 27 30
21 26 29
22 25 1
22 24 6
23 29 30
25 28 32
24 28 31
30 33 13
29 33 4
31 32 2
58
{[9, 8, 4, 2, 0]}
{[17, 16, 14, 12, 10]}
34
12 2 8
2 4 27
0 1 32
19 12 9
1 9 31
6 7 17
5 10 30
5 8 16
0 7 18
10 3 4
6 9 18
12 16 20
11 0 3
20 14 33
13 15 17
19 14 16
11 15 7
5 14 18
8 17 10
20 15 3
11 19 13
23 24 25
23 26 27
21 22 28
21 27 30
21 26 29
22 25 31
22 24 1
23 29 30
25 28 33
24 28 6
26 32 4
31 33 2
29 32 13
59
{[9, 8, 4, 2, 0]}
{[16, 13, 12, 11, 10]}
34
12 2 8
2 4 31
0 1 27
19 12 9
1 9 32
6 7 17
5 10 33
5 8 16
0 7 18
10 3 4
6 9 18
12 16 20
11 0 3
20 14 26
13 15 17
19 14 16
11 15 7
5 14 18
8 17 10
20 15 3
11 19 13
23 24 25
23 26 27
21 22 28
21 27 30
21 26 29
22 25 13
22 24 2
23 29 30
25 28 32
24 28 31
30 33 1
29 33 4
31 32 6
60
{[9, 8, 4, 2, 0]}
{[17, 16, 14, 12, 10]}
34
12 2 8
2 4 33
0 1 30
19 12 9
1 9 31
6 7 17
5 10 32
5 8 16
0 7 18
10 3 4
6 9 18
12 16 20
11 0 3
20 14 27
13 15 17
19 14 16
11 15 7
5 14 18
8 17 10
20 15 3
11 19 13
23 24 25
23 26 27
21 22 28
21 27 30
21 26 29
22 25 31
22 24 13
23 29 30
25 28 33
24 28 2
26 32 4
31 33 6
29 32 1
61
{[9, 8, 4, 2, 0]}
{[17, 16, 15, 13, 11]}
34
12 2 8
2 4 31
0 1 26
19 12 9
1 9 33
6 7 17
5 10 32
5 8 16
0 7 18
10 3 4
6 9 18
12 16 20
11 0 3
20 14 29
13 15 17
19 14 16
11 15 7
5 14 18
8 17 10
20 15 3
11 19 13
23 24 25
23 26 27
21 22 28
21 27 30
21 26 29
22 25 2
22 24 31
23 29 30
25 28 13
24 28 33
27 32 1
31 33 6
30 32 4
62
{[9, 8, 4, 2, 0]}
{[17, 16, 15, 13, 11]}
34
12 2 8
2 4 29
0 1 32
19 12 9
1 9 33
6 7 17
5 10 26
5 8 16
0 7 18
10 3 4
6 9 18
12 16 20
11 0 3
20 14 31
13 15 17
19 14 16
11 15 7
5 14 18
8 17 10
20 15 3
11 19 13
23 24 25
23 26 27
21 22 28
21 27 30
21 26 29
22 25 6
22 24 31
23 29 30
25 28 1
24 28 33
27 32 13
31 33 2
30 32 4
63
{[9, 8, 4, 2, 0]}
{[17, 15, 14, 13, 12]}
34
12 2 8
2 4 32
0 1 29
19 12 9
1 9 31
6 7 17
5 10 33
5 8 16
0 7 18
10 3 4
6 9 18
12 16 20
11 0 3
20 14 30
13 15 17
19 14 16
11 15 7
5 14 18
8 17 10
20 15 3
11 19 13
23 24 25
23 26 27
21 22 28
21 27 30
21 26 29
22 25 32
22 24 31
23 29 30
25 28 2
24 28 13
27 33 4
26 33 1
31 32 6
64
{[9, 8, 4, 2, 0]}
{[17, 15, 14, 13, 12]}
34
12 2 8
2 4 30
0 1 33
19 12 9
1 9 31
6 7 17
5 10 29
5 8 16
0 7 18
10 3 4
6 9 18
12 16 20
11 0 3
20 14 32
13 15 17
19 14 16
11 15 7
5 14 18
8 17 10
20 15 3
11 19 13
23 24 25
23 26 27
21 22 28
21 27 30
21 26 29
22 25 32
22 24 31
23 29 30
25 28 6
24 28 1
27 33 4
26 33 13
31 32 2
65
{[7, 5, 4, 3, 2]}
{[5, 4, 2, 1, 0]}
34
3 13 22
12 8 24
19 12 9
0 4 23
3 6 21
6 7 17
4 5 10
5 8 16
1 7 18
10 2 27
6 9 18
12 16 20
11 1 2
0 20 14
13 15 17
19 14 16
11 15 7
5 14 18
8 17 10
20 15 2
11 19 13
22 25 4
21 26 0
24 25 3
23 31 1
21 23 30
22 28 32
29 32 9
26 29 30
27 28 31
25 28 33
24 29 33
26 27 33
30 31 32
66
{[7, 5, 4, 3, 2]}
{[6, 3, 2, 1, 0]}
34
3 13 25
12 8 23
19 12 9
0 4 26
3 6 22
6 7 17
4 5 10
5 8 16
1 7 18
10 2 21
6 9 18
12 16 20
11 1 2
0 20 14
13 15 17
19 14 16
11 15 7
5 14 18
8 17 10
20 15 2
11 19 13
22 24 9
21 27 4
24 25 1
21 23 31
23 30 0
28 32 3
22 29 32
26 29 30
27 28 31
25 28 33
24 29 33
26 27 33
30 31 32
67
{[7, 5, 4, 3, 2]}
{[8, 7, 4, 2, 0]}
34
3 13 23
12 8 21
19 12 9
0 4 31
3 6 25
6 7 17
4 5 10
5 8 16
1 7 18
10 2 22
6 9 18
12 16 20
11 1 2
0 20 14
13 15 17
19 14 16
11 15 7
5 14 18
8 17 10
20 15 2
11 19 13
23 24 1
24 25 9
21 27 0
21 22 26
22 30 4
24 28 32
23 29 32
26 29 30
27 28 31
25 28 33
29 33 3
26 27 33
30 31 32
68
{[7, 5, 4, 3, 2]}
{[9, 7, 3, 2, 0]}
34
3 13 25
12 8 24
19 12 9
0 4 21
3 6 22
6 7 17
4 5 10
5 8 16
1 7 18
10 2 30
6 9 18
12 16 20
11 1 2
0 20 14
13 15 17
19 14 16
11 15 7
5 14 18
8 17 10
20 15 2
11 19 13
23 24 3
23 25 4
21 22 27
21 26 1
22 31 0
24 28 32
23 29 32
26 29 30
27 28 31
28 33 9
25 29 33
26 27 33
30 31 32
69
{[7, 5, 4, 3, 2]}
{[6, 3, 2, 1, 0]}
34
3 13 25
12 8 22
19 12 9
0 4 21
3 6 23
6 7 17
4 5 10
5 8 16
1 7 18
10 2 26
6 9 18
12 16 20
11 1 2
0 20 14
13 15 17
19 14 16
11 15 7
5 14 18
8 17 10
20 15 2
11 19 13
22 24 3
21 27 1
24 25 4
21 23 31
23 30 0
28 32 9
22 29 32
26 29 30
27 28 31
25 28 33
24 29 33
26 27 33
30 31 32
70
{[7, 5, 4, 3, 2]}
{[9, 7, 3, 2, 0]}
34
3 13 25
12 8 22
19 12 9
0 4 30
3 6 24
6 7 17
4 5 10
5 8 16
1 7 18
10 2 21
6 9 18
12 16 20
11 1 2
0 20 14
13 15 17
19 14 16
11 15 7
5 14 18
8 17 10
20 15 2
11 19 13
23 24 9
23 25 1
21 22 27
21 26 4
22 31 0
24 28 32
23 29 32
26 29 30
27 28 31
28 33 3
25 29 33
26 27 33
30 31 32
71
{[7, 5, 4, 3, 2]}
{[5, 4, 2, 1, 0]}
34
3 13 22
12 8 21
19 12 9
0 4 27
3 6 24
6 7 17
4 5 10
5 8 16
1 7 18
10 2 23
6 9 18
12 16 20
11 1 2
0 20 14
13 15 17
19 14 16
11 15 7
5 14 18
8 17 10
20 15 2
11 19 13
22 25 1
21 26 0
24 25 9
23 31 4
21 23 30
22 28 32
29 32 3
26 29 30
27 28 31
25 28 33
24 29 33
26 27 33
30 31 32
72
{[7, 5, 4, 3, 2]}
{[8, 7, 4, 2, 0]}
34
3 13 23
12 8 25
19 12 9
0 4 22
3 6 21
6 7 17
4 5 10
5 8 16
1 7 18
10 2 31
6 9 18
12 16 20
11 1 2
0 20 14
13 15 17
19 14 16
11 15 7
5 14 18
8 17 10
20 15 2
11 19 13
23 24 4
24 25 3
21 27 0
21 22 26
22 30 1
24 28 32
23 29 32
26 29 30
27 28 31
25 28 33
29 33 9
26 27 33
30 31 32
73
{[7, 5, 4, 3, 2]}
{[16, 13, 12, 11, 10]}
34
3 13 32
12 8 33
19 12 9
0 4 31
3 6 27
6 7 17
4 5 10
5 8 16
1 7 18
10 2 26
6 9 18
12 16 20
11 1 2
0 20 14
13 15 17
19 14 16
11 15 7
5 14 18
8 17 10
20 15 2
11 19 13
23 24 25
23 26 27
21 22 28
21 27 30
21 26 29
22 25 9
22 24 4
23 29 30
25 28 32
24 28 31
30 33 3
29 33 0
31 32 1
74
{[7, 5, 4, 3, 2]}
{[17, 16, 14, 12, 10]}
34
3 13 31
12 8 32
19 12 9
0 4 33
3 6 30
6 7 17
4 5 10
5 8 16
1 7 18
10 2 27
6 9 18
12 16 20
11 1 2
0 20 14
13 15 17
19 14 16
11 15 7
5 14 18
8 17 10
20 15 2
11 19 13
23 24 25
23 26 27
21 22 28
21 27 30
21 26 29
22 25 31
22 24 9
23 29 30
25 28 33
24 28 4
26 32 0
31 33 1
29 32 3
75
{[7, 5, 4, 3, 2]}
{[16, 13, 12, 11, 10]}
34
3 13 32
12 8 27
19 12 9
0 4 26
3 6 33
6 7 17
4 5 10
5 8 16
1 7 18
10 2 31
6 9 18
12 16 20
11 1 2
0 20 14
13 15 17
19 14 16
11 15 7
5 14 18
8 17 10
20 15 2
11 19 13
23 24 25
23 26 27
21 22 28
21 27 30
21 26 29
22 25 3
22 24 1
23 29 30
25 28 32
24 28 31
30 33 9
29 33 0
31 32 4
76
{[7, 5, 4, 3, 2]}
{[17, 16, 14, 12, 10]}
34
3 13 31
12 8 30
19 12 9
0 4 27
3 6 32
6 7 17
4 5 10
5 8 16
1 7 18
10 2 33
6 9 18
12 16 20
11 1 2
0 20 14
13 15 17
19 14 16
11 15 7
5 14 18
8 17 10
20 15 2
11 19 13
23 24 25
23 26 27
21 22 28
21 27 30
21 26 29
22 25 31
22 24 3
23 29 30
25 28 33
24 28 1
26 32 0
31 33 4
29 32 9
77
{[7, 5, 4, 3, 2]}
{[17, 16, 15, 13, 11]}
34
3 13 33
12 8 26
19 12 9
0 4 29
3 6 32
6 7 17
4 5 10
5 8 16
1 7 18
10 2 31
6 9 18
12 16 20
11 1 2
0 20 14
13 15 17
19 14 16
11 15 7
5 14 18
8 17 10
20 15 2
11 19 13
23 24 25
23 26 27
21 22 28
21 27 30
21 26 29
22 25 1
22 24 31
23 29 30
25 28 3
24 28 33
27 32 9
31 33 4
30 32 0
78
{[7, 5, 4, 3, 2]}
{[17, 16, 15, 13, 11]}
34
3 13 33
12 8 32
19 12 9
0 4 31
3 6 26
6 7 17
4 5 10
5 8 16
1 7 18
10 2 29
6 9 18
12 16 20
11 1 2
0 20 14
13 15 17
19 14 16
11 15 7
5 14 18
8 17 10
20 15 2
11 19 13
23 24 25
23 26 27
21 22 28
21 27 30
21 26 29
22 25 4
22 24 31
23 29 30
25 28 9
24 28 33
27 32 3
31 33 1
30 32 0
79
{[7, 5, 4, 3, 2]}
{[17, 15, 14, 13, 12]}
34
3 13 31
12 8 29
19 12 9
0 4 30
3 6 33
6 7 17
4 5 10
5 8 16
1 7 18
10 2 32
6 9 18
12 16 20
11 1 2
0 20 14
13 15 17
19 14 16
11 15 7
5 14 18
8 17 10
20 15 2
11 19 13
23 24 25
23 26 27
21 22 28
21 27 30
21 26 29
22 25 32
22 24 31
23 29 30
25 28 1
24 28 3
27 33 0
26 33 9
31 32 4
80
{[7, 5, 4, 3, 2]}
{[17, 15, 14, 13, 12]}
34
3 13 31
12 8 33
19 12 9
0 4 32
3 6 29
6 7 17
4 5 10
5 8 16
1 7 18
10 2 30
6 9 18
12 16 20
11 1 2
0 20 14
13 15 17
19 14 16
11 15 7
5 14 18
8 17 10
20 15 2
11 19 13
23 24 25
23 26 27
21 22 28
21 27 30
21 26 29
22 25 32
22 24 31
23 29 30
25 28 4
24 28 9
27 33 0
26 33 3
31 32 1
81
{[7, 5, 4, 3, 2]}
{[5, 4, 2, 1, 0]}
34
3 13 22
12 8 21
19 12 9
0 4 27
3 6 24
6 7 17
4 5 10
5 8 16
1 7 18
10 2 23
6 9 18
12 16 20
11 1 2
0 20 14
13 15 17
19 14 16
11 15 7
5 14 18
8 17 10
20 15 2
11 19 13
22 25 1
21 26 0
24 25 9
23 31 4
21 23 30
22 28 32
29 32 3
26 29 30
27 28 31
25 28 33
24 29 33
26 27 33
30 31 32
82
{[7, 5, 4, 3, 2]}
{[6, 3, 2, 1, 0]}
34
3 13 25
12 8 22
19 12 9
0 4 21
3 6 23
6 7 17
4 5 10
5 8 16
1 7 18
10 2 26
6 9 18
12 16 20
11 1 2
0 20 14
13 15 17
19 14 16
11 15 7
5 14 18
8 17 10
20 15 2
11 19 13
22 24 3
21 27 1
24 25 4
21 23 31
23 30 0
28 32 9
22 29 32
26 29 30
27 28 31
25 28 33
24 29 33
26 27 33
30 31 32
83
{[7, 5, 4, 3, 2]}
{[8, 7, 4, 2, 0]}
34
3 13 23
12 8 25
19 12 9
0 4 22
3 6 21
6 7 17
4 5 10
5 8 16
1 7 18
10 2 31
6 9 18
12 16 20
11 1 2
0 20 14
13 15 17
19 14 16
11 15 7
5 14 18
8 17 10
20 15 2
11 19 13
23 24 4
24 25 3
21 27 0
21 22 26
22 30 1
24 28 32
23 29 32
26 29 30
27 28 31
25 28 33
29 33 9
26 27 33
30 31 32
84
{[7, 5, 4, 3, 2]}
{[9, 7, 3, 2, 0]}
34
3 13 25
12 8 22
19 12 9
0 4 30
3 6 24
6 7 17
4 5 10
5 8 16
1 7 18
10 2 21
6 9 18
12 16 20
11 1 2
0 20 14
13 15 17
19 14 16
11 15 7
5 14 18
8 17 10
20 15 2
11 19 13
23 24 9
23 25 1
21 22 27
21 26 4
22 31 0
24 28 32
23 29 32
26 29 30
27 28 31
28 33 3
25 29 33
26 27 33
30 31 32
85
{[7, 5, 4, 3, 2]}
{[6, 3, 2, 1, 0]}
34
3 13 25
12 8 23
19 12 9
0 4 26
3 6 22
6 7 17
4 5 10
5 8 16
1 7 18
10 2 21
6 9 18
12 16 20
11 1 2
0 20 14
13 15 17
19 14 16
11 15 7
5 14 18
8 17 10
20 15 2
11 19 13
22 24 9
21 27 4
24 25 1
21 23 31
23 30 0
28 32 3
22 29 32
26 29 30
27 28 31
25 28 33
24 29 33
26 27 33
30 31 32
86
{[7, 5, 4, 3, 2]}
{[9, 7, 3, 2, 0]}
34
3 13 25
12 8 24
19 12 9
0 4 21
3 6 22
6 7 17
4 5 10
5 8 16
1 7 18
10 2 30
6 9 18
12 16 20
11 1 2
0 20 14
13 15 17
19 14 16
11 15 7
5 14 18
8 17 10
20 15 2
11 19 13
23 24 3
23 25 4
21 22 27
21 26 1
22 31 0
24 28 32
23 29 32
26 29 30
27 28 31
28 33 9
25 29 33
26 27 33
30 31 32
87
{[7, 5, 4, 3, 2]}
{[5, 4, 2, 1, 0]}
34
3 13 22
12 8 24
19 12 9
0 4 23
3 6 21
6 7 17
4 5 10
5 8 16
1 7 18
10 2 27
6 9 18
12 16 20
11 1 2
0 20 14
13 15 17
19 14 16
11 15 7
5 14 18
8 17 10
20 15 2
11 19 13
22 25 4
21 26 0
24 25 3
23 31 1
21 23 30
22 28 32
29 32 9
26 29 30
27 28 31
25 28 33
24 29 33
26 27 33
30 31 32
88
{[7, 5, 4, 3, 2]}
{[8, 7, 4, 2, 0]}
34
3 13 23
12 8 21
19 12 9
0 4 31
3 6 25
6 7 17
4 5 10
5 8 16
1 7 18
10 2 22
6 9 18
12 16 20
11 1 2
0 20 14
13 15 17
19 14 16
11 15 7
5 14 18
8 17 10
20 15 2
11 19 13
23 24 1
24 25 9
21 27 0
21 22 26
22 30 4
24 28 32
23 29 32
26 29 30
27 28 31
25 28 33
29 33 3
26 27 33
30 31 32
89
{[7, 5, 4, 3, 2]}
{[16, 13, 12, 11, 10]}
34
3 13 32
12 8 27
19 12 9
0 4 26
3 6 33
6 7 17
4 5 10
5 8 16
1 7 18
10 2 31
6 9 18
12 16 20
11 1 2
0 20 14
13 15 17
19 14 16
11 15 7
5 14 18
8 17 10
20 15 2
11 19 13
23 24 25
23 26 27
21 22 28
21 27 30
21 26 29
22 25 3
22 24 1
23 29 30
25 28 32
24 28 31
30 33 9
29 33 0
31 32 4
90
{[7, 5, 4, 3, 2]}
{[17, 16, 14, 12, 10]}
34
3 13 31
12 8 30
19 12 9
0 4 27
3 6 32
6 7 17
4 5 10
5 8 16
1 7 18
10 2 33
6 9 18
12 16 20
11 1 2
0 20 14
13 15 17
19 14 16
11 15 7
5 14 18
8 17 10
20 15 2
11 19 13
23 24 25
23 26 27
21 22 28
21 27 30
21 26 29
22 25 31
22 24 3
23 29 30
25 28 33
24 28 1
26 32 0
31 33 4
29 32 9
91
{[7, 5, 4, 3, 2]}
{[16, 13, 12, 11, 10]}
34
3 13 32
12 8 33
19 12 9
0 4 31
3 6 27
6 7 17
4 5 10
5 8 16
1 7 18
10 2 26
6 9 18
12 16 20
11 1 2
0 20 14
13 15 17
19 14 16
11 15 7
5 14 18
8 17 10
20 15 2
11 19 13
23 24 25
23 26 27
21 22 28
21 27 30
21 26 29
22 25 9
22 24 4
23 29 30
25 28 32
24 28 31
30 33 3
29 33 0
31 32 1
92
{[7, 5, 4, 3, 2]}
{[17, 16, 14, 12, 10]}
34
3 13 31
12 8 32
19 12 9
0 4 33
3 6 30
6 7 17
4 5 10
5 8 16
1 7 18
10 2 27
6 9 18
12 16 20
11 1 2
0 20 14
13 15 17
19 14 16
11 15 7
5 14 18
8 17 10
20 15 2
11 19 13
23 24 25
23 26 27
21 22 28
21 27 30
21 26 29
22 25 31
22 24 9
23 29 30
25 28 33
24 28 4
26 32 0
31 33 1
29 32 3
93
{[7, 5, 4, 3, 2]}
{[17, 16, 15, 13, 11]}
34
3 13 33
12 8 32
19 12 9
0 4 31
3 6 26
6 7 17
4 5 10
5 8 16
1 7 18
10 2 29
6 9 18
12 16 20
11 1 2
0 20 14
13 15 17
19 14 16
11 15 7
5 14 18
8 17 10
20 15 2
11 19 13
23 24 25
23 26 27
21 22 28
21 27 30
21 26 29
22 25 4
22 24 31
23 29 30
25 28 9
24 28 33
27 32 3
31 33 1
30 32 0
94
{[7, 5, 4, 3, 2]}
{[17, 16, 15, 13, 11]}
34
3 13 33
12 8 26
19 12 9
0 4 29
3 6 32
6 7 17
4 5 10
5 8 16
1 7 18
10 2 31
6 9 18
12 16 20
11 1 2
0 20 14
13 15 17
19 14 16
11 15 7
5 14 18
8 17 10
20 15 2
11 19 13
23 24 25
23 26 27
21 22 28
21 27 30
21 26 29
22 25 1
22 24 31
23 29 30
25 28 3
24 28 33
27 32 9
31 33 4
30 32 0
95
{[7, 5, 4, 3, 2]}
{[17, 15, 14, 13, 12]}
34
3 13 31
12 8 33
19 12 9
0 4 32
3 6 29
6 7 17
4 5 10
5 8 16
1 7 18
10 2 30
6 9 18
12 16 20
11 1 2
0 20 14
13 15 17
19 14 16
11 15 7
5 14 18
8 17 10
20 15 2
11 19 13
23 24 25
23 26 27
21 22 28
21 27 30
21 26 29
22 25 32
22 24 31
23 29 30
25 28 4
24 28 9
27 33 0
26 33 3
31 32 1
96
{[7, 5, 4, 3, 2]}
{[17, 15, 14, 13, 12]}
34
3 13 31
12 8 29
19 12 9
0 4 30
3 6 33
6 7 17
4 5 10
5 8 16
1 7 18
10 2 32
6 9 18
12 16 20
11 1 2
0 20 14
13 15 17
19 14 16
11 15 7
5 14 18
8 17 10
20 15 2
11 19 13
23 24 25
23 26 27
21 22 28
21 27 30
21 26 29
22 25 32
22 24 31
23 29 30
25 28 1
24 28 3
27 33 0
26 33 9
31 32 4
97
{[9, 8, 7, 3, 2]}
{[5, 4, 2, 1, 0]}
34
13 2 24
12 3 8
0 3 27
1 2 22
19 12 9
6 7 17
5 10 23
5 8 16
1 7 18
10 4 21
6 9 18
12 16 20
11 1 4
0 20 14
13 15 17
19 14 16
11 15 7
5 14 18
8 17 10
20 15 4
11 19 13
22 25 9
21 26 3
24 25 6
23 31 0
21 23 30
22 28 32
29 32 2
26 29 30
27 28 31
25 28 33
24 29 33
26 27 33
30 31 32
98
{[9, 8, 7, 3, 2]}
{[6, 3, 2, 1, 0]}
34
13 2 23
12 3 8
0 3 21
1 2 25
19 12 9
6 7 17
5 10 26
5 8 16
1 7 18
10 4 22
6 9 18
12 16 20
11 1 4
0 20 14
13 15 17
19 14 16
11 15 7
5 14 18
8 17 10
20 15 4
11 19 13
22 24 2
21 27 9
24 25 0
21 23 31
23 30 3
28 32 6
22 29 32
26 29 30
27 28 31
25 28 33
24 29 33
26 27 33
30 31 32
99
{[9, 8, 7, 3, 2]}
{[8, 7, 4, 2, 0]}
34
13 2 21
12 3 8
0 3 22
1 2 23
19 12 9
6 7 17
5 10 31
5 8 16
1 7 18
10 4 25
6 9 18
12 16 20
11 1 4
0 20 14
13 15 17
19 14 16
11 15 7
5 14 18
8 17 10
20 15 4
11 19 13
23 24 0
24 25 2
21 27 3
21 22 26
22 30 9
24 28 32
23 29 32
26 29 30
27 28 31
25 28 33
29 33 6
26 27 33
30 31 32
100
{[9, 8, 7, 3, 2]}
{[9, 7, 3, 2, 0]}
34
13 2 24
12 3 8
0 3 30
1 2 25
19 12 9
6 7 17
5 10 21
5 8 16
1 7 18
10 4 22
6 9 18
12 16 20
11 1 4
0 20 14
13 15 17
19 14 16
11 15 7
5 14 18
8 17 10
20 15 4
11 19 13
23 24 6
23 25 9
21 22 27
21 26 0
22 31 3
24 28 32
23 29 32
26 29 30
27 28 31
28 33 2
25 29 33
26 27 33
30 31 32
101
{[9, 8, 7, 3, 2]}
{[6, 3, 2, 1, 0]}
34
13 2 22
12 3 8
0 3 26
1 2 25
19 12 9
6 7 17
5 10 21
5 8 16
1 7 18
10 4 23
6 9 18
12 16 20
11 1 4
0 20 14
13 15 17
19 14 16
11 15 7
5 14 18
8 17 10
20 15 4
11 19 13
22 24 6
21 27 0
24 25 9
21 23 31
23 30 3
28 32 2
22 29 32
26 29 30
27 28 31
25 28 33
24 29 33
26 27 33
30 31 32
102
{[9, 8, 7, 3, 2]}
{[9, 7, 3, 2, 0]}
34
13 2 22
12 3 8
0 3 21
1 2 25
19 12 9
6 7 17
5 10 30
5 8 16
1 7 18
10 4 24
6 9 18
12 16 20
11 1 4
0 20 14
13 15 17
19 14 16
11 15 7
5 14 18
8 17 10
20 15 4
11 19 13
23 24 2
23 25 0
21 22 27
21 26 9
22 31 3
24 28 32
23 29 32
26 29 30
27 28 31
28 33 6
25 29 33
26 27 33
30 31 32
103
{[9, 8, 7, 3, 2]}
{[5, 4, 2, 1, 0]}
34
13 2 21
12 3 8
0 3 23
1 2 22
19 12 9
6 7 17
5 10 27
5 8 16
1 7 18
10 4 24
6 9 18
12 16 20
11 1 4
0 20 14
13 15 17
19 14 16
11 15 7
5 14 18
8 17 10
20 15 4
11 19 13
22 25 0
21 26 3
24 25 2
23 31 9
21 23 30
22 28 32
29 32 6
26 29 30
27 28 31
25 28 33
24 29 33
26 27 33
30 31 32
104
{[9, 8, 7, 3, 2]}
{[8, 7, 4, 2, 0]}
34
13 2 25
12 3 8
0 3 31
1 2 23
19 12 9
6 7 17
5 10 22
5 8 16
1 7 18
10 4 21
6 9 18
12 16 20
11 1 4
0 20 14
13 15 17
19 14 16
11 15 7
5 14 18
8 17 10
20 15 4
11 19 13
23 24 9
24 25 6
21 27 3
21 22 26
22 30 0
24 28 32
23 29 32
26 29 30
27 28 31
25 28 33
29 33 2
26 27 33
30 31 32
105
{[9, 8, 7, 3, 2]}
{[16, 13, 12, 11, 10]}
34
13 2 33
12 3 8
0 3 26
1 2 32
19 12 9
6 7 17
5 10 31
5 8 16
1 7 18
10 4 27
6 9 18
12 16 20
11 1 4
0 20 14
13 15 17
19 14 16
11 15 7
5 14 18
8 17 10
20 15 4
11 19 13
23 24 25
23 26 27
21 22 28
21 27 30
21 26 29
22 25 2
22 24 9
23 29 30
25 28 32
24 28 31
30 33 6
29 33 3
31 32 0
106
{[9, 8, 7, 3, 2]}
{[17, 16, 14, 12, 10]}
34
13 2 32
12 3 8
0 3 27
1 2 31
19 12 9
6 7 17
5 10 33
5 8 16
1 7 18
10 4 30
6 9 18
12 16 20
11 1 4
0 20 14
13 15 17
19 14 16
11 15 7
5 14 18
8 17 10
20 15 4
11 19 13
23 24 25
23 26 27
21 22 28
21 27 30
21 26 29
22 25 31
22 24 2
23 29 30
25 28 33
24 28 9
26 32 3
31 33 0
29 32 6
107
{[9, 8, 7, 3, 2]}
{[16, 13, 12, 11, 10]}
34
13 2 27
12 3 8
0 3 31
1 2 32
19 12 9
6 7 17
5 10 26
5 8 16
1 7 18
10 4 33
6 9 18
12 16 20
11 1 4
0 20 14
13 15 17
19 14 16
11 15 7
5 14 18
8 17 10
20 15 4
11 19 13
23 24 25
23 26 27
21 22 28
21 27 30
21 26 29
22 25 6
22 24 0
23 29 30
25 28 32
24 28 31
30 33 2
29 33 3
31 32 9
108
{[9, 8, 7, 3, 2]}
{[17, 16, 14, 12, 10]}
34
13 2 30
12 3 8
0 3 33
1 2 31
19 12 9
6 7 17
5 10 27
5 8 16
1 7 18
10 4 32
6 9 18
12 16 20
11 1 4
0 20 14
13 15 17
19 14 16
11 15 7
5 14 18
8 17 10
20 15 4
11 19 13
23 24 25
23 26 27
21 22 28
21 27 30
21 26 29
22 25 31
22 24 6
23 29 30
25 28 33
24 28 0
26 32 3
31 33 9
29 32 2
109
{[9, 8, 7, 3, 2]}
{[17, 16, 15, 13, 11]}
34
13 2 26
12 3 8
0 3 31
1 2 33
19 12 9
6 7 17
5 10 29
5 8 16
1 7 18
10 4 32
6 9 18
12 16 20
11 1 4
0 20 14
13 15 17
19 14 16
11 15 7
5 14 18
8 17 10
20 15 4
11 19 13
23 24 25
23 26 27
21 22 28
21 27 30
21 26 29
22 25 0
22 24 31
23 29 30
25 28 6
24 28 33
27 32 2
31 33 9
30 32 3
110
{[9, 8, 7, 3, 2]}
{[17, 16, 15, 13, 11]}
34
13 2 32
12 3 8
0 3 29
1 2 33
19 12 9
6 7 17
5 10 31
5 8 16
1 7 18
10 4 26
6 9 18
12 16 20
11 1 4
0 20 14
13 15 17
19 14 16
11 15 7
5 14 18
8 17 10
20 15 4
11 19 13
23 24 25
23 26 27
21 22 28
21 27 30
21 26 29
22 25 9
22 24 31
23 29 30
25 28 2
24 28 33
27 32 6
31 33 0
30 32 3
111
{[9, 8, 7, 3, 2]}
{[17, 15, 14, 13, 12]}
34
13 2 29
12 3 8
0 3 32
1 2 31
19 12 9
6 7 17
5 10 30
5 8 16
1 7 18
10 4 33
6 9 18
12 16 20
11 1 4
0 20 14
13 15 17
19 14 16
11 15 7
5 14 18
8 17 10
20 15 4
11 19 13
23 24 25
23 26 27
21 22 28
21 27 30
21 26 29
22 25 32
22 24 31
23 29 30
25 28 0
24 28 6
27 33 3
26 33 2
31 32 9
112
{[9, 8, 7, 3, 2]}
{[17, 15, 14, 13, 12]}
34
13 2 33
12 3 8
0 3 30
1 2 31
19 12 9
6 7 17
5 10 32
5 8 16
1 7 18
10 4 29
6 9 18
12 16 20
11 1 4
0 20 14
13 15 17
19 14 16
11 15 7
5 14 18
8 17 10
20 15 4
11 19 13
23 24 25
23 26 27
21 22 28
21 27 30
21 26 29
22 25 32
22 24 31
23 29 30
25 28 9
24 28 2
27 33 3
26 33 6
31 32 0
113
{[9, 8, 7, 3, 2]}
{[5, 4, 2, 1, 0]}
34
13 2 21
12 3 8
0 3 23
1 2 22
19 12 9
6 7 17
5 10 27
5 8 16
1 7 18
10 4 24
6 9 18
12 16 20
11 1 4
0 20 14
13 15 17
19 14 16
11 15 7
5 14 18
8 17 10
20 15 4
11 19 13
22 25 0
21 26 3
24 25 2
23 31 9
21 23 30
22 28 32
29 32 6
26 29 30
27 28 31
25 28 33
24 29 33
26 27 33
30 31 32
114
{[9, 8, 7, 3, 2]}
{[6, 3, 2, 1, 0]}
34
13 2 22
12 3 8
0 3 26
1 2 25
19 12 9
6 7 17
5 10 21
5 8 16
1 7 18
10 4 23
6 9 18
12 16 20
11 1 4
0 20 14
13 15 17
19 14 16
11 15 7
5 14 18
8 17 10
20 15 4
11 19 13
22 24 6
21 27 0
24 25 9
21 23 31
23 30 3
28 32 2
22 29 32
26 29 30
27 28 31
25 28 33
24 29 33
26 27 33
30 31 32
115
{[9, 8, 7, 3, 2]}
{[8, 7, 4, 2, 0]}
34
13 2 25
12 3 8
0 3 31
1 2 23
19 12 9
6 7 17
5 10 22
5 8 16
1 7 18
10 4 21
6 9 18
12 16 20
11 1 4
0 20 14
13 15 17
19 14 16
11 15 7
5 14 18
8 17 10
20 15 4
11 19 13
23 24 9
24 25 6
21 27 3
21 22 26
22 30 0
24 28 32
23 29 32
26 29 30
27 28 31
25 28 33
29 33 2
26 27 33
30 31 32
116
{[9, 8, 7, 3, 2]}
{[9, 7, 3, 2, 0]}
34
13 2 22
12 3 8
0 3 21
1 2 25
19 12 9
6 7 17
5 10 30
5 8 16
1 7 18
10 4 24
6 9 18
12 16 20
11 1 4
0 20 14
13 15 17
19 14 16
11 15 7
5 14 18
8 17 10
20 15 4
11 19 13
23 24 2
23 25 0
21 22 27
21 26 9
22 31 3
24 28 32
23 29 32
26 29 30
27 28 31
28 33 6
25 29 33
26 27 33
30 31 32
117
{[9, 8, 7, 3, 2]}
{[6, 3, 2, 1, 0]}
34
13 2 23
12 3 8
0 3 21
1 2 25
19 12 9
6 7 17
5 10 26
5 8 16
1 7 18
10 4 22
6 9 18
12 16 20
11 1 4
0 20 14
13 15 17
19 14 16
11 15 7
5 14 18
8 17 10
20 15 4
11 19 13
22 24 2
21 27 9
24 25 0
21 23 31
23 30 3
28 32 6
22 29 32
26 29 30
27 28 31
25 28 33
24 29 33
26 27 33
30 31 32
118
{[9, 8, 7, 3, 2]}
{[9, 7, 3, 2, 0]}
34
13 2 24
12 3 8
0 3 30
1 2 25
19 12 9
6 7 17
5 10 21
5 8 16
1 7 18
10 4 22
6 9 18
12 16 20
11 1 4
0 20 14
13 15 17
19 14 16
11 15 7
5 14 18
8 17 10
20 15 4
11 19 13
23 24 6
23 25 9
21 22 27
21 26 0
22 31 3
24 28 32
23 29 32
26 29 30
27 28 31
28 33 2
25 29 33
26 27 33
30 31 32
119
{[9, 8, 7, 3, 2]}
{[5, 4, 2, 1, 0]}
34
13 2 24
12 3 8
0 3 27
1 2 22
19 12 9
6 7 17
5 10 23
5 8 16
1 7 18
10 4 21
6 9 18
12 16 20
11 1 4
0 20 14
13 15 17
19 14 16
11 15 7
5 14 18
8 17 10
20 15 4
11 19 13
22 25 9
21 26 3
24 25 6
23 31 0
21 23 30
22 28 32
29 32 2
26 29 30
27 28 31
25 28 33
24 29 33
26 27 33
30 31 32
120
{[9, 8, 7, 3, 2]}
{[8, 7, 4, 2, 0]}
34
13 2 21
12 3 8
0 3 22
1 2 23
19 12 9
6 7 17
5 10 31
5 8 16
1 7 18
10 4 25
6 9 18
12 16 20
11 1 4
0 20 14
13 15 17
19 14 16
11 15 7
5 14 18
8 17 10
20 15 4
11 19 13
23 24 0
24 25 2
21 27 3
21 22 26
22 30 9
24 28 32
23 29 32
26 29 30
27 28 31
25 28 33
29 33 6
26 27 33
30 31 32
121
{[9, 8, 7, 3, 2]}
{[16, 13, 12, 11, 10]}
34
13 2 27
12 3 8
0 3 31
1 2 32
19 12 9
6 7 17
5 10 26
5 8 16
1 7 18
10 4 33
6 9 18
12 16 20
11 1 4
0 20 14
13 15 17
19 14 16
11 15 7
5 14 18
8 17 10
20 15 4
11 19 13
23 24 25
23 26 27
21 22 28
21 27 30
21 26 29
22 25 6
22 24 0
23 29 30
25 28 32
24 28 31
30 33 2
29 33 3
31 32 9
122
{[9, 8, 7, 3, 2]}
{[17, 16, 14, 12, 10]}
34
13 2 30
12 3 8
0 3 33
1 2 31
19 12 9
6 7 17
5 10 27
5 8 16
1 7 18
10 4 32
6 9 18
12 16 20
11 1 4
0 20 14
13 15 17
19 14 16
11 15 7
5 14 18
8 17 10
20 15 4
11 19 13
23 24 25
23 26 27
21 22 28
21 27 30
21 26 29
22 25 31
22 24 6
23 29 30
25 28 33
24 28 0
26 32 3
31 33 9
29 32 2
123
{[9, 8, 7, 3, 2]}
{[16, 13, 12, 11, 10]}
34
13 2 33
12 3 8
0 3 26
1 2 32
19 12 9
6 7 17
5 10 31
5 8 16
1 7 18
10 4 27
6 9 18
12 16 20
11 1 4
0 20 14
13 15 17
19 14 16
11 15 7
5 14 18
8 17 10
20 15 4
11 19 13
23 24 25
23 26 27
21 22 28
21 27 30
21 26 29
22 25 2
22 24 9
23 29 30
25 28 32
24 28 31
30 33 6
29 33 3
31 32 0
124
{[9, 8, 7, 3, 2]}
{[17, 16, 14, 12, 10]}
34
13 2 32
12 3 8
0 3 27
1 2 31
19 12 9
6 7 17
5 10 33
5 8 16
1 7 18
10 4 30
6 9 18
12 16 20
11 1 4
0 20 14
13 15 17
19 14 16
11 15 7
5 14 18
8 17 10
20 15 4
11 19 13
23 24 25
23 26 27
21 22 28
21 27 30
21 26 29
22 25 31
22 24 2
23 29 30
25 28 33
24 28 9
26 32 3
31 33 0
29 32 6
125
{[9, 8, 7, 3, 2]}
{[17, 16, 15, 13, 11]}
34
13 2 32
12 3 8
0 3 29
1 2 33
19 12 9
6 7 17
5 10 31
5 8 16
1 7 18
10 4 26
6 9 18
12 16 20
11 1 4
0 20 14
13 15 17
19 14 16
11 15 7
5 14 18
8 17 10
20 15 4
11 19 13
23 24 25
23 26 27
21 22 28
21 27 30
21 26 29
22 25 9
22 24 31
23 29 30
25 28 2
24 28 33
27 32 6
31 33 0
30 32 3
126
{[9, 8, 7, 3, 2]}
{[17, 16, 15, 13, 11]}
34
13 2 26
12 3 8
0 3 31
1 2 33
19 12 9
6 7 17
5 10 29
5 8 16
1 7 18
10 4 32
6 9 18
12 16 20
11 1 4
0 20 14
13 15 17
19 14 16
11 15 7
5 14 18
8 17 10
20 15 4
11 19 13
23 24 25
23 26 27
21 22 28
21 27 30
21 26 29
22 25 0
22 24 31
23 29 30
25 28 6
24 28 33
27 32 2
31 33 9
30 32 3
127
{[9, 8, 7, 3, 2]}
{[17, 15, 14, 13, 12]}
34
13 2 33
12 3 8
0 3 30
1 2 31
19 12 9
6 7 17
5 10 32
5 8 16
1 7 18
10 4 29
6 9 18
12 16 20
11 1 4
0 20 14
13 15 17
19 14 16
11 15 7
5 14 18
8 17 10
20 15 4
11 19 13
23 24 25
23 26 27
21 22 28
21 27 30
21 26 29
22 25 32
22 24 31
23 29 30
25 28 9
24 28 2
27 33 3
26 33 6
31 32 0
128
{[9, 8, 7, 3, 2]}
{[17, 15, 14, 13, 12]}
34
13 2 29
12 3 8
0 3 32
1 2 31
19 12 9
6 7 17
5 10 30
5 8 16
1 7 18
10 4 33
6 9 18
12 16 20
11 1 4
0 20 14
13 15 17
19 14 16
11 15 7
5 14 18
8 17 10
20 15 4
11 19 13
23 24 25
23 26 27
21 22 28
21 27 30
21 26 29
22 25 32
22 24 31
23 29 30
25 28 0
24 28 6
27 33 3
26 33 2
31 32 9
129
{[25, 24, 17, 16, 6]}
{[5, 4, 2, 1, 0]}
34
7 15 4
5 12 24
8 4 6
7 5 6
0 2 5
1 3 4
2 3 13
0 8 3
7 2 10
10 11 19
8 9 14
9 12 18
1 11 20
14 6 22
10 13 20
0 16 27
15 17 19
16 18 21
17 11 23
9 16 20
12 19 14
22 25 17
21 26 13
24 25 18
23 31 1
21 23 30
22 28 32
29 32 15
26 29 30
27 28 31
25 28 33
24 29 33
26 27 33
30 31 32
130
{[25, 24, 17, 16, 6]}
{[6, 3, 2, 1, 0]}
34
7 15 4
5 12 23
8 4 6
7 5 6
0 2 5
1 3 4
2 3 13
0 8 3
7 2 10
10 11 19
8 9 14
9 12 18
1 11 20
14 6 25
10 13 20
0 16 21
15 17 19
16 18 22
17 11 26
9 16 20
12 19 14
22 24 15
21 27 17
24 25 1
21 23 31
23 30 13
28 32 18
22 29 32
26 29 30
27 28 31
25 28 33
24 29 33
26 27 33
30 31 32
131
{[25, 24, 17, 16, 6]}
{[8, 7, 4, 2, 0]}
34
7 15 4
5 12 21
8 4 6
7 5 6
0 2 5
1 3 4
2 3 13
0 8 3
7 2 10
10 11 19
8 9 14
9 12 18
1 11 20
14 6 23
10 13 20
0 16 22
15 17 19
16 18 25
17 11 31
9 16 20
12 19 14
23 24 1
24 25 15
21 27 13
21 22 26
22 30 17
24 28 32
23 29 32
26 29 30
27 28 31
25 28 33
29 33 18
26 27 33
30 31 32
132
{[25, 24, 17, 16, 6]}
{[9, 7, 3, 2, 0]}
34
7 15 4
5 12 24
8 4 6
7 5 6
0 2 5
1 3 4
2 3 13
0 8 3
7 2 10
10 11 19
8 9 14
9 12 18
1 11 20
14 6 25
10 13 20
0 16 30
15 17 19
16 18 22
17 11 21
9 16 20
12 19 14
23 24 18
23 25 17
21 22 27
21 26 1
22 31 13
24 28 32
23 29 32
26 29 30
27 28 31
28 33 15
25 29 33
26 27 33
30 31 32
133
{[25, 24, 17, 16, 6]}
{[6, 3, 2, 1, 0]}
34
7 15 4
5 12 22
8 4 6
7 5 6
0 2 5
1 3 4
2 3 13
0 8 3
7 2 10
10 11 19
8 9 14
9 12 18
1 11 20
14 6 25
10 13 20
0 16 26
15 17 19
16 18 23
17 11 21
9 16 20
12 19 14
22 24 18
21 27 1
24 25 17
21 23 31
23 30 13
28 32 15
22 29 32
26 29 30
27 28 31
25 28 33
24 29 33
26 27 33
30 31 32
134
{[25, 24, 17, 16, 6]}
{[9, 7, 3, 2, 0]}
34
7 15 4
5 12 22
8 4 6
7 5 6
0 2 5
1 3 4
2 3 13
0 8 3
7 2 10
10 11 19
8 9 14
9 12 18
1 11 20
14 6 25
10 13 20
0 16 21
15 17 19
16 18 24
17 11 30
9 16 20
12 19 14
23 24 15
23 25 1
21 22 27
21 26 17
22 31 13
24 28 32
23 29 32
26 29 30
27 28 31
28 33 18
25 29 33
26 27 33
30 31 32
135
{[25, 24, 17, 16, 6]}
{[5, 4, 2, 1, 0]}
34
7 15 4
5 12 21
8 4 6
7 5 6
0 2 5
1 3 4
2 3 13
0 8 3
7 2 10
10 11 19
8 9 14
9 12 18
1 11 20
14 6 22
10 13 20
0 16 23
15 17 19
16 18 24
17 11 27
9 16 20
12 19 14
22 25 1
21 26 13
24 25 15
23 31 17
21 23 30
22 28 32
29 32 18
26 29 30
27 28 31
25 28 33
24 29 33
26 27 33
30 31 32
136
{[25, 24, 17, 16, 6]}
{[8, 7, 4, 2, 0]}
34
7 15 4
5 12 25
8 4 6
7 5 6
0 2 5
1 3 4
2 3 13
0 8 3
7 2 10
10 11 19
8 9 14
9 12 18
1 11 20
14 6 23
10 13 20
0 16 31
15 17 19
16 18 21
17 11 22
9 16 20
12 19 14
23 24 17
24 25 18
21 27 13
21 22 26
22 30 1
24 28 32
23 29 32
26 29 30
27 28 31
25 28 33
29 33 15
26 27 33
30 31 32
137
{[25, 24, 17, 16, 6]}
{[16, 13, 12, 11, 10]}
34
7 15 4
5 12 33
8 4 6
7 5 6
0 2 5
1 3 4
2 3 13
0 8 3
7 2 10
10 11 19
8 9 14
9 12 18
1 11 20
14 6 32
10 13 20
0 16 26
15 17 19
16 18 27
17 11 31
9 16 20
12 19 14
23 24 25
23 26 27
21 22 28
21 27 30
21 26 29
22 25 15
22 24 17
23 29 30
25 28 32
24 28 31
30 33 18
29 33 13
31 32 1
138
{[25, 24, 17, 16, 6]}
{[17, 16, 14, 12, 10]}
34
7 15 4
5 12 32
8 4 6
7 5 6
0 2 5
1 3 4
2 3 13
0 8 3
7 2 10
10 11 19
8 9 14
9 12 18
1 11 20
14 6 31
10 13 20
0 16 27
15 17 19
16 18 30
17 11 33
9 16 20
12 19 14
23 24 25
23 26 27
21 22 28
21 27 30
21 26 29
22 25 31
22 24 15
23 29 30
25 28 33
24 28 17
26 32 13
31 33 1
29 32 18
139
{[25, 24, 17, 16, 6]}
{[16, 13, 12, 11, 10]}
34
7 15 4
5 12 27
8 4 6
7 5 6
0 2 5
1 3 4
2 3 13
0 8 3
7 2 10
10 11 19
8 9 14
9 12 18
1 11 20
14 6 32
10 13 20
0 16 31
15 17 19
16 18 33
17 11 26
9 16 20
12 19 14
23 24 25
23 26 27
21 22 28
21 27 30
21 26 29
22 25 18
22 24 1
23 29 30
25 28 32
24 28 31
30 33 15
29 33 13
31 32 17
140
{[25, 24, 17, 16, 6]}
{[17, 16, 14, 12, 10]}
34
7 15 4
5 12 30
8 4 6
7 5 6
0 2 5
1 3 4
2 3 13
0 8 3
7 2 10
10 11 19
8 9 14
9 12 18
1 11 20
14 6 31
10 13 20
0 16 33
15 17 19
16 18 32
17 11 27
9 16 20
12 19 14
23 24 25
23 26 27
21 22 28
21 27 30
21 26 29
22 25 31
22 24 18
23 29 30
25 28 33
24 28 1
26 32 13
31 33 17
29 32 15
141
{[25, 24, 17, 16, 6]}
{[17, 16, 15, 13, 11]}
34
7 15 4
5 12 26
8 4 6
7 5 6
0 2 5
1 3 4
2 3 13
0 8 3
7 2 10
10 11 19
8 9 14
9 12 18
1 11 20
14 6 33
10 13 20
0 16 31
15 17 19
16 18 32
17 11 29
9 16 20
12 19 14
23 24 25
23 26 27
21 22 28
21 27 30
21 26 29
22 25 1
22 24 31
23 29 30
25 28 18
24 28 33
27 32 15
31 33 17
30 32 13
142
{[25, 24, 17, 16, 6]}
{[17, 16, 15, 13, 11]}
34
7 15 4
5 12 32
8 4 6
7 5 6
0 2 5
1 3 4
2 3 13
0 8 3
7 2 10
10 11 19
8 9 14
9 12 18
1 11 20
14 6 33
10 13 20
0 16 29
15 17 19
16 18 26
17 11 31
9 16 20
12 19 14
23 24 25
23 26 27
21 22 28
21 27 30
21 26 29
22 25 17
22 24 31
23 29 30
25 28 15
24 28 33
27 32 18
31 33 1
30 32 13
143
{[25, 24, 17, 16, 6]}
{[17, 15, 14, 13, 12]}
34
7 15 4
5 12 29
8 4 6
7 5 6
0 2 5
1 3 4
2 3 13
0 8 3
7 2 10
10 11 19
8 9 14
9 12 18
1 11 20
14 6 31
10 13 20
0 16 32
15 17 19
16 18 33
17 11 30
9 16 20
12 19 14
23 24 25
23 26 27
21 22 28
21 27 30
21 26 29
22 25 32
22 24 31
23 29 30
25 28 1
24 28 18
27 33 13
26 33 15
31 32 17
144
{[25, 24, 17, 16, 6]}
{[17, 15, 14, 13, 12]}
34
7 15 4
5 12 33
8 4 6
7 5 6
0 2 5
1 3 4
2 3 13
0 8 3
7 2 10
10 11 19
8 9 14
9 12 18
1 11 20
14 6 31
10 13 20
0 16 30
15 17 19
16 18 29
17 11 32
9 16 20
12 19 14
23 24 25
23 26 27
21 22 28
21 27 30
21 26 29
22 25 32
22 24 31
23 29 30
25 28 17
24 28 15
27 33 13
26 33 18
31 32 1
145
{[25, 24, 17, 16, 6]}
{[5, 4, 2, 1, 0]}
34
7 15 4
5 12 21
8 4 6
7 5 6
0 2 5
1 3 4
2 3 13
0 8 3
7 2 10
10 11 19
8 9 14
9 12 18
1 11 20
14 6 22
10 13 20
0 16 23
15 17 19
16 18 24
17 11 27
9 16 20
12 19 14
22 25 1
21 26 13
24 25 15
23 31 17
21 23 30
22 28 32
29 32 18
26 29 30
27 28 31
25 28 33
24 29 33
26 27 33
30 31 32
146
{[25, 24, 17, 16, 6]}
{[6, 3, 2, 1, 0]}
34
7 15 4
5 12 22
8 4 6
7 5 6
0 2 5
1 3 4
2 3 13
0 8 3
7 2 10
10 11 19
8 9 14
9 12 18
1 11 20
14 6 25
10 13 20
0 16 26
15 17 19
16 18 23
17 11 21
9 16 20
12 19 14
22 24 18
21 27 1
24 25 17
21 23 31
23 30 13
28 32 15
22 29 32
26 29 30
27 28 31
25 28 33
24 29 33
26 27 33
30 31 32
147
{[25, 24, 17, 16, 6]}
{[8, 7, 4, 2, 0]}
34
7 15 4
5 12 25
8 4 6
7 5 6
0 2 5
1 3 4
2 3 13
0 8 3
7 2 10
10 11 19
8 9 14
9 12 18
1 11 20
14 6 23
10 13 20
0 16 31
15 17 19
16 18 21
17 11 22
9 16 20
12 19 14
23 24 17
24 25 18
21 27 13
21 22 26
22 30 1
24 28 32
23 29 32
26 29 30
27 28 31
25 28 33
29 33 15
26 27 33
30 31 32
148
{[25, 24, 17, 16, 6]}
{[9, 7, 3, 2, 0]}
34
7 15 4
5 12 22
8 4 6
7 5 6
0 2 5
1 3 4
2 3 13
0 8 3
7 2 10
10 11 19
8 9 14
9 12 18
1 11 20
14 6 25
10 13 20
0 16 21
15 17 19
16 18 24
17 11 30
9 16 20
12 19 14
23 24 15
23 25 1
21 22 27
21 26 17
22 31 13
24 28 32
23 29 32
26 29 30
27 28 31
28 33 18
25 29 33
26 27 33
30 31 32
149
{[25, 24, 17, 16, 6]}
{[6, 3, 2, 1, 0]}
34
7 15 4
5 12 23
8 4 6
7 5 6
0 2 5
1 3 4
2 3 13
0 8 3
7 2 10
10 11 19
8 9 14
9 12 18
1 11 20
14 6 25
10 13 20
0 16 21
15 17 19
16 18 22
17 11 26
9 16 20
12 19 14
22 24 15
21 27 17
24 25 1
21 23 31
23 30 13
28 32 18
22 29 32
26 29 30
27 28 31
25 28 33
24 29 33
26 27 33
30 31 32
150
{[25, 24, 17, 16, 6]}
{[9, 7, 3, 2, 0]}
34
7 15 4
5 12 24
8 4 6
7 5 6
0 2 5
1 3 4
2 3 13
0 8 3
7 2 10
10 11 19
8 9 14
9 12 18
1 11 20
14 6 25
10 13 20
0 16 30
15 17 19
16 18 22
17 11 21
9 16 20
12 19 14
23 24 18
23 25 17
21 22 27
21 26 1
22 31 13
24 28 32
23 29 32
26 29 30
27 28 31
28 33 15
25 29 33
26 27 33
30 31 32
151
{[25, 24, 17, 16, 6]}
{[5, 4, 2, 1, 0]}
34
7 15 4
5 12 24
8 4 6
7 5 6
0 2 5
1 3 4
2 3 13
0 8 3
7 2 10
10 11 19
8 9 14
9 12 18
1 11 20
14 6 22
10 13 20
0 16 27
15 17 19
16 18 21
17 11 23
9 16 20
12 19 14
22 25 17
21 26 13
24 25 18
23 31 1
21 23 30
22 28 32
29 32 15
26 29 30
27 28 31
25 28 33
24 29 33
26 27 33
30 31 32
152
{[25, 24, 17, 16, 6]}
{[8, 7, 4, 2, 0]}
34
7 15 4
5 12 21
8 4 6
7 5 6
0 2 5
1 3 4
2 3 13
0 8 3
7 2 10
10 11 19
8 9 14
9 12 18
1 11 20
14 6 23
10 13 20
0 16 22
15 17 19
16 18 25
17 11 31
9 16 20
12 19 14
23 24 1
24 25 15
21 27 13
21 22 26
22 30 17
24 28 32
23 29 32
26 29 30
27 28 31
25 28 33
29 33 18
26 27 33
30 31 32
153
{[25, 24, 17, 16, 6]}
{[16, 13, 12, 11, 10]}
34
7 15 4
5 12 27
8 4 6
7 5 6
0 2 5
1 3 4
2 3 13
0 8 3
7 2 10
10 11 19
8 9 14
9 12 18
1 11 20
14 6 32
10 13 20
0 16 31
15 17 19
16 18 33
17 11 26
9 16 20
12 19 14
23 24 25
23 26 27
21 22 28
21 27 30
21 26 29
22 25 18
22 24 1
23 29 30
25 28 32
24 28 31
30 33 15
29 33 13
31 32 17
154
{[25, 24, 17, 16, 6]}
{[17, 16, 14, 12, 10]}
34
7 15 4
5 12 30
8 4 6
7 5 6
0 2 5
1 3 4
2 3 13
0 8 3
7 2 10
10 11 19
8 9 14
9 12 18
1 11 20
14 6 31
10 13 20
0 16 33
15 17 19
16 18 32
17 11 27
9 16 20
12 19 14
23 24 25
23 26 27
21 22 28
21 27 30
21 26 29
22 25 31
22 24 18
23 29 30
25 28 33
24 28 1
26 32 13
31 33 17
29 32 15
155
{[25, 24, 17, 16, 6]}
{[16, 13, 12, 11, 10]}
34
7 15 4
5 12 33
8 4 6
7 5 6
0 2 5
1 3 4
2 3 13
0 8 3
7 2 10
10 11 19
8 9 14
9 12 18
1 11 20
14 6 32
10 13 20
0 16 26
15 17 19
16 18 27
17 11 31
9 16 20
12 19 14
23 24 25
23 26 27
21 22 28
21 27 30
21 26 29
22 25 15
22 24 17
23 29 30
25 28 32
24 28 31
30 33 18
29 33 13
31 32 1
156
{[25, 24, 17, 16, 6]}
{[17, 16, 14, 12, 10]}
34
7 15 4
5 12 32
8 4 6
7 5 6
0 2 5
1 3 4
2 3 13
0 8 3
7 2 10
10 11 19
8 9 14
9 12 18
1 11 20
14 6 31
10 13 20
0 16 27
15 17 19
16 18 30
17 11 33
9 16 20
12 19 14
23 24 25
23 26 27
21 22 28
21 27 30
21 26 29
22 25 31
22 24 15
23 29 30
25 28 33
24 28 17
26 32 13
31 33 1
29 32 18
157
{[25, 24, 17, 16, 6]}
{[17, 16, 15, 13, 11]}
34
7 15 4
5 12 32
8 4 6
7 5 6
0 2 5
1 3 4
2 3 13
0 8 3
7 2 10
10 11 19
8 9 14
9 12 18
1 11 20
14 6 33
10 13 20
0 16 29
15 17 19
16 18 26
17 11 31
9 16 20
12 19 14
23 24 25
23 26 27
21 22 28
21 27 30
21 26 29
22 25 17
22 24 31
23 29 30
25 28 15
24 28 33
27 32 18
31 33 1
30 32 13
158
{[25, 24, 17, 16, 6]}
{[17, 16, 15, 13, 11]}
34
7 15 4
5 12 26
8 4 6
7 5 6
0 2 5
1 3 4
2 3 13
0 8 3
7 2 10
10 11 19
8 9 14
9 12 18
1 11 20
14 6 33
10 13 20
0 16 31
15 17 19
16 18 32
17 11 29
9 16 20
12 19 14
23 24 25
23 26 27
21 22 28
21 27 30
21 26 29
22 25 1
22 24 31
23 29 30
25 28 18
24 28 33
27 32 15
31 33 17
30 32 13
159
{[25, 24, 17, 16, 6]}
{[17, 15, 14, 13, 12]}
34
7 15 4
5 12 33
8 4 6
7 5 6
0 2 5
1 3 4
2 3 13
0 8 3
7 2 10
10 11 19
8 9 14
9 12 18
1 11 20
14 6 31
10 13 20
0 16 30
15 17 19
16 18 29
17 11 32
9 16 20
12 19 14
23 24 25
23 26 27
21 22 28
21 27 30
21 26 29
22 25 32
22 24 31
23 29 30
25 28 17
24 28 15
27 33 13
26 33 18
31 32 1
160
{[25, 24, 17, 16, 6]}
{[17, 15, 14, 13, 12]}
34
7 15 4
5 12 29
8 4 6
7 5 6
0 2 5
1 3 4
2 3 13
0 8 3
7 2 10
10 11 19
8 9 14
9 12 18
1 11 20
14 6 31
10 13 20
0 16 32
15 17 19
16 18 33
17 11 30
9 16 20
12 19 14
23 24 25
23 26 27
21 22 28
21 27 30
21 26 29
22 25 32
22 24 31
23 29 30
25 28 1
24 28 18
27 33 13
26 33 15
31 32 17
161
{[23, 22, 15, 11, 10]}
{[5, 4, 2, 1, 0]}
34
8 15 4
14 5 11
9 4 7
8 5 7
0 2 5
1 3 4
19 14 12
2 3 12
0 9 3
8 2 24
11 18 22
1 10 27
6 7 23
14 18 20
13 1 6
0 20 16
15 17 21
19 16 18
13 17 10
20 17 6
13 19 15
22 25 16
21 26 10
24 25 12
23 31 9
21 23 30
22 28 32
29 32 11
26 29 30
27 28 31
25 28 33
24 29 33
26 27 33
30 31 32
162
{[23, 22, 15, 11, 10]}
{[6, 3, 2, 1, 0]}
34
8 15 4
14 5 11
9 4 7
8 5 7
0 2 5
1 3 4
19 14 12
2 3 12
0 9 3
8 2 23
11 18 25
1 10 21
6 7 26
14 18 20
13 1 6
0 20 16
15 17 22
19 16 18
13 17 10
20 17 6
13 19 15
22 24 11
21 27 16
24 25 9
21 23 31
23 30 10
28 32 12
22 29 32
26 29 30
27 28 31
25 28 33
24 29 33
26 27 33
30 31 32
163
{[23, 22, 15, 11, 10]}
{[8, 7, 4, 2, 0]}
34
8 15 4
14 5 11
9 4 7
8 5 7
0 2 5
1 3 4
19 14 12
2 3 12
0 9 3
8 2 21
11 18 23
1 10 22
6 7 31
14 18 20
13 1 6
0 20 16
15 17 25
19 16 18
13 17 10
20 17 6
13 19 15
23 24 9
24 25 11
21 27 10
21 22 26
22 30 16
24 28 32
23 29 32
26 29 30
27 28 31
25 28 33
29 33 12
26 27 33
30 31 32
164
{[23, 22, 15, 11, 10]}
{[9, 7, 3, 2, 0]}
34
8 15 4
14 5 11
9 4 7
8 5 7
0 2 5
1 3 4
19 14 12
2 3 12
0 9 3
8 2 24
11 18 25
1 10 30
6 7 21
14 18 20
13 1 6
0 20 16
15 17 22
19 16 18
13 17 10
20 17 6
13 19 15
23 24 12
23 25 16
21 22 27
21 26 9
22 31 10
24 28 32
23 29 32
26 29 30
27 28 31
28 33 11
25 29 33
26 27 33
30 31 32
165
{[23, 22, 15, 11, 10]}
{[6, 3, 2, 1, 0]}
34
8 15 4
14 5 11
9 4 7
8 5 7
0 2 5
1 3 4
19 14 12
2 3 12
0 9 3
8 2 22
11 18 25
1 10 26
6 7 21
14 18 20
13 1 6
0 20 16
15 17 23
19 16 18
13 17 10
20 17 6
13 19 15
22 24 12
21 27 9
24 25 16
21 23 31
23 30 10
28 32 11
22 29 32
26 29 30
27 28 31
25 28 33
24 29 33
26 27 33
30 31 32
166
{[23, 22, 15, 11, 10]}
{[9, 7, 3, 2, 0]}
34
8 15 4
14 5 11
9 4 7
8 5 7
0 2 5
1 3 4
19 14 12
2 3 12
0 9 3
8 2 22
11 18 25
1 10 21
6 7 30
14 18 20
13 1 6
0 20 16
15 17 24
19 16 18
13 17 10
20 17 6
13 19 15
23 24 11
23 25 9
21 22 27
21 26 16
22 31 10
24 28 32
23 29 32
26 29 30
27 28 31
28 33 12
25 29 33
26 27 33
30 31 32
167
{[23, 22, 15, 11, 10]}
{[5, 4, 2, 1, 0]}
34
8 15 4
14 5 11
9 4 7
8 5 7
0 2 5
1 3 4
19 14 12
2 3 12
0 9 3
8 2 21
11 18 22
1 10 23
6 7 27
14 18 20
13 1 6
0 20 16
15 17 24
19 16 18
13 17 10
20 17 6
13 19 15
22 25 9
21 26 10
24 25 11
23 31 16
21 23 30
22 28 32
29 32 12
26 29 30
27 28 31
25 28 33
24 29 33
26 27 33
30 31 32
168
{[23, 22, 15, 11, 10]}
{[8, 7, 4, 2, 0]}
34
8 15 4
14 5 11
9 4 7
8 5 7
0 2 5
1 3 4
19 14 12
2 3 12
0 9 3
8 2 25
11 18 23
1 10 31
6 7 22
14 18 20
13 1 6
0 20 16
15 17 21
19 16 18
13 17 10
20 17 6
13 19 15
23 24 16
24 25 12
21 27 10
21 22 26
22 30 9
24 28 32
23 29 32
26 29 30
27 28 31
25 28 33
29 33 11
26 27 33
30 31 32
169
{[23, 22, 15, 11, 10]}
{[16, 13, 12, 11, 10]}
34
8 15 4
14 5 11
9 4 7
8 5 7
0 2 5
1 3 4
19 14 12
2 3 12
0 9 3
8 2 33
11 18 32
1 10 26
6 7 31
14 18 20
13 1 6
0 20 16
15 17 27
19 16 18
13 17 10
20 17 6
13 19 15
23 24 25
23 26 27
21 22 28
21 27 30
21 26 29
22 25 11
22 24 16
23 29 30
25 28 32
24 28 31
30 33 12
29 33 10
31 32 9
170
{[23, 22, 15, 11, 10]}
{[17, 16, 14, 12, 10]}
34
8 15 4
14 5 11
9 4 7
8 5 7
0 2 5
1 3 4
19 14 12
2 3 12
0 9 3
8 2 32
11 18 31
1 10 27
6 7 33
14 18 20
13 1 6
0 20 16
15 17 30
19 16 18
13 17 10
20 17 6
13 19 15
23 24 25
23 26 27
21 22 28
21 27 30
21 26 29
22 25 31
22 24 11
23 29 30
25 28 33
24 28 16
26 32 10
31 33 9
29 32 12
171
{[23, 22, 15, 11, 10]}
{[16, 13, 12, 11, 10]}
34
8 15 4
14 5 11
9 4 7
8 5 7
0 2 5
1 3 4
19 14 12
2 3 12
0 9 3
8 2 27
11 18 32
1 10 31
6 7 26
14 18 20
13 1 6
0 20 16
15 17 33
19 16 18
13 17 10
20 17 6
13 19 15
23 24 25
23 26 27
21 22 28
21 27 30
21 26 29
22 25 12
22 24 9
23 29 30
25 28 32
24 28 31
30 33 11
29 33 10
31 32 16
172
{[23, 22, 15, 11, 10]}
{[17, 16, 14, 12, 10]}
34
8 15 4
14 5 11
9 4 7
8 5 7
0 2 5
1 3 4
19 14 12
2 3 12
0 9 3
8 2 30
11 18 31
1 10 33
6 7 27
14 18 20
13 1 6
0 20 16
15 17 32
19 16 18
13 17 10
20 17 6
13 19 15
23 24 25
23 26 27
21 22 28
21 27 30
21 26 29
22 25 31
22 24 12
23 29 30
25 28 33
24 28 9
26 32 10
31 33 16
29 32 11
173
{[23, 22, 15, 11, 10]}
{[17, 16, 15, 13, 11]}
34
8 15 4
14 5 11
9 4 7
8 5 7
0 2 5
1 3 4
19 14 12
2 3 12
0 9 3
8 2 26
11 18 33
1 10 31
6 7 29
14 18 20
13 1 6
0 20 16
15 17 32
19 16 18
13 17 10
20 17 6
13 19 15
23 24 25
23 26 27
21 22 28
21 27 30
21 26 29
22 25 9
22 24 31
23 29 30
25 28 12
24 28 33
27 32 11
31 33 16
30 32 10
174
{[23, 22, 15, 11, 10]}
{[17, 16, 15, 13, 11]}
34
8 15 4
14 5 11
9 4 7
8 5 7
0 2 5
1 3 4
19 14 12
2 3 12
0 9 3
8 2 32
11 18 33
1 10 29
6 7 31
14 18 20
13 1 6
0 20 16
15 17 26
19 16 18
13 17 10
20 17 6
13 19 15
23 24 25
23 26 27
21 22 28
21 27 30
21 26 29
22 25 16
22 24 31
23 29 30
25 28 11
24 28 33
27 32 12
31 33 9
30 32 10
175
{[23, 22, 15, 11, 10]}
{[17, 15, 14, 13, 12]}
34
8 15 4
14 5 11
9 4 7
8 5 7
0 2 5
1 3 4
19 14 12
2 3 12
0 9 3
8 2 29
11 18 31
1 10 32
6 7 30
14 18 20
13 1 6
0 20 16
15 17 33
19 16 18
13 17 10
20 17 6
13 19 15
23 24 25
23 26 27
21 22 28
21 27 30
21 26 29
22 25 32
22 24 31
23 29 30
25 28 9
24 28 12
27 33 10
26 33 11
31 32 16
176
{[23, 22, 15, 11, 10]}
{[17, 15, 14, 13, 12]}
34
8 15 4
14 5 11
9 4 7
8 5 7
0 2 5
1 3 4
19 14 12
2 3 12
0 9 3
8 2 33
11 18 31
1 10 30
6 7 32
14 18 20
13 1 6
0 20 16
15 17 29
19 16 18
13 17 10
20 17 6
13 19 15
23 24 25
23 26 27
21 22 28
21 27 30
21 26 29
22 25 32
22 24 31
23 29 30
25 28 16
24 28 11
27 33 10
26 33 12
31 32 9
177
{[23, 22, 13, 12, 10]}
{[5, 4, 2, 1, 0]}
34
8 15 4
14 5 22
9 4 7
8 5 7
0 2 5
1 3 4
19 14 11
2 3 11
0 9 3
8 2 10
9 12 27
12 6 7
10 11 24
14 18 20
13 1 6
0 20 16
15 17 23
19 16 18
13 17 21
20 17 6
13 19 15
22 25 18
21 26 1
24 25 16
23 31 12
21 23 30
22 28 32
29 32 10
26 29 30
27 28 31
25 28 33
24 29 33
26 27 33
30 31 32
178
{[23, 22, 13, 12, 10]}
{[6, 3, 2, 1, 0]}
34
8 15 4
14 5 25
9 4 7
8 5 7
0 2 5
1 3 4
19 14 11
2 3 11
0 9 3
8 2 10
9 12 21
12 6 7
10 11 23
14 18 20
13 1 6
0 20 16
15 17 26
19 16 18
13 17 22
20 17 6
13 19 15
22 24 10
21 27 18
24 25 12
21 23 31
23 30 1
28 32 16
22 29 32
26 29 30
27 28 31
25 28 33
24 29 33
26 27 33
30 31 32
179
{[23, 22, 13, 12, 10]}
{[8, 7, 4, 2, 0]}
34
8 15 4
14 5 23
9 4 7
8 5 7
0 2 5
1 3 4
19 14 11
2 3 11
0 9 3
8 2 10
9 12 22
12 6 7
10 11 21
14 18 20
13 1 6
0 20 16
15 17 31
19 16 18
13 17 25
20 17 6
13 19 15
23 24 12
24 25 10
21 27 1
21 22 26
22 30 18
24 28 32
23 29 32
26 29 30
27 28 31
25 28 33
29 33 16
26 27 33
30 31 32
180
{[23, 22, 13, 12, 10]}
{[9, 7, 3, 2, 0]}
34
8 15 4
14 5 25
9 4 7
8 5 7
0 2 5
1 3 4
19 14 11
2 3 11
0 9 3
8 2 10
9 12 30
12 6 7
10 11 24
14 18 20
13 1 6
0 20 16
15 17 21
19 16 18
13 17 22
20 17 6
13 19 15
23 24 16
23 25 18
21 22 27
21 26 12
22 31 1
24 28 32
23 29 32
26 29 30
27 28 31
28 33 10
25 29 33
26 27 33
30 31 32
181
{[23, 22, 13, 12, 10]}
{[6, 3, 2, 1, 0]}
34
8 15 4
14 5 25
9 4 7
8 5 7
0 2 5
1 3 4
19 14 11
2 3 11
0 9 3
8 2 10
9 12 26
12 6 7
10 11 22
14 18 20
13 1 6
0 20 16
15 17 21
19 16 18
13 17 23
20 17 6
13 19 15
22 24 16
21 27 12
24 25 18
21 23 31
23 30 1
28 32 10
22 29 32
26 29 30
27 28 31
25 28 33
24 29 33
26 27 33
30 31 32
182
{[23, 22, 13, 12, 10]}
{[9, 7, 3, 2, 0]}
34
8 15 4
14 5 25
9 4 7
8 5 7
0 2 5
1 3 4
19 14 11
2 3 11
0 9 3
8 2 10
9 12 21
12 6 7
10 11 22
14 18 20
13 1 6
0 20 16
15 17 30
19 16 18
13 17 24
20 17 6
13 19 15
23 24 10
23 25 12
21 22 27
21 26 18
22 31 1
24 28 32
23 29 32
26 29 30
27 28 31
28 33 16
25 29 33
26 27 33
30 31 32
183
{[23, 22, 13, 12, 10]}
{[5, 4, 2, 1, 0]}
34
8 15 4
14 5 22
9 4 7
8 5 7
0 2 5
1 3 4
19 14 11
2 3 11
0 9 3
8 2 10
9 12 23
12 6 7
10 11 21
14 18 20
13 1 6
0 20 16
15 17 27
19 16 18
13 17 24
20 17 6
13 19 15
22 25 12
21 26 1
24 25 10
23 31 18
21 23 30
22 28 32
29 32 16
26 29 30
27 28 31
25 28 33
24 29 33
26 27 33
30 31 32
184
{[23, 22, 13, 12, 10]}
{[8, 7, 4, 2, 0]}
34
8 15 4
14 5 23
9 4 7
8 5 7
0 2 5
1 3 4
19 14 11
2 3 11
0 9 3
8 2 10
9 12 31
12 6 7
10 11 25
14 18 20
13 1 6
0 20 16
15 17 22
19 16 18
13 17 21
20 17 6
13 19 15
23 24 18
24 25 16
21 27 1
21 22 26
22 30 12
24 28 32
23 29 32
26 29 30
27 28 31
25 28 33
29 33 10
26 27 33
30 31 32
185
{[23, 22, 13, 12, 10]}
{[16, 13, 12, 11, 10]}
34
8 15 4
14 5 32
9 4 7
8 5 7
0 2 5
1 3 4
19 14 11
2 3 11
0 9 3
8 2 10
9 12 26
12 6 7
10 11 33
14 18 20
13 1 6
0 20 16
15 17 31
19 16 18
13 17 27
20 17 6
13 19 15
23 24 25
23 26 27
21 22 28
21 27 30
21 26 29
22 25 10
22 24 18
23 29 30
25 28 32
24 28 31
30 33 16
29 33 1
31 32 12
186
{[23, 22, 13, 12, 10]}
{[17, 16, 14, 12, 10]}
34
8 15 4
14 5 31
9 4 7
8 5 7
0 2 5
1 3 4
19 14 11
2 3 11
0 9 3
8 2 10
9 12 27
12 6 7
10 11 32
14 18 20
13 1 6
0 20 16
15 17 33
19 16 18
13 17 30
20 17 6
13 19 15
23 24 25
23 26 27
21 22 28
21 27 30
21 26 29
22 25 31
22 24 10
23 29 30
25 28 33
24 28 18
26 32 1
31 33 12
29 32 16
187
{[23, 22, 13, 12, 10]}
{[16, 13, 12, 11, 10]}
34
8 15 4
14 5 32
9 4 7
8 5 7
0 2 5
1 3 4
19 14 11
2 3 11
0 9 3
8 2 10
9 12 31
12 6 7
10 11 27
14 18 20
13 1 6
0 20 16
15 17 26
19 16 18
13 17 33
20 17 6
13 19 15
23 24 25
23 26 27
21 22 28
21 27 30
21 26 29
22 25 16
22 24 12
23 29 30
25 28 32
24 28 31
30 33 10
29 33 1
31 32 18
188
{[23, 22, 13, 12, 10]}
{[17, 16, 14, 12, 10]}
34
8 15 4
14 5 31
9 4 7
8 5 7
0 2 5
1 3 4
19 14 11
2 3 11
0 9 3
8 2 10
9 12 33
12 6 7
10 11 30
14 18 20
13 1 6
0 20 16
15 17 27
19 16 18
13 17 32
20 17 6
13 19 15
23 24 25
23 26 27
21 22 28
21 27 30
21 26 29
22 25 31
22 24 16
23 29 30
25 28 33
24 28 12
26 32 1
31 33 18
29 32 10
189
{[23, 22, 13, 12, 10]}
{[17, 16, 15, 13, 11]}
34
8 15 4
14 5 33
9 4 7
8 5 7
0 2 5
1 3 4
19 14 11
2 3 11
0 9 3
8 2 10
9 12 31
12 6 7
10 11 26
14 18 20
13 1 6
0 20 16
15 17 29
19 16 18
13 17 32
20 17 6
13 19 15
23 24 25
23 26 27
21 22 28
21 27 30
21 26 29
22 25 12
22 24 31
23 29 30
25 28 16
24 28 33
27 32 10
31 33 18
30 32 1
190
{[23, 22, 13, 12, 10]}
{[17, 16, 15, 13, 11]}
34
8 15 4
14 5 33
9 4 7
8 5 7
0 2 5
1 3 4
19 14 11
2 3 11
0 9 3
8 2 10
9 12 29
12 6 7
10 11 32
14 18 20
13 1 6
0 20 16
15 17 31
19 16 18
13 17 26
20 17 6
13 19 15
23 24 25
23 26 27
21 22 28
21 27 30
21 26 29
22 25 18
22 24 31
23 29 30
25 28 10
24 28 33
27 32 16
31 33 12
30 32 1
191
{[23, 22, 13, 12, 10]}
{[17, 15, 14, 13, 12]}
34
8 15 4
14 5 31
9 4 7
8 5 7
0 2 5
1 3 4
19 14 11
2 3 11
0 9 3
8 2 10
9 12 32
12 6 7
10 11 29
14 18 20
13 1 6
0 20 16
15 17 30
19 16 18
13 17 33
20 17 6
13 19 15
23 24 25
23 26 27
21 22 28
21 27 30
21 26 29
22 25 32
22 24 31
23 29 30
25 28 12
24 28 16
27 33 1
26 33 10
31 32 18
192
{[23, 22, 13, 12, 10]}
{[17, 15, 14, 13, 12]}
34
8 15 4
14 5 31
9 4 7
8 5 7
0 2 5
1 3 4
19 14 11
2 3 11
0 9 3
8 2 10
9 12 30
12 6 7
10 11 33
14 18 20
13 1 6
0 20 16
15 17 32
19 16 18
13 17 29
20 17 6
13 19 15
23 24 25
23 26 27
21 22 28
21 27 30
21 26 29
22 25 32
22 24 31
23 29 30
25 28 18
24 28 10
27 33 1
26 33 16
31 32 12
193
{[23, 22, 13, 12, 10]}
{[5, 4, 2, 1, 0]}
34
8 15 4
14 5 22
9 4 7
8 5 7
0 2 5
1 3 4
19 14 11
2 3 11
0 9 3
8 2 10
9 12 23
12 6 7
10 11 21
14 18 20
13 1 6
0 20 16
15 17 27
19 16 18
13 17 24
20 17 6
13 19 15
22 25 12
21 26 1
24 25 10
23 31 18
21 23 30
22 28 32
29 32 16
26 29 30
27 28 31
25 28 33
24 29 33
26 27 33
30 31 32
194
{[23, 22, 13, 12, 10]}
{[6, 3, 2, 1, 0]}
34
8 15 4
14 5 25
9 4 7
8 5 7
0 2 5
1 3 4
19 14 11
2 3 11
0 9 3
8 2 10
9 12 26
12 6 7
10 11 22
14 18 20
13 1 6
0 20 16
15 17 21
19 16 18
13 17 23
20 17 6
13 19 15
22 24 16
21 27 12
24 25 18
21 23 31
23 30 1
28 32 10
22 29 32
26 29 30
27 28 31
25 28 33
24 29 33
26 27 33
30 31 32
195
{[23, 22, 13, 12, 10]}
{[8, 7, 4, 2, 0]}
34
8 15 4
14 5 23
9 4 7
8 5 7
0 2 5
1 3 4
19 14 11
2 3 11
0 9 3
8 2 10
9 12 31
12 6 7
10 11 25
14 18 20
13 1 6
0 20 16
15 17 22
19 16 18
13 17 21
20 17 6
13 19 15
23 24 18
24 25 16
21 27 1
21 22 26
22 30 12
24 28 32
23 29 32
26 29 30
27 28 31
25 28 33
29 33 10
26 27 33
30 31 32
196
{[23, 22, 13, 12, 10]}
{[9, 7, 3, 2, 0]}
34
8 15 4
14 5 25
9 4 7
8 5 7
0 2 5
1 3 4
19 14 11
2 3 11
0 9 3
8 2 10
9 12 21
12 6 7
10 11 22
14 18 20
13 1 6
0 20 16
15 17 30
19 16 18
13 17 24
20 17 6
13 19 15
23 24 10
23 25 12
21 22 27
21 26 18
22 31 1
24 28 32
23 29 32
26 29 30
27 28 31
28 33 16
25 29 33
26 27 33
30 31 32
197
{[23, 22, 13, 12, 10]}
{[6, 3, 2, 1, 0]}
34
8 15 4
14 5 25
9 4 7
8 5 7
0 2 5
1 3 4
19 14 11
2 3 11
0 9 3
8 2 10
9 12 21
12 6 7
10 11 23
14 18 20
13 1 6
0 20 16
15 17 26
19 16 18
13 17 22
20 17 6
13 19 15
22 24 10
21 27 18
24 25 12
21 23 31
23 30 1
28 32 16
22 29 32
26 29 30
27 28 31
25 28 33
24 29 33
26 27 33
30 31 32
198
{[23, 22, 13, 12, 10]}
{[9, 7, 3, 2, 0]}
34
8 15 4
14 5 25
9 4 7
8 5 7
0 2 5
1 3 4
19 14 11
2 3 11
0 9 3
8 2 10
9 12 30
12 6 7
10 11 24
14 18 20
13 1 6
0 20 16
15 17 21
19 16 18
13 17 22
20 17 6
13 19 15
23 24 16
23 25 18
21 22 27
21 26 12
22 31 1
24 28 32
23 29 32
26 29 30
27 28 31
28 33 10
25 29 33
26 27 33
30 31 32
199
{[23, 22, 13, 12, 10]}
{[5, 4, 2, 1, 0]}
34
8 15 4
14 5 22
9 4 7
8 5 7
0 2 5
1 3 4
19 14 11
2 3 11
0 9 3
8 2 10
9 12 27
12 6 7
10 11 24
14 18 20
13 1 6
0 20 16
15 17 23
19 16 18
13 17 21
20 17 6
13 19 15
22 25 18
21 26 1
24 25 16
23 31 12
21 23 30
22 28 32
29 32 10
26 29 30
27 28 31
25 28 33
24 29 33
26 27 33
30 31 32
200
{[23, 22, 13, 12, 10]}
{[8, 7, 4, 2, 0]}
34
8 15 4
14 5 23
9 4 7
8 5 7
0 2 5
1 3 4
19 14 11
2 3 11
0 9 3
8 2 10
9 12 22
12 6 7
10 11 21
14 18 20
13 1 6
0 20 16
15 17 31
19 16 18
13 17 25
20 17 6
13 19 15
23 24 12
24 25 10
21 27 1
21 22 26
22 30 18
24 28 32
23 29 32
26 29 30
27 28 31
25 28 33
29 33 16
26 27 33
30 31 32
201
{[23, 22, 13, 12, 10]}
{[16, 13, 12, 11, 10]}
34
8 15 4
14 5 32
9 4 7
8 5 7
0 2 5
1 3 4
19 14 11
2 3 11
0 9 3
8 2 10
9 12 31
12 6 7
10 11 27
14 18 20
13 1 6
0 20 16
15 17 26
19 16 18
13 17 33
20 17 6
13 19 15
23 24 25
23 26 27
21 22 28
21 27 30
21 26 29
22 25 16
22 24 12
23 29 30
25 28 32
24 28 31
30 33 10
29 33 1
31 32 18
202
{[23, 22, 13, 12, 10]}
{[17, 16, 14, 12, 10]}
34
8 15 4
14 5 31
9 4 7
8 5 7
0 2 5
1 3 4
19 14 11
2 3 11
0 9 3
8 2 10
9 12 33
12 6 7
10 11 30
14 18 20
13 1 6
0 20 16
15 17 27
19 16 18
13 17 32
20 17 6
13 19 15
23 24 25
23 26 27
21 22 28
21 27 30
21 26 29
22 25 31
22 24 16
23 29 30
25 28 33
24 28 12
26 32 1
31 33 18
29 32 10
203
{[23, 22, 13, 12, 10]}
{[16, 13, 12, 11, 10]}
34
8 15 4
14 5 32
9 4 7
8 5 7
0 2 5
1 3 4
19 14 11
2 3 11
0 9 3
8 2 10
9 12 26
12 6 7
10 11 33
14 18 20
13 1 6
0 20 16
15 17 31
19 16 18
13 17 27
20 17 6
13 19 15
23 24 25
23 26 27
21 22 28
21 27 30
21 26 29
22 25 10
22 24 18
23 29 30
25 28 32
24 28 31
30 33 16
29 33 1
31 32 12
204
{[23, 22, 13, 12, 10]}
{[17, 16, 14, 12, 10]}
34
8 15 4
14 5 31
9 4 7
8 5 7
0 2 5
1 3 4
19 14 11
2 3 11
0 9 3
8 2 10
9 12 27
12 6 7
10 11 32
14 18 20
13 1 6
0 20 16
15 17 33
19 16 18
13 17 30
20 17 6
13 19 15
23 24 25
23 26 27
21 22 28
21 27 30
21 26 29
22 25 31
22 24 10
23 29 30
25 28 33
24 28 18
26 32 1
31 33 12
29 32 16
205
{[23, 22, 13, 12, 10]}
{[17, 16, 15, 13, 11]}
34
8 15 4
14 5 33
9 4 7
8 5 7
0 2 5
1 3 4
19 14 11
2 3 11
0 9 3
8 2 10
9 12 29
12 6 7
10 11 32
14 18 20
13 1 6
0 20 16
15 17 31
19 16 18
13 17 26
20 17 6
13 19 15
23 24 25
23 26 27
21 22 28
21 27 30
21 26 29
22 25 18
22 24 31
23 29 30
25 28 10
24 28 33
27 32 16
31 33 12
30 32 1
206
{[23, 22, 13, 12, 10]}
{[17, 16, 15, 13, 11]}
34
8 15 4
14 5 33
9 4 7
8 5 7
0 2 5
1 3 4
19 14 11
2 3 11
0 9 3
8 2 10
9 12 31
12 6 7
10 11 26
14 18 20
13 1 6
0 20 16
15 17 29
19 16 18
13 17 32
20 17 6
13 19 15
23 24 25
23 26 27
21 22 28
21 27 30
21 26 29
22 25 12
22 24 31
23 29 30
25 28 16
24 28 33
27 32 10
31 33 18
30 32 1
207
{[23, 22, 13, 12, 10]}
{[17, 15, 14, 13, 12]}
34
8 15 4
14 5 31
9 4 7
8 5 7
0 2 5
1 3 4
19 14 11
2 3 11
0 9 3
8 2 10
9 12 30
12 6 7
10 11 33
14 18 20
13 1 6
0 20 16
15 17 32
19 16 18
13 17 29
20 17 6
13 19 15
23 24 25
23 26 27
21 22 28
21 27 30
21 26 29
22 25 32
22 24 31
23 29 30
25 28 18
24 28 10
27 33 1
26 33 16
31 32 12
208
{[23, 22, 13, 12, 10]}
{[17, 15, 14, 13, 12]}
34
8 15 4
14 5 31
9 4 7
8 5 7
0 2 5
1 3 4
19 14 11
2 3 11
0 9 3
8 2 10
9 12 32
12 6 7
10 11 29
14 18 20
13 1 6
0 20 16
15 17 30
19 16 18
13 17 33
20 17 6
13 19 15
23 24 25
23 26 27
21 22 28
21 27 30
21 26 29
22 25 32
22 24 31
23 29 30
25 28 12
24 28 16
27 33 1
26 33 10
31 32 18
209
{[23, 22, 15, 11, 10]}
{[5, 4, 2, 1, 0]}
34
8 15 4
14 5 11
9 4 7
8 5 7
0 2 5
1 3 4
19 14 12
2 3 12
0 9 3
8 2 21
11 18 22
1 10 23
6 7 27
14 18 20
13 1 6
0 20 16
15 17 24
19 16 18
13 17 10
20 17 6
13 19 15
22 25 9
21 26 10
24 25 11
23 31 16
21 23 30
22 28 32
29 32 12
26 29 30
27 28 31
25 28 33
24 29 33
26 27 33
30 31 32
210
{[23, 22, 15, 11, 10]}
{[6, 3, 2, 1, 0]}
34
8 15 4
14 5 11
9 4 7
8 5 7
0 2 5
1 3 4
19 14 12
2 3 12
0 9 3
8 2 22
11 18 25
1 10 26
6 7 21
14 18 20
13 1 6
0 20 16
15 17 23
19 16 18
13 17 10
20 17 6
13 19 15
22 24 12
21 27 9
24 25 16
21 23 31
23 30 10
28 32 11
22 29 32
26 29 30
27 28 31
25 28 33
24 29 33
26 27 33
30 31 32
211
{[23, 22, 15, 11, 10]}
{[8, 7, 4, 2, 0]}
34
8 15 4
14 5 11
9 4 7
8 5 7
0 2 5
1 3 4
19 14 12
2 3 12
0 9 3
8 2 25
11 18 23
1 10 31
6 7 22
14 18 20
13 1 6
0 20 16
15 17 21
19 16 18
13 17 10
20 17 6
13 19 15
23 24 16
24 25 12
21 27 10
21 22 26
22 30 9
24 28 32
23 29 32
26 29 30
27 28 31
25 28 33
29 33 11
26 27 33
30 31 32
212
{[23, 22, 15, 11, 10]}
{[9, 7, 3, 2, 0]}
34
8 15 4
14 5 11
9 4 7
8 5 7
0 2 5
1 3 4
19 14 12
2 3 12
0 9 3
8 2 22
11 18 25
1 10 21
6 7 30
14 18 20
13 1 6
0 20 16
15 17 24
19 16 18
13 17 10
20 17 6
13 19 15
23 24 11
23 25 9
21 22 27
21 26 16
22 31 10
24 28 32
23 29 32
26 29 30
27 28 31
28 33 12
25 29 33
26 27 33
30 31 32
213
{[23, 22, 15, 11, 10]}
{[6, 3, 2, 1, 0]}
34
8 15 4
14 5 11
9 4 7
8 5 7
0 2 5
1 3 4
19 14 12
2 3 12
0 9 3
8 2 23
11 18 25
1 10 21
6 7 26
14 18 20
13 1 6
0 20 16
15 17 22
19 16 18
13 17 10
20 17 6
13 19 15
22 24 11
21 27 16
24 25 9
21 23 31
23 30 10
28 32 12
22 29 32
26 29 30
27 28 31
25 28 33
24 29 33
26 27 33
30 31 32
214
{[23, 22, 15, 11, 10]}
{[9, 7, 3, 2, 0]}
34
8 15 4
14 5 11
9 4 7
8 5 7
0 2 5
1 3 4
19 14 12
2 3 12
0 9 3
8 2 24
11 18 25
1 10 30
6 7 21
14 18 20
13 1 6
0 20 16
15 17 22
19 16 18
13 17 10
20 17 6
13 19 15
23 24 12
23 25 16
21 22 27
21 26 9
22 31 10
24 28 32
23 29 32
26 29 30
27 28 31
28 33 11
25 29 33
26 27 33
30 31 32
215
{[23, 22, 15, 11, 10]}
{[5, 4, 2, 1, 0]}
34
8 15 4
14 5 11
9 4 7
8 5 7
0 2 5
1 3 4
19 14 12
2 3 12
0 9 3
8 2 24
11 18 22
1 10 27
6 7 23
14 18 20
13 1 6
0 20 16
15 17 21
19 16 18
13 17 10
20 17 6
13 19 15
22 25 16
21 26 10
24 25 12
23 31 9
21 23 30
22 28 32
29 32 11
26 29 30
27 28 31
25 28 33
24 29 33
26 27 33
30 31 32
216
{[23, 22, 15, 11, 10]}
{[8, 7, 4, 2, 0]}
34
8 15 4
14 5 11
9 4 7
8 5 7
0 2 5
1 3 4
19 14 12
2 3 12
0 9 3
8 2 21
11 18 23
1 10 22
6 7 31
14 18 20
13 1 6
0 20 16
15 17 25
19 16 18
13 17 10
20 17 6
13 19 15
23 24 9
24 25 11
21 27 10
21 22 26
22 30 16
24 28 32
23 29 32
26 29 30
27 28 31
25 28 33
29 33 12
26 27 33
30 31 32
217
{[23, 22, 15, 11, 10]}
{[16, 13, 12, 11, 10]}
34
8 15 4
14 5 11
9 4 7
8 5 7
0 2 5
1 3 4
19 14 12
2 3 12
0 9 3
8 2 27
11 18 32
1 10 31
6 7 26
14 18 20
13 1 6
0 20 16
15 17 33
19 16 18
13 17 10
20 17 6
13 19 15
23 24 25
23 26 27
21 22 28
21 27 30
21 26 29
22 25 12
22 24 9
23 29 30
25 28 32
24 28 31
30 33 11
29 33 10
31 32 16
218
{[23, 22, 15, 11, 10]}
{[17, 16, 14, 12, 10]}
34
8 15 4
14 5 11
9 4 7
8 5 7
0 2 5
1 3 4
19 14 12
2 3 12
0 9 3
8 2 30
11 18 31
1 10 33
6 7 27
14 18 20
13 1 6
0 20 16
15 17 32
19 16 18
13 17 10
20 17 6
13 19 15
23 24 25
23 26 27
21 22 28
21 27 30
21 26 29
22 25 31
22 24 12
23 29 30
25 28 33
24 28 9
26 32 10
31 33 16
29 32 11
219
{[23, 22, 15, 11, 10]}
{[16, 13, 12, 11, 10]}
34
8 15 4
14 5 11
9 4 7
8 5 7
0 2 5
1 3 4
19 14 12
2 3 12
0 9 3
8 2 33
11 18 32
1 10 26
6 7 31
14 18 20
13 1 6
0 20 16
15 17 27
19 16 18
13 17 10
20 17 6
13 19 15
23 24 25
23 26 27
21 22 28
21 27 30
21 26 29
22 25 11
22 24 16
23 29 30
25 28 32
24 28 31
30 33 12
29 33 10
31 32 9
220
{[23, 22, 15, 11, 10]}
{[17, 16, 14, 12, 10]}
34
8 15 4
14 5 11
9 4 7
8 5 7
0 2 5
1 3 4
19 14 12
2 3 12
0 9 3
8 2 32
11 18 31
1 10 27
6 7 33
14 18 20
13 1 6
0 20 16
15 17 30
19 16 18
13 17 10
20 17 6
13 19 15
23 24 25
23 26 27
21 22 28
21 27 30
21 26 29
22 25 31
22 24 11
23 29 30
25 28 33
24 28 16
26 32 10
31 33 9
29 32 12
221
{[23, 22, 15, 11, 10]}
{[17, 16, 15, 13, 11]}
34
8 15 4
14 5 11
9 4 7
8 5 7
0 2 5
1 3 4
19 14 12
2 3 12
0 9 3
8 2 32
11 18 33
1 10 29
6 7 31
14 18 20
13 1 6
0 20 16
15 17 26
19 16 18
13 17 10
20 17 6
13 19 15
23 24 25
23 26 27
21 22 28
21 27 30
21 26 29
22 25 16
22 24 31
23 29 30
25 28 11
24 28 33
27 32 12
31 33 9
30 32 10
222
{[23, 22, 15, 11, 10]}
{[17, 16, 15, 13, 11]}
34
8 15 4
14 5 11
9 4 7
8 5 7
0 2 5
1 3 4
19 14 12
2 3 12
0 9 3
8 2 26
11 18 33
1 10 31
6 7 29
14 18 20
13 1 6
0 20 16
15 17 32
19 16 18
13 17 10
20 17 6
13 19 15
23 24 25
23 26 27
21 22 28
21 27 30
21 26 29
22 25 9
22 24 31
23 29 30
25 28 12
24 28 33
27 32 11
31 33 16
30 32 10
223
{[23, 22, 15, 11, 10]}
{[17, 15, 14, 13, 12]}
34
8 15 4
14 5 11
9 4 7
8 5 7
0 2 5
1 3 4
19 14 12
2 3 12
0 9 3
8 2 33
11 18 31
1 10 30
6 7 32
14 18 20
13 1 6
0 20 16
15 17 29
19 16 18
13 17 10
20 17 6
13 19 15
23 24 25
23 26 27
21 22 28
21 27 30
21 26 29
22 25 32
22 24 31
23 29 30
25 28 16
24 28 11
27 33 10
26 33 12
31 32 9
224
{[23, 22, 15, 11, 10]}
{[17, 15, 14, 13, 12]}
34
8 15 4
14 5 11
9 4 7
8 5 7
0 2 5
1 3 4
19 14 12
2 3 12
0 9 3
8 2 29
11 18 31
1 10 32
6 7 30
14 18 20
13 1 6
0 20 16
15 17 33
19 16 18
13 17 10
20 17 6
13 19 15
23 24 25
23 26 27
21 22 28
21 27 30
21 26 29
22 25 32
22 24 31
23 29 30
25 28 9
24 28 12
27 33 10
26 33 11
31 32 16
225
{[25, 24, 21, 20, 16]}
{[5, 4, 2, 1, 0]}
34
8 17 4
16 5 13
9 4 7
8 5 7
0 2 5
1 3 4
16 14 27
2 3 14
0 9 3
8 2 11
11 12 19
9 10 15
10 13 24
1 12 20
15 6 7
11 14 20
1 6 22
0 18 21
17 19 23
10 18 20
13 19 15
22 25 17
21 26 16
24 25 18
23 31 12
21 23 30
22 28 32
29 32 6
26 29 30
27 28 31
25 28 33
24 29 33
26 27 33
30 31 32
226
{[25, 24, 21, 20, 16]}
{[6, 3, 2, 1, 0]}
34
8 17 4
16 5 13
9 4 7
8 5 7
0 2 5
1 3 4
16 14 21
2 3 14
0 9 3
8 2 11
11 12 19
9 10 15
10 13 23
1 12 20
15 6 7
11 14 20
1 6 25
0 18 22
17 19 26
10 18 20
13 19 15
22 24 6
21 27 17
24 25 12
21 23 31
23 30 16
28 32 18
22 29 32
26 29 30
27 28 31
25 28 33
24 29 33
26 27 33
30 31 32
227
{[25, 24, 21, 20, 16]}
{[8, 7, 4, 2, 0]}
34
8 17 4
16 5 13
9 4 7
8 5 7
0 2 5
1 3 4
16 14 22
2 3 14
0 9 3
8 2 11
11 12 19
9 10 15
10 13 21
1 12 20
15 6 7
11 14 20
1 6 23
0 18 25
17 19 31
10 18 20
13 19 15
23 24 12
24 25 6
21 27 16
21 22 26
22 30 17
24 28 32
23 29 32
26 29 30
27 28 31
25 28 33
29 33 18
26 27 33
30 31 32
228
{[25, 24, 21, 20, 16]}
{[9, 7, 3, 2, 0]}
34
8 17 4
16 5 13
9 4 7
8 5 7
0 2 5
1 3 4
16 14 30
2 3 14
0 9 3
8 2 11
11 12 19
9 10 15
10 13 24
1 12 20
15 6 7
11 14 20
1 6 25
0 18 22
17 19 21
10 18 20
13 19 15
23 24 18
23 25 17
21 22 27
21 26 12
22 31 16
24 28 32
23 29 32
26 29 30
27 28 31
28 33 6
25 29 33
26 27 33
30 31 32
229
{[25, 24, 21, 20, 16]}
{[6, 3, 2, 1, 0]}
34
8 17 4
16 5 13
9 4 7
8 5 7
0 2 5
1 3 4
16 14 26
2 3 14
0 9 3
8 2 11
11 12 19
9 10 15
10 13 22
1 12 20
15 6 7
11 14 20
1 6 25
0 18 23
17 19 21
10 18 20
13 19 15
22 24 18
21 27 12
24 25 17
21 23 31
23 30 16
28 32 6
22 29 32
26 29 30
27 28 31
25 28 33
24 29 33
26 27 33
30 31 32
230
{[25, 24, 21, 20, 16]}
{[9, 7, 3, 2, 0]}
34
8 17 4
16 5 13
9 4 7
8 5 7
0 2 5
1 3 4
16 14 21
2 3 14
0 9 3
8 2 11
11 12 19
9 10 15
10 13 22
1 12 20
15 6 7
11 14 20
1 6 25
0 18 24
17 19 30
10 18 20
13 19 15
23 24 6
23 25 12
21 22 27
21 26 17
22 31 16
24 28 32
23 29 32
26 29 30
27 28 31
28 33 18
25 29 33
26 27 33
30 31 32
231
{[25, 24, 21, 20, 16]}
{[5, 4, 2, 1, 0]}
34
8 17 4
16 5 13
9 4 7
8 5 7
0 2 5
1 3 4
16 14 23
2 3 14
0 9 3
8 2 11
11 12 19
9 10 15
10 13 21
1 12 20
15 6 7
11 14 20
1 6 22
0 18 24
17 19 27
10 18 20
13 19 15
22 25 12
21 26 16
24 25 6
23 31 17
21 23 30
22 28 32
29 32 18
26 29 30
27 28 31
25 28 33
24 29 33
26 27 33
30 31 32
232
{[25, 24, 21, 20, 16]}
{[8, 7, 4, 2, 0]}
34
8 17 4
16 5 13
9 4 7
8 5 7
0 2 5
1 3 4
16 14 31
2 3 14
0 9 3
8 2 11
11 12 19
9 10 15
10 13 25
1 12 20
15 6 7
11 14 20
1 6 23
0 18 21
17 19 22
10 18 20
13 19 15
23 24 17
24 25 18
21 27 16
21 22 26
22 30 12
24 28 32
23 29 32
26 29 30
27 28 31
25 28 33
29 33 6
26 27 33
30 31 32
233
{[25, 24, 21, 20, 16]}
{[16, 13, 12, 11, 10]}
34
8 17 4
16 5 13
9 4 7
8 5 7
0 2 5
1 3 4
16 14 26
2 3 14
0 9 3
8 2 11
11 12 19
9 10 15
10 13 33
1 12 20
15 6 7
11 14 20
1 6 32
0 18 27
17 19 31
10 18 20
13 19 15
23 24 25
23 26 27
21 22 28
21 27 30
21 26 29
22 25 6
22 24 17
23 29 30
25 28 32
24 28 31
30 33 18
29 33 16
31 32 12
234
{[25, 24, 21, 20, 16]}
{[17, 16, 14, 12, 10]}
34
8 17 4
16 5 13
9 4 7
8 5 7
0 2 5
1 3 4
16 14 27
2 3 14
0 9 3
8 2 11
11 12 19
9 10 15
10 13 32
1 12 20
15 6 7
11 14 20
1 6 31
0 18 30
17 19 33
10 18 20
13 19 15
23 24 25
23 26 27
21 22 28
21 27 30
21 26 29
22 25 31
22 24 6
23 29 30
25 28 33
24 28 17
26 32 16
31 33 12
29 32 18
235
{[25, 24, 21, 20, 16]}
{[16, 13, 12, 11, 10]}
34
8 17 4
16 5 13
9 4 7
8 5 7
0 2 5
1 3 4
16 14 31
2 3 14
0 9 3
8 2 11
11 12 19
9 10 15
10 13 27
1 12 20
15 6 7
11 14 20
1 6 32
0 18 33
17 19 26
10 18 20
13 19 15
23 24 25
23 26 27
21 22 28
21 27 30
21 26 29
22 25 18
22 24 12
23 29 30
25 28 32
24 28 31
30 33 6
29 33 16
31 32 17
236
{[25, 24, 21, 20, 16]}
{[17, 16, 14, 12, 10]}
34
8 17 4
16 5 13
9 4 7
8 5 7
0 2 5
1 3 4
16 14 33
2 3 14
0 9 3
8 2 11
11 12 19
9 10 15
10 13 30
1 12 20
15 6 7
11 14 20
1 6 31
0 18 32
17 19 27
10 18 20
13 19 15
23 24 25
23 26 27
21 22 28
21 27 30
21 26 29
22 25 31
22 24 18
23 29 30
25 28 33
24 28 12
26 32 16
31 33 17
29 32 6
237
{[25, 24, 21, 20, 16]}
{[17, 16, 15, 13, 11]}
34
8 17 4
16 5 13
9 4 7
8 5 7
0 2 5
1 3 4
16 14 31
2 3 14
0 9 3
8 2 11
11 12 19
9 10 15
10 13 26
1 12 20
15 6 7
11 14 20
1 6 33
0 18 32
17 19 29
10 18 20
13 19 15
23 24 25
23 26 27
21 22 28
21 27 30
21 26 29
22 25 12
22 24 31
23 29 30
25 28 18
24 28 33
27 32 6
31 33 17
30 32 16
238
{[25, 24, 21, 20, 16]}
{[17, 16, 15, 13, 11]}
34
8 17 4
16 5 13
9 4 7
8 5 7
0 2 5
1 3 4
16 14 29
2 3 14
0 9 3
8 2 11
11 12 19
9 10 15
10 13 32
1 12 20
15 6 7
11 14 20
1 6 33
0 18 26
17 19 31
10 18 20
13 19 15
23 24 25
23 26 27
21 22 28
21 27 30
21 26 29
22 25 17
22 24 31
23 29 30
25 28 6
24 28 33
27 32 18
31 33 12
30 32 16
239
{[25, 24, 21, 20, 16]}
{[17, 15, 14, 13, 12]}
34
8 17 4
16 5 13
9 4 7
8 5 7
0 2 5
1 3 4
16 14 32
2 3 14
0 9 3
8 2 11
11 12 19
9 10 15
10 13 29
1 12 20
15 6 7
11 14 20
1 6 31
0 18 33
17 19 30
10 18 20
13 19 15
23 24 25
23 26 27
21 22 28
21 27 30
21 26 29
22 25 32
22 24 31
23 29 30
25 28 12
24 28 18
27 33 16
26 33 6
31 32 17
240
{[25, 24, 21, 20, 16]}
{[17, 15, 14, 13, 12]}
34
8 17 4
16 5 13
9 4 7
8 5 7
0 2 5
1 3 4
16 14 30
2 3 14
0 9 3
8 2 11
11 12 19
9 10 15
10 13 33
1 12 20
15 6 7
11 14 20
1 6 31
0 18 29
17 19 32
10 18 20
13 19 15
23 24 25
23 26 27
21 22 28
21 27 30
21 26 29
22 25 32
22 24 31
23 29 30
25 28 17
24 28 6
27 33 16
26 33 18
31 32 12
241
{[25, 24, 21, 20, 16]}
{[5, 4, 2, 1, 0]}
34
8 17 4
16 5 13
9 4 7
8 5 7
0 2 5
1 3 4
16 14 23
2 3 14
0 9 3
8 2 11
11 12 19
9 10 15
10 13 21
1 12 20
15 6 7
11 14 20
1 6 22
0 18 24
17 19 27
10 18 20
13 19 15
22 25 12
21 26 16
24 25 6
23 31 17
21 23 30
22 28 32
29 32 18
26 29 30
27 28 31
25 28 33
24 29 33
26 27 33
30 31 32
242
{[25, 24, 21, 20, 16]}
{[6, 3, 2, 1, 0]}
34
8 17 4
16 5 13
9 4 7
8 5 7
0 2 5
1 3 4
16 14 26
2 3 14
0 9 3
8 2 11
11 12 19
9 10 15
10 13 22
1 12 20
15 6 7
11 14 20
1 6 25
0 18 23
17 19 21
10 18 20
13 19 15
22 24 18
21 27 12
24 25 17
21 23 31
23 30 16
28 32 6
22 29 32
26 29 30
27 28 31
25 28 33
24 29 33
26 27 33
30 31 32
243
{[25, 24, 21, 20, 16]}
{[8, 7, 4, 2, 0]}
34
8 17 4
16 5 13
9 4 7
8 5 7
0 2 5
1 3 4
16 14 31
2 3 14
0 9 3
8 2 11
11 12 19
9 10 15
10 13 25
1 12 20
15 6 7
11 14 20
1 6 23
0 18 21
17 19 22
10 18 20
13 19 15
23 24 17
24 25 18
21 27 16
21 22 26
22 30 12
24 28 32
23 29 32
26 29 30
27 28 31
25 28 33
29 33 6
26 27 33
30 31 32
244
{[25, 24, 21, 20, 16]}
{[9, 7, 3, 2, 0]}
34
8 17 4
16 5 13
9 4 7
8 5 7
0 2 5
1 3 4
16 14 21
2 3 14
0 9 3
8 2 11
11 12 19
9 10 15
10 13 22
1 12 20
15 6 7
11 14 20
1 6 25
0 18 24
17 19 30
10 18 20
13 19 15
23 24 6
23 25 12
21 22 27
21 26 17
22 31 16
24 28 32
23 29 32
26 29 30
27 28 31
28 33 18
25 29 33
26 27 33
30 31 32
245
{[25, 24, 21, 20, 16]}
{[6, 3, 2, 1, 0]}
34
8 17 4
16 5 13
9 4 7
8 5 7
0 2 5
1 3 4
16 14 21
2 3 14
0 9 3
8 2 11
11 12 19
9 10 15
10 13 23
1 12 20
15 6 7
11 14 20
1 6 25
0 18 22
17 19 26
10 18 20
13 19 15
22 24 6
21 27 17
24 25 12
21 23 31
23 30 16
28 32 18
22 29 32
26 29 30
27 28 31
25 28 33
24 29 33
26 27 33
30 31 32
246
{[25, 24, 21, 20, 16]}
{[9, 7, 3, 2, 0]}
34
8 17 4
16 5 13
9 4 7
8 5 7
0 2 5
1 3 4
16 14 30
2 3 14
0 9 3
8 2 11
11 12 19
9 10 15
10 13 24
1 12 20
15 6 7
11 14 20
1 6 25
0 18 22
17 19 21
10 18 20
13 19 15
23 24 18
23 25 17
21 22 27
21 26 12
22 31 16
24 28 32
23 29 32
26 29 30
27 28 31
28 33 6
25 29 33
26 27 33
30 31 32
247
{[25, 24, 21, 20, 16]}
{[5, 4, 2, 1, 0]}
34
8 17 4
16 5 13
9 4 7
8 5 7
0 2 5
1 3 4
16 14 27
2 3 14
0 9 3
8 2 11
11 12 19
9 10 15
10 13 24
1 12 20
15 6 7
11 14 20
1 6 22
0 18 21
17 19 23
10 18 20
13 19 15
22 25 17
21 26 16
24 25 18
23 31 12
21 23 30
22 28 32
29 32 6
26 29 30
27 28 31
25 28 33
24 29 33
26 27 33
30 31 32
248
{[25, 24, 21, 20, 16]}
{[8, 7, 4, 2, 0]}
34
8 17 4
16 5 13
9 4 7
8 5 7
0 2 5
1 3 4
16 14 22
2 3 14
0 9 3
8 2 11
11 12 19
9 10 15
10 13 21
1 12 20
15 6 7
11 14 20
1 6 23
0 18 25
17 19 31
10 18 20
13 19 15
23 24 12
24 25 6
21 27 16
21 22 26
22 30 17
24 28 32
23 29 32
26 29 30
27 28 31
25 28 33
29 33 18
26 27 33
30 31 32
249
{[25, 24, 21, 20, 16]}
{[16, 13, 12, 11, 10]}
34
8 17 4
16 5 13
9 4 7
8 5 7
0 2 5
1 3 4
16 14 31
2 3 14
0 9 3
8 2 11
11 12 19
9 10 15
10 13 27
1 12 20
15 6 7
11 14 20
1 6 32
0 18 33
17 19 26
10 18 20
13 19 15
23 24 25
23 26 27
21 22 28
21 27 30
21 26 29
22 25 18
22 24 12
23 29 30
25 28 32
24 28 31
30 33 6
29 33 16
31 32 17
250
{[25, 24, 21, 20, 16]}
{[17, 16, 14, 12, 10]}
34
8 17 4
16 5 13
9 4 7
8 5 7
0 2 5
1 3 4
16 14 33
2 3 14
0 9 3
8 2 11
11 12 19
9 10 15
10 13 30
1 12 20
15 6 7
11 14 20
1 6 31
0 18 32
17 19 27
10 18 20
13 19 15
23 24 25
23 26 27
21 22 28
21 27 30
21 26 29
22 25 31
22 24 18
23 29 30
25 28 33
24 28 12
26 32 16
31 33 17
29 32 6
251
{[25, 24, 21, 20, 16]}
{[16, 13, 12, 11, 10]}
34
8 17 4
16 5 13
9 4 7
8 5 7
0 2 5
1 3 4
16 14 26
2 3 14
0 9 3
8 2 11
11 12 19
9 10 15
10 13 33
1 12 20
15 6 7
11 14 20
1 6 32
0 18 27
17 19 31
10 18 20
13 19 15
23 24 25
23 26 27
21 22 28
21 27 30
21 26 29
22 25 6
22 24 17
23 29 30
25 28 32
24 28 31
30 33 18
29 33 16
31 32 12
252
{[25, 24, 21, 20, 16]}
{[17, 16, 14, 12, 10]}
34
8 17 4
16 5 13
9 4 7
8 5 7
0 2 5
1 3 4
16 14 27
2 3 14
0 9 3
8 2 11
11 12 19
9 10 15
10 13 32
1 12 20
15 6 7
11 14 20
1 6 31
0 18 30
17 19 33
10 18 20
13 19 15
23 24 25
23 26 27
21 22 28
21 27 30
21 26 29
22 25 31
22 24 6
23 29 30
25 28 33
24 28 17
26 32 16
31 33 12
29 32 18
253
{[25, 24, 21, 20, 16]}
{[17, 16, 15, 13, 11]}
34
8 17 4
16 5 13
9 4 7
8 5 7
0 2 5
1 3 4
16 14 29
2 3 14
0 9 3
8 2 11
11 12 19
9 10 15
10 13 32
1 12 20
15 6 7
11 14 20
1 6 33
0 18 26
17 19 31
10 18 20
13 19 15
23 24 25
23 26 27
21 22 28
21 27 30
21 26 29
22 25 17
22 24 31
23 29 30
25 28 6
24 28 33
27 32 18
31 33 12
30 32 16
254
{[25, 24, 21, 20, 16]}
{[17, 16, 15, 13, 11]}
34
8 17 4
16 5 13
9 4 7
8 5 7
0 2 5
1 3 4
16 14 31
2 3 14
0 9 3
8 2 11
11 12 19
9 10 15
10 13 26
1 12 20
15 6 7
11 14 20
1 6 33
0 18 32
17 19 29
10 18 20
13 19 15
23 24 25
23 26 27
21 22 28
21 27 30
21 26 29
22 25 12
22 24 31
23 29 30
25 28 18
24 28 33
27 32 6
31 33 17
30 32 16
255
{[25, 24, 21, 20, 16]}
{[17, 15, 14, 13, 12]}
34
8 17 4
16 5 13
9 4 7
8 5 7
0 2 5
1 3 4
16 14 30
2 3 14
0 9 3
8 2 11
11 12 19
9 10 15
10 13 33
1 12 20
15 6 7
11 14 20
1 6 31
0 18 29
17 19 32
10 18 20
13 19 15
23 24 25
23 26 27
21 22 28
21 27 30
21 26 29
22 25 32
22 24 31
23 29 30
25 28 17
24 28 6
27 33 16
26 33 18
31 32 12
256
{[25, 24, 21, 20, 16]}
{[17, 15, 14, 13, 12]}
34
8 17 4
16 5 13
9 4 7
8 5 7
0 2 5
1 3 4
16 14 32
2 3 14
0 9 3
8 2 11
11 12 19
9 10 15
10 13 29
1 12 20
15 6 7
11 14 20
1 6 31
0 18 33
17 19 30
10 18 20
13 19 15
23 24 25
23 26 27
21 22 28
21 27 30
21 26 29
22 25 32
22 24 31
23 29 30
25 28 12
24 28 18
27 33 16
26 33 6
31 32 17
257
{[25, 24, 20, 19, 18]}
{[5, 4, 2, 1, 0]}
34
8 4 27
17 5 13
9 4 7
8 5 7
0 2 5
1 3 4
17 14 24
2 3 14
0 9 3
8 2 11
11 12 19
9 10 15
10 13 18
1 12 20
15 6 7
11 14 20
17 18 23
16 1 6
16 12 22
10 20 21
13 19 15
22 25 19
21 26 18
24 25 16
23 31 6
21 23 30
22 28 32
29 32 0
26 29 30
27 28 31
25 28 33
24 29 33
26 27 33
30 31 32
258
{[25, 24, 20, 19, 18]}
{[6, 3, 2, 1, 0]}
34
8 4 21
17 5 13
9 4 7
8 5 7
0 2 5
1 3 4
17 14 23
2 3 14
0 9 3
8 2 11
11 12 19
9 10 15
10 13 18
1 12 20
15 6 7
11 14 20
17 18 26
16 1 6
16 12 25
10 20 22
13 19 15
22 24 0
21 27 19
24 25 6
21 23 31
23 30 18
28 32 16
22 29 32
26 29 30
27 28 31
25 28 33
24 29 33
26 27 33
30 31 32
259
{[25, 24, 20, 19, 18]}
{[8, 7, 4, 2, 0]}
34
8 4 22
17 5 13
9 4 7
8 5 7
0 2 5
1 3 4
17 14 21
2 3 14
0 9 3
8 2 11
11 12 19
9 10 15
10 13 18
1 12 20
15 6 7
11 14 20
17 18 31
16 1 6
16 12 23
10 20 25
13 19 15
23 24 6
24 25 0
21 27 18
21 22 26
22 30 19
24 28 32
23 29 32
26 29 30
27 28 31
25 28 33
29 33 16
26 27 33
30 31 32
260
{[25, 24, 20, 19, 18]}
{[9, 7, 3, 2, 0]}
34
8 4 30
17 5 13
9 4 7
8 5 7
0 2 5
1 3 4
17 14 24
2 3 14
0 9 3
8 2 11
11 12 19
9 10 15
10 13 18
1 12 20
15 6 7
11 14 20
17 18 21
16 1 6
16 12 25
10 20 22
13 19 15
23 24 16
23 25 19
21 22 27
21 26 6
22 31 18
24 28 32
23 29 32
26 29 30
27 28 31
28 33 0
25 29 33
26 27 33
30 31 32
261
{[25, 24, 20, 19, 18]}
{[6, 3, 2, 1, 0]}
34
8 4 26
17 5 13
9 4 7
8 5 7
0 2 5
1 3 4
17 14 22
2 3 14
0 9 3
8 2 11
11 12 19
9 10 15
10 13 18
1 12 20
15 6 7
11 14 20
17 18 21
16 1 6
16 12 25
10 20 23
13 19 15
22 24 16
21 27 6
24 25 19
21 23 31
23 30 18
28 32 0
22 29 32
26 29 30
27 28 31
25 28 33
24 29 33
26 27 33
30 31 32
262
{[25, 24, 20, 19, 18]}
{[9, 7, 3, 2, 0]}
34
8 4 21
17 5 13
9 4 7
8 5 7
0 2 5
1 3 4
17 14 22
2 3 14
0 9 3
8 2 11
11 12 19
9 10 15
10 13 18
1 12 20
15 6 7
11 14 20
17 18 30
16 1 6
16 12 25
10 20 24
13 19 15
23 24 0
23 25 6
21 22 27
21 26 19
22 31 18
24 28 32
23 29 32
26 29 30
27 28 31
28 33 16
25 29 33
26 27 33
30 31 32
263
{[25, 24, 20, 19, 18]}
{[5, 4, 2, 1, 0]}
34
8 4 23
17 5 13
9 4 7
8 5 7
0 2 5
1 3 4
17 14 21
2 3 14
0 9 3
8 2 11
11 12 19
9 10 15
10 13 18
1 12 20
15 6 7
11 14 20
17 18 27
16 1 6
16 12 22
10 20 24
13 19 15
22 25 6
21 26 18
24 25 0
23 31 19
21 23 30
22 28 32
29 32 16
26 29 30
27 28 31
25 28 33
24 29 33
26 27 33
30 31 32
264
{[25, 24, 20, 19, 18]}
{[8, 7, 4, 2, 0]}
34
8 4 31
17 5 13
9 4 7
8 5 7
0 2 5
1 3 4
17 14 25
2 3 14
0 9 3
8 2 11
11 12 19
9 10 15
10 13 18
1 12 20
15 6 7
11 14 20
17 18 22
16 1 6
16 12 23
10 20 21
13 19 15
23 24 19
24 25 16
21 27 18
21 22 26
22 30 6
24 28 32
23 29 32
26 29 30
27 28 31
25 28 33
29 33 0
26 27 33
30 31 32
265
{[25, 24, 20, 19, 18]}
{[16, 13, 12, 11, 10]}
34
8 4 26
17 5 13
9 4 7
8 5 7
0 2 5
1 3 4
17 14 33
2 3 14
0 9 3
8 2 11
11 12 19
9 10 15
10 13 18
1 12 20
15 6 7
11 14 20
17 18 31
16 1 6
16 12 32
10 20 27
13 19 15
23 24 25
23 26 27
21 22 28
21 27 30
21 26 29
22 25 0
22 24 19
23 29 30
25 28 32
24 28 31
30 33 16
29 33 18
31 32 6
266
{[25, 24, 20, 19, 18]}
{[17, 16, 14, 12, 10]}
34
8 4 27
17 5 13
9 4 7
8 5 7
0 2 5
1 3 4
17 14 32
2 3 14
0 9 3
8 2 11
11 12 19
9 10 15
10 13 18
1 12 20
15 6 7
11 14 20
17 18 33
16 1 6
16 12 31
10 20 30
13 19 15
23 24 25
23 26 27
21 22 28
21 27 30
21 26 29
22 25 31
22 24 0
23 29 30
25 28 33
24 28 19
26 32 18
31 33 6
29 32 16
267
{[25, 24, 20, 19, 18]}
{[16, 13, 12, 11, 10]}
34
8 4 31
17 5 13
9 4 7
8 5 7
0 2 5
1 3 4
17 14 27
2 3 14
0 9 3
8 2 11
11 12 19
9 10 15
10 13 18
1 12 20
15 6 7
11 14 20
17 18 26
16 1 6
16 12 32
10 20 33
13 19 15
23 24 25
23 26 27
21 22 28
21 27 30
21 26 29
22 25 16
22 24 6
23 29 30
25 28 32
24 28 31
30 33 0
29 33 18
31 32 19
268
{[25, 24, 20, 19, 18]}
{[17, 16, 14, 12, 10]}
34
8 4 33
17 5 13
9 4 7
8 5 7
0 2 5
1 3 4
17 14 30
2 3 14
0 9 3
8 2 11
11 12 19
9 10 15
10 13 18
1 12 20
15 6 7
11 14 20
17 18 27
16 1 6
16 12 31
10 20 32
13 19 15
23 24 25
23 26 27
21 22 28
21 27 30
21 26 29
22 25 31
22 24 16
23 29 30
25 28 33
24 28 6
26 32 18
31 33 19
29 32 0
269
{[25, 24, 20, 19, 18]}
{[17, 16, 15, 13, 11]}
34
8 4 31
17 5 13
9 4 7
8 5 7
0 2 5
1 3 4
17 14 26
2 3 14
0 9 3
8 2 11
11 12 19
9 10 15
10 13 18
1 12 20
15 6 7
11 14 20
17 18 29
16 1 6
16 12 33
10 20 32
13 19 15
23 24 25
23 26 27
21 22 28
21 27 30
21 26 29
22 25 6
22 24 31
23 29 30
25 28 16
24 28 33
27 32 0
31 33 19
30 32 18
270
{[25, 24, 20, 19, 18]}
{[17, 16, 15, 13, 11]}
34
8 4 29
17 5 13
9 4 7
8 5 7
0 2 5
1 3 4
17 14 32
2 3 14
0 9 3
8 2 11
11 12 19
9 10 15
10 13 18
1 12 20
15 6 7
11 14 20
17 18 31
16 1 6
16 12 33
10 20 26
13 19 15
23 24 25
23 26 27
21 22 28
21 27 30
21 26 29
22 25 19
22 24 31
23 29 30
25 28 0
24 28 33
27 32 16
31 33 6
30 32 18
271
{[25, 24, 20, 19, 18]}
{[17, 15, 14, 13, 12]}
34
8 4 32
17 5 13
9 4 7
8 5 7
0 2 5
1 3 4
17 14 29
2 3 14
0 9 3
8 2 11
11 12 19
9 10 15
10 13 18
1 12 20
15 6 7
11 14 20
17 18 30
16 1 6
16 12 31
10 20 33
13 19 15
23 24 25
23 26 27
21 22 28
21 27 30
21 26 29
22 25 32
22 24 31
23 29 30
25 28 6
24 28 16
27 33 18
26 33 0
31 32 19
272
{[25, 24, 20, 19, 18]}
{[17, 15, 14, 13, 12]}
34
8 4 30
17 5 13
9 4 7
8 5 7
0 2 5
1 3 4
17 14 33
2 3 14
0 9 3
8 2 11
11 12 19
9 10 15
10 13 18
1 12 20
15 6 7
11 14 20
17 18 32
16 1 6
16 12 31
10 20 29
13 19 15
23 24 25
23 26 27
21 22 28
21 27 30
21 26 29
22 25 32
22 24 31
23 29 30
25 28 19
24 28 0
27 33 18
26 33 16
31 32 6
273
{[25, 24, 20, 19, 18]}
{[5, 4, 2, 1, 0]}
34
8 4 23
17 5 13
9 4 7
8 5 7
0 2 5
1 3 4
17 14 21
2 3 14
0 9 3
8 2 11
11 12 19
9 10 15
10 13 18
1 12 20
15 6 7
11 14 20
17 18 27
16 1 6
16 12 22
10 20 24
13 19 15
22 25 6
21 26 18
24 25 0
23 31 19
21 23 30
22 28 32
29 32 16
26 29 30
27 28 31
25 28 33
24 29 33
26 27 33
30 31 32
274
{[25, 24, 20, 19, 18]}
{[6, 3, 2, 1, 0]}
34
8 4 26
17 5 13
9 4 7
8 5 7
0 2 5
1 3 4
17 14 22
2 3 14
0 9 3
8 2 11
11 12 19
9 10 15
10 13 18
1 12 20
15 6 7
11 14 20
17 18 21
16 1 6
16 12 25
10 20 23
13 19 15
22 24 16
21 27 6
24 25 19
21 23 31
23 30 18
28 32 0
22 29 32
26 29 30
27 28 31
25 28 33
24 29 33
26 27 33
30 31 32
275
{[25, 24, 20, 19, 18]}
{[8, 7, 4, 2, 0]}
34
8 4 31
17 5 13
9 4 7
8 5 7
0 2 5
1 3 4
17 14 25
2 3 14
0 9 3
8 2 11
11 12 19
9 10 15
10 13 18
1 12 20
15 6 7
11 14 20
17 18 22
16 1 6
16 12 23
10 20 21
13 19 15
23 24 19
24 25 16
21 27 18
21 22 26
22 30 6
24 28 32
23 29 32
26 29 30
27 28 31
25 28 33
29 33 0
26 27 33
30 31 32
276
{[25, 24, 20, 19, 18]}
{[9, 7, 3, 2, 0]}
34
8 4 21
17 5 13
9 4 7
8 5 7
0 2 5
1 3 4
17 14 22
2 3 14
0 9 3
8 2 11
11 12 19
9 10 15
10 13 18
1 12 20
15 6 7
11 14 20
17 18 30
16 1 6
16 12 25
10 20 24
13 19 15
23 24 0
23 25 6
21 22 27
21 26 19
22 31 18
24 28 32
23 29 32
26 29 30
27 28 31
28 33 16
25 29 33
26 27 33
30 31 32
277
{[25, 24, 20, 19, 18]}
{[6, 3, 2, 1, 0]}
34
8 4 21
17 5 13
9 4 7
8 5 7
0 2 5
1 3 4
17 14 23
2 3 14
0 9 3
8 2 11
11 12 19
9 10 15
10 13 18
1 12 20
15 6 7
11 14 20
17 18 26
16 1 6
16 12 25
10 20 22
13 19 15
22 24 0
21 27 19
24 25 6
21 23 31
23 30 18
28 32 16
22 29 32
26 29 30
27 28 31
25 28 33
24 29 33
26 27 33
30 31 32
278
{[25, 24, 20, 19, 18]}
{[9, 7, 3, 2, 0]}
34
8 4 30
17 5 13
9 4 7
8 5 7
0 2 5
1 3 4
17 14 24
2 3 14
0 9 3
8 2 11
11 12 19
9 10 15
10 13 18
1 12 20
15 6 7
11 14 20
17 18 21
16 1 6
16 12 25
10 20 22
13 19 15
23 24 16
23 25 19
21 22 27
21 26 6
22 31 18
24 28 32
23 29 32
26 29 30
27 28 31
28 33 0
25 29 33
26 27 33
30 31 32
279
{[25, 24, 20, 19, 18]}
{[5, 4, 2, 1, 0]}
34
8 4 27
17 5 13
9 4 7
8 5 7
0 2 5
1 3 4
17 14 24
2 3 14
0 9 3
8 2 11
11 12 19
9 10 15
10 13 18
1 12 20
15 6 7
11 14 20
17 18 23
16 1 6
16 12 22
10 20 21
13 19 15
22 25 19
21 26 18
24 25 16
23 31 6
21 23 30
22 28 32
29 32 0
26 29 30
27 28 31
25 28 33
24 29 33
26 27 33
30 31 32
280
{[25, 24, 20, 19, 18]}
{[8, 7, 4, 2, 0]}
34
8 4 22
17 5 13
9 4 7
8 5 7
0 2 5
1 3 4
17 14 21
2 3 14
0 9 3
8 2 11
11 12 19
9 10 15
10 13 18
1 12 20
15 6 7
11 14 20
17 18 31
16 1 6
16 12 23
10 20 25
13 19 15
23 24 6
24 25 0
21 27 18
21 22 26
22 30 19
24 28 32
23 29 32
26 29 30
27 28 31
25 28 33
29 33 16
26 27 33
30 31 32
281
{[25, 24, 20, 19, 18]}
{[16, 13, 12, 11, 10]}
34
8 4 31
17 5 13
9 4 7
8 5 7
0 2 5
1 3 4
17 14 27
2 3 14
0 9 3
8 2 11
11 12 19
9 10 15
10 13 18
1 12 20
15 6 7
11 14 20
17 18 26
16 1 6
16 12 32
10 20 33
13 19 15
23 24 25
23 26 27
21 22 28
21 27 30
21 26 29
22 25 16
22 24 6
23 29 30
25 28 32
24 28 31
30 33 0
29 33 18
31 32 19
282
{[25, 24, 20, 19, 18]}
{[17, 16, 14, 12, 10]}
34
8 4 33
17 5 13
9 4 7
8 5 7
0 2 5
1 3 4
17 14 30
2 3 14
0 9 3
8 2 11
11 12 19
9 10 15
10 13 18
1 12 20
15 6 7
11 14 20
17 18 27
16 1 6
16 12 31
10 20 32
13 19 15
23 24 25
23 26 27
21 22 28
21 27 30
21 26 29
22 25 31
22 24 16
23 29 30
25 28 33
24 28 6
26 32 18
31 33 19
29 32 0
283
{[25, 24, 20, 19, 18]}
{[16, 13, 12, 11, 10]}
34
8 4 26
17 5 13
9 4 7
8 5 7
0 2 5
1 3 4
17 14 33
2 3 14
0 9 3
8 2 11
11 12 19
9 10 15
10 13 18
1 12 20
15 6 7
11 14 20
17 18 31
16 1 6
16 12 32
10 20 27
13 19 15
23 24 25
23 26 27
21 22 28
21 27 30
21 26 29
22 25 0
22 24 19
23 29 30
25 28 32
24 28 31
30 33 16
29 33 18
31 32 6
284
{[25, 24, 20, 19, 18]}
{[17, 16, 14, 12, 10]}
34
8 4 27
17 5 13
9 4 7
8 5 7
0 2 5
1 3 4
17 14 32
2 3 14
0 9 3
8 2 11
11 12 19
9 10 15
10 13 18
1 12 20
15 6 7
11 14 20
17 18 33
16 1 6
16 12 31
10 20 30
13 19 15
23 24 25
23 26 27
21 22 28
21 27 30
21 26 29
22 25 31
22 24 0
23 29 30
25 28 33
24 28 19
26 32 18
31 33 6
29 32 16
285
{[25, 24, 20, 19, 18]}
{[17, 16, 15, 13, 11]}
34
8 4 29
17 5 13
9 4 7
8 5 7
0 2 5
1 3 4
17 14 32
2 3 14
0 9 3
8 2 11
11 12 19
9 10 15
10 13 18
1 12 20
15 6 7
11 14 20
17 18 31
16 1 6
16 12 33
10 20 26
13 19 15
23 24 25
23 26 27
21 22 28
21 27 30
21 26 29
22 25 19
22 24 31
23 29 30
25 28 0
24 28 33
27 32 16
31 33 6
30 32 18
286
{[25, 24, 20, 19, 18]}
{[17, 16, 15, 13, 11]}
34
8 4 31
17 5 13
9 4 7
8 5 7
0 2 5
1 3 4
17 14 26
2 3 14
0 9 3
8 2 11
11 12 19
9 10 15
10 13 18
1 12 20
15 6 7
11 14 20
17 18 29
16 1 6
16 12 33
10 20 32
13 19 15
23 24 25
23 26 27
21 22 28
21 27 30
21 26 29
22 25 6
22 24 31
23 29 30
25 28 16
24 28 33
27 32 0
31 33 19
30 32 18
287
{[25, 24, 20, 19, 18]}
{[17, 15, 14, 13, 12]}
34
8 4 30
17 5 13
9 4 7
8 5 7
0 2 5
1 3 4
17 14 33
2 3 14
0 9 3
8 2 11
11 12 19
9 10 15
10 13 18
1 12 20
15 6 7
11 14 20
17 18 32
16 1 6
16 12 31
10 20 29
13 19 15
23 24 25
23 26 27
21 22 28
21 27 30
21 26 29
22 25 32
22 24 31
23 29 30
25 28 19
24 28 0
27 33 18
26 33 16
31 32 6
288
{[25, 24, 20, 19, 18]}
{[17, 15, 14, 13, 12]}
34
8 4 32
17 5 13
9 4 7
8 5 7
0 2 5
1 3 4
17 14 29
2 3 14
0 9 3
8 2 11
11 12 19
9 10 15
10 13 18
1 12 20
15 6 7
11 14 20
17 18 30
16 1 6
16 12 31
10 20 33
13 19 15
23 24 25
23 26 27
21 22 28
21 27 30
21 26 29
22 25 32
22 24 31
23 29 30
25 28 6
24 28 16
27 33 18
26 33 0
31 32 19
