256
1
{[25, 24, 21, 20, 1]}
{[5, 4, 2, 1, 0]}
34
7 9 13
15 8 6
16 17 12
11 4 13
3 16 27
7 6 24
1 17 5
0 18 5
1 18 14
0 10 12
9 19 22
15 3 12
9 2 11
0 3 14
8 13 20
16 1 11
15 2 4
18 2 6
7 8 17
10 20 23
19 14 21
22 25 20
21 26 10
24 25 19
23 31 5
21 23 30
22 28 32
29 32 4
26 29 30
27 28 31
25 28 33
24 29 33
26 27 33
30 31 32
2
{[25, 24, 21, 20, 1]}
{[6, 3, 2, 1, 0]}
34
7 9 13
15 8 6
16 17 12
11 4 13
3 16 21
7 6 23
1 17 5
0 18 5
1 18 14
0 10 12
9 19 25
15 3 12
9 2 11
0 3 14
8 13 20
16 1 11
15 2 4
18 2 6
7 8 17
10 20 26
19 14 22
22 24 4
21 27 20
24 25 5
21 23 31
23 30 10
28 32 19
22 29 32
26 29 30
27 28 31
25 28 33
24 29 33
26 27 33
30 31 32
3
{[25, 24, 21, 20, 1]}
{[8, 7, 4, 2, 0]}
34
7 9 13
15 8 6
16 17 12
11 4 13
3 16 22
7 6 21
1 17 5
0 18 5
1 18 14
0 10 12
9 19 23
15 3 12
9 2 11
0 3 14
8 13 20
16 1 11
15 2 4
18 2 6
7 8 17
10 20 31
19 14 25
23 24 5
24 25 4
21 27 10
21 22 26
22 30 20
24 28 32
23 29 32
26 29 30
27 28 31
25 28 33
29 33 19
26 27 33
30 31 32
4
{[25, 24, 21, 20, 1]}
{[9, 7, 3, 2, 0]}
34
7 9 13
15 8 6
16 17 12
11 4 13
3 16 30
7 6 24
1 17 5
0 18 5
1 18 14
0 10 12
9 19 25
15 3 12
9 2 11
0 3 14
8 13 20
16 1 11
15 2 4
18 2 6
7 8 17
10 20 21
19 14 22
23 24 19
23 25 20
21 22 27
21 26 5
22 31 10
24 28 32
23 29 32
26 29 30
27 28 31
28 33 4
25 29 33
26 27 33
30 31 32
5
{[25, 24, 21, 20, 1]}
{[6, 3, 2, 1, 0]}
34
7 9 13
15 8 6
16 17 12
11 4 13
3 16 26
7 6 22
1 17 5
0 18 5
1 18 14
0 10 12
9 19 25
15 3 12
9 2 11
0 3 14
8 13 20
16 1 11
15 2 4
18 2 6
7 8 17
10 20 21
19 14 23
22 24 19
21 27 5
24 25 20
21 23 31
23 30 10
28 32 4
22 29 32
26 29 30
27 28 31
25 28 33
24 29 33
26 27 33
30 31 32
6
{[25, 24, 21, 20, 1]}
{[9, 7, 3, 2, 0]}
34
7 9 13
15 8 6
16 17 12
11 4 13
3 16 21
7 6 22
1 17 5
0 18 5
1 18 14
0 10 12
9 19 25
15 3 12
9 2 11
0 3 14
8 13 20
16 1 11
15 2 4
18 2 6
7 8 17
10 20 30
19 14 24
23 24 4
23 25 5
21 22 27
21 26 20
22 31 10
24 28 32
23 29 32
26 29 30
27 28 31
28 33 19
25 29 33
26 27 33
30 31 32
7
{[25, 24, 21, 20, 1]}
{[5, 4, 2, 1, 0]}
34
7 9 13
15 8 6
16 17 12
11 4 13
3 16 23
7 6 21
1 17 5
0 18 5
1 18 14
0 10 12
9 19 22
15 3 12
9 2 11
0 3 14
8 13 20
16 1 11
15 2 4
18 2 6
7 8 17
10 20 27
19 14 24
22 25 5
21 26 10
24 25 4
23 31 20
21 23 30
22 28 32
29 32 19
26 29 30
27 28 31
25 28 33
24 29 33
26 27 33
30 31 32
8
{[25, 24, 21, 20, 1]}
{[8, 7, 4, 2, 0]}
34
7 9 13
15 8 6
16 17 12
11 4 13
3 16 31
7 6 25
1 17 5
0 18 5
1 18 14
0 10 12
9 19 23
15 3 12
9 2 11
0 3 14
8 13 20
16 1 11
15 2 4
18 2 6
7 8 17
10 20 22
19 14 21
23 24 20
24 25 19
21 27 10
21 22 26
22 30 5
24 28 32
23 29 32
26 29 30
27 28 31
25 28 33
29 33 4
26 27 33
30 31 32
9
{[25, 24, 21, 20, 1]}
{[16, 13, 12, 11, 10]}
34
7 9 13
15 8 6
16 17 12
11 4 13
3 16 26
7 6 33
1 17 5
0 18 5
1 18 14
0 10 12
9 19 32
15 3 12
9 2 11
0 3 14
8 13 20
16 1 11
15 2 4
18 2 6
7 8 17
10 20 31
19 14 27
23 24 25
23 26 27
21 22 28
21 27 30
21 26 29
22 25 4
22 24 20
23 29 30
25 28 32
24 28 31
30 33 19
29 33 10
31 32 5
10
{[25, 24, 21, 20, 1]}
{[17, 16, 14, 12, 10]}
34
7 9 13
15 8 6
16 17 12
11 4 13
3 16 27
7 6 32
1 17 5
0 18 5
1 18 14
0 10 12
9 19 31
15 3 12
9 2 11
0 3 14
8 13 20
16 1 11
15 2 4
18 2 6
7 8 17
10 20 33
19 14 30
23 24 25
23 26 27
21 22 28
21 27 30
21 26 29
22 25 31
22 24 4
23 29 30
25 28 33
24 28 20
26 32 10
31 33 5
29 32 19
11
{[25, 24, 21, 20, 1]}
{[16, 13, 12, 11, 10]}
34
7 9 13
15 8 6
16 17 12
11 4 13
3 16 31
7 6 27
1 17 5
0 18 5
1 18 14
0 10 12
9 19 32
15 3 12
9 2 11
0 3 14
8 13 20
16 1 11
15 2 4
18 2 6
7 8 17
10 20 26
19 14 33
23 24 25
23 26 27
21 22 28
21 27 30
21 26 29
22 25 19
22 24 5
23 29 30
25 28 32
24 28 31
30 33 4
29 33 10
31 32 20
12
{[25, 24, 21, 20, 1]}
{[17, 16, 14, 12, 10]}
34
7 9 13
15 8 6
16 17 12
11 4 13
3 16 33
7 6 30
1 17 5
0 18 5
1 18 14
0 10 12
9 19 31
15 3 12
9 2 11
0 3 14
8 13 20
16 1 11
15 2 4
18 2 6
7 8 17
10 20 27
19 14 32
23 24 25
23 26 27
21 22 28
21 27 30
21 26 29
22 25 31
22 24 19
23 29 30
25 28 33
24 28 5
26 32 10
31 33 20
29 32 4
13
{[25, 24, 21, 20, 1]}
{[17, 16, 15, 13, 11]}
34
7 9 13
15 8 6
16 17 12
11 4 13
3 16 31
7 6 26
1 17 5
0 18 5
1 18 14
0 10 12
9 19 33
15 3 12
9 2 11
0 3 14
8 13 20
16 1 11
15 2 4
18 2 6
7 8 17
10 20 29
19 14 32
23 24 25
23 26 27
21 22 28
21 27 30
21 26 29
22 25 5
22 24 31
23 29 30
25 28 19
24 28 33
27 32 4
31 33 20
30 32 10
14
{[25, 24, 21, 20, 1]}
{[17, 16, 15, 13, 11]}
34
7 9 13
15 8 6
16 17 12
11 4 13
3 16 29
7 6 32
1 17 5
0 18 5
1 18 14
0 10 12
9 19 33
15 3 12
9 2 11
0 3 14
8 13 20
16 1 11
15 2 4
18 2 6
7 8 17
10 20 31
19 14 26
23 24 25
23 26 27
21 22 28
21 27 30
21 26 29
22 25 20
22 24 31
23 29 30
25 28 4
24 28 33
27 32 19
31 33 5
30 32 10
15
{[25, 24, 21, 20, 1]}
{[17, 15, 14, 13, 12]}
34
7 9 13
15 8 6
16 17 12
11 4 13
3 16 32
7 6 29
1 17 5
0 18 5
1 18 14
0 10 12
9 19 31
15 3 12
9 2 11
0 3 14
8 13 20
16 1 11
15 2 4
18 2 6
7 8 17
10 20 30
19 14 33
23 24 25
23 26 27
21 22 28
21 27 30
21 26 29
22 25 32
22 24 31
23 29 30
25 28 5
24 28 19
27 33 10
26 33 4
31 32 20
16
{[25, 24, 21, 20, 1]}
{[17, 15, 14, 13, 12]}
34
7 9 13
15 8 6
16 17 12
11 4 13
3 16 30
7 6 33
1 17 5
0 18 5
1 18 14
0 10 12
9 19 31
15 3 12
9 2 11
0 3 14
8 13 20
16 1 11
15 2 4
18 2 6
7 8 17
10 20 32
19 14 29
23 24 25
23 26 27
21 22 28
21 27 30
21 26 29
22 25 32
22 24 31
23 29 30
25 28 20
24 28 4
27 33 10
26 33 19
31 32 5
17
{[24, 23, 22, 20, 1]}
{[5, 4, 2, 1, 0]}
34
7 9 13
15 8 6
16 17 12
11 4 13
3 16 24
7 20 6
1 17 5
0 18 5
1 18 14
0 10 12
9 19 21
15 3 12
9 2 11
0 3 14
8 13 27
16 1 11
15 2 4
18 2 6
7 8 17
20 10 23
19 5 22
22 25 10
21 26 20
24 25 19
23 31 4
21 23 30
22 28 32
29 32 14
26 29 30
27 28 31
25 28 33
24 29 33
26 27 33
30 31 32
18
{[24, 23, 22, 20, 1]}
{[6, 3, 2, 1, 0]}
34
7 9 13
15 8 6
16 17 12
11 4 13
3 16 23
7 20 6
1 17 5
0 18 5
1 18 14
0 10 12
9 19 22
15 3 12
9 2 11
0 3 14
8 13 21
16 1 11
15 2 4
18 2 6
7 8 17
20 10 26
19 5 25
22 24 14
21 27 10
24 25 4
21 23 31
23 30 20
28 32 19
22 29 32
26 29 30
27 28 31
25 28 33
24 29 33
26 27 33
30 31 32
19
{[24, 23, 22, 20, 1]}
{[8, 7, 4, 2, 0]}
34
7 9 13
15 8 6
16 17 12
11 4 13
3 16 21
7 20 6
1 17 5
0 18 5
1 18 14
0 10 12
9 19 25
15 3 12
9 2 11
0 3 14
8 13 22
16 1 11
15 2 4
18 2 6
7 8 17
20 10 31
19 5 23
23 24 4
24 25 14
21 27 20
21 22 26
22 30 10
24 28 32
23 29 32
26 29 30
27 28 31
25 28 33
29 33 19
26 27 33
30 31 32
20
{[24, 23, 22, 20, 1]}
{[9, 7, 3, 2, 0]}
34
7 9 13
15 8 6
16 17 12
11 4 13
3 16 24
7 20 6
1 17 5
0 18 5
1 18 14
0 10 12
9 19 22
15 3 12
9 2 11
0 3 14
8 13 30
16 1 11
15 2 4
18 2 6
7 8 17
20 10 21
19 5 25
23 24 19
23 25 10
21 22 27
21 26 4
22 31 20
24 28 32
23 29 32
26 29 30
27 28 31
28 33 14
25 29 33
26 27 33
30 31 32
21
{[24, 23, 22, 20, 1]}
{[6, 3, 2, 1, 0]}
34
7 9 13
15 8 6
16 17 12
11 4 13
3 16 22
7 20 6
1 17 5
0 18 5
1 18 14
0 10 12
9 19 23
15 3 12
9 2 11
0 3 14
8 13 26
16 1 11
15 2 4
18 2 6
7 8 17
20 10 21
19 5 25
22 24 19
21 27 4
24 25 10
21 23 31
23 30 20
28 32 14
22 29 32
26 29 30
27 28 31
25 28 33
24 29 33
26 27 33
30 31 32
22
{[24, 23, 22, 20, 1]}
{[9, 7, 3, 2, 0]}
34
7 9 13
15 8 6
16 17 12
11 4 13
3 16 22
7 20 6
1 17 5
0 18 5
1 18 14
0 10 12
9 19 24
15 3 12
9 2 11
0 3 14
8 13 21
16 1 11
15 2 4
18 2 6
7 8 17
20 10 30
19 5 25
23 24 14
23 25 4
21 22 27
21 26 10
22 31 20
24 28 32
23 29 32
26 29 30
27 28 31
28 33 19
25 29 33
26 27 33
30 31 32
23
{[24, 23, 22, 20, 1]}
{[5, 4, 2, 1, 0]}
34
7 9 13
15 8 6
16 17 12
11 4 13
3 16 21
7 20 6
1 17 5
0 18 5
1 18 14
0 10 12
9 19 24
15 3 12
9 2 11
0 3 14
8 13 23
16 1 11
15 2 4
18 2 6
7 8 17
20 10 27
19 5 22
22 25 4
21 26 20
24 25 14
23 31 10
21 23 30
22 28 32
29 32 19
26 29 30
27 28 31
25 28 33
24 29 33
26 27 33
30 31 32
24
{[24, 23, 22, 20, 1]}
{[8, 7, 4, 2, 0]}
34
7 9 13
15 8 6
16 17 12
11 4 13
3 16 25
7 20 6
1 17 5
0 18 5
1 18 14
0 10 12
9 19 21
15 3 12
9 2 11
0 3 14
8 13 31
16 1 11
15 2 4
18 2 6
7 8 17
20 10 22
19 5 23
23 24 10
24 25 19
21 27 20
21 22 26
22 30 4
24 28 32
23 29 32
26 29 30
27 28 31
25 28 33
29 33 14
26 27 33
30 31 32
25
{[24, 23, 22, 20, 1]}
{[16, 13, 12, 11, 10]}
34
7 9 13
15 8 6
16 17 12
11 4 13
3 16 33
7 20 6
1 17 5
0 18 5
1 18 14
0 10 12
9 19 27
15 3 12
9 2 11
0 3 14
8 13 26
16 1 11
15 2 4
18 2 6
7 8 17
20 10 31
19 5 32
23 24 25
23 26 27
21 22 28
21 27 30
21 26 29
22 25 14
22 24 10
23 29 30
25 28 32
24 28 31
30 33 19
29 33 20
31 32 4
26
{[24, 23, 22, 20, 1]}
{[17, 16, 14, 12, 10]}
34
7 9 13
15 8 6
16 17 12
11 4 13
3 16 32
7 20 6
1 17 5
0 18 5
1 18 14
0 10 12
9 19 30
15 3 12
9 2 11
0 3 14
8 13 27
16 1 11
15 2 4
18 2 6
7 8 17
20 10 33
19 5 31
23 24 25
23 26 27
21 22 28
21 27 30
21 26 29
22 25 31
22 24 14
23 29 30
25 28 33
24 28 10
26 32 20
31 33 4
29 32 19
27
{[24, 23, 22, 20, 1]}
{[16, 13, 12, 11, 10]}
34
7 9 13
15 8 6
16 17 12
11 4 13
3 16 27
7 20 6
1 17 5
0 18 5
1 18 14
0 10 12
9 19 33
15 3 12
9 2 11
0 3 14
8 13 31
16 1 11
15 2 4
18 2 6
7 8 17
20 10 26
19 5 32
23 24 25
23 26 27
21 22 28
21 27 30
21 26 29
22 25 19
22 24 4
23 29 30
25 28 32
24 28 31
30 33 14
29 33 20
31 32 10
28
{[24, 23, 22, 20, 1]}
{[17, 16, 14, 12, 10]}
34
7 9 13
15 8 6
16 17 12
11 4 13
3 16 30
7 20 6
1 17 5
0 18 5
1 18 14
0 10 12
9 19 32
15 3 12
9 2 11
0 3 14
8 13 33
16 1 11
15 2 4
18 2 6
7 8 17
20 10 27
19 5 31
23 24 25
23 26 27
21 22 28
21 27 30
21 26 29
22 25 31
22 24 19
23 29 30
25 28 33
24 28 4
26 32 20
31 33 10
29 32 14
29
{[24, 23, 22, 20, 1]}
{[17, 16, 15, 13, 11]}
34
7 9 13
15 8 6
16 17 12
11 4 13
3 16 26
7 20 6
1 17 5
0 18 5
1 18 14
0 10 12
9 19 32
15 3 12
9 2 11
0 3 14
8 13 31
16 1 11
15 2 4
18 2 6
7 8 17
20 10 29
19 5 33
23 24 25
23 26 27
21 22 28
21 27 30
21 26 29
22 25 4
22 24 31
23 29 30
25 28 19
24 28 33
27 32 14
31 33 10
30 32 20
30
{[24, 23, 22, 20, 1]}
{[17, 16, 15, 13, 11]}
34
7 9 13
15 8 6
16 17 12
11 4 13
3 16 32
7 20 6
1 17 5
0 18 5
1 18 14
0 10 12
9 19 26
15 3 12
9 2 11
0 3 14
8 13 29
16 1 11
15 2 4
18 2 6
7 8 17
20 10 31
19 5 33
23 24 25
23 26 27
21 22 28
21 27 30
21 26 29
22 25 10
22 24 31
23 29 30
25 28 14
24 28 33
27 32 19
31 33 4
30 32 20
31
{[24, 23, 22, 20, 1]}
{[17, 15, 14, 13, 12]}
34
7 9 13
15 8 6
16 17 12
11 4 13
3 16 29
7 20 6
1 17 5
0 18 5
1 18 14
0 10 12
9 19 33
15 3 12
9 2 11
0 3 14
8 13 32
16 1 11
15 2 4
18 2 6
7 8 17
20 10 30
19 5 31
23 24 25
23 26 27
21 22 28
21 27 30
21 26 29
22 25 32
22 24 31
23 29 30
25 28 4
24 28 19
27 33 20
26 33 14
31 32 10
32
{[24, 23, 22, 20, 1]}
{[17, 15, 14, 13, 12]}
34
7 9 13
15 8 6
16 17 12
11 4 13
3 16 33
7 20 6
1 17 5
0 18 5
1 18 14
0 10 12
9 19 29
15 3 12
9 2 11
0 3 14
8 13 30
16 1 11
15 2 4
18 2 6
7 8 17
20 10 32
19 5 31
23 24 25
23 26 27
21 22 28
21 27 30
21 26 29
22 25 32
22 24 31
23 29 30
25 28 10
24 28 14
27 33 20
26 33 19
31 32 4
33
{[24, 23, 22, 20, 1]}
{[5, 4, 2, 1, 0]}
34
7 9 13
15 8 6
16 17 12
11 4 13
3 16 21
7 20 6
1 17 5
0 18 5
1 18 14
0 10 12
9 19 24
15 3 12
9 2 11
0 3 14
8 13 23
16 1 11
15 2 4
18 2 6
7 8 17
20 10 27
19 5 22
22 25 4
21 26 20
24 25 14
23 31 10
21 23 30
22 28 32
29 32 19
26 29 30
27 28 31
25 28 33
24 29 33
26 27 33
30 31 32
34
{[24, 23, 22, 20, 1]}
{[6, 3, 2, 1, 0]}
34
7 9 13
15 8 6
16 17 12
11 4 13
3 16 22
7 20 6
1 17 5
0 18 5
1 18 14
0 10 12
9 19 23
15 3 12
9 2 11
0 3 14
8 13 26
16 1 11
15 2 4
18 2 6
7 8 17
20 10 21
19 5 25
22 24 19
21 27 4
24 25 10
21 23 31
23 30 20
28 32 14
22 29 32
26 29 30
27 28 31
25 28 33
24 29 33
26 27 33
30 31 32
35
{[24, 23, 22, 20, 1]}
{[8, 7, 4, 2, 0]}
34
7 9 13
15 8 6
16 17 12
11 4 13
3 16 25
7 20 6
1 17 5
0 18 5
1 18 14
0 10 12
9 19 21
15 3 12
9 2 11
0 3 14
8 13 31
16 1 11
15 2 4
18 2 6
7 8 17
20 10 22
19 5 23
23 24 10
24 25 19
21 27 20
21 22 26
22 30 4
24 28 32
23 29 32
26 29 30
27 28 31
25 28 33
29 33 14
26 27 33
30 31 32
36
{[24, 23, 22, 20, 1]}
{[9, 7, 3, 2, 0]}
34
7 9 13
15 8 6
16 17 12
11 4 13
3 16 22
7 20 6
1 17 5
0 18 5
1 18 14
0 10 12
9 19 24
15 3 12
9 2 11
0 3 14
8 13 21
16 1 11
15 2 4
18 2 6
7 8 17
20 10 30
19 5 25
23 24 14
23 25 4
21 22 27
21 26 10
22 31 20
24 28 32
23 29 32
26 29 30
27 28 31
28 33 19
25 29 33
26 27 33
30 31 32
37
{[24, 23, 22, 20, 1]}
{[6, 3, 2, 1, 0]}
34
7 9 13
15 8 6
16 17 12
11 4 13
3 16 23
7 20 6
1 17 5
0 18 5
1 18 14
0 10 12
9 19 22
15 3 12
9 2 11
0 3 14
8 13 21
16 1 11
15 2 4
18 2 6
7 8 17
20 10 26
19 5 25
22 24 14
21 27 10
24 25 4
21 23 31
23 30 20
28 32 19
22 29 32
26 29 30
27 28 31
25 28 33
24 29 33
26 27 33
30 31 32
38
{[24, 23, 22, 20, 1]}
{[9, 7, 3, 2, 0]}
34
7 9 13
15 8 6
16 17 12
11 4 13
3 16 24
7 20 6
1 17 5
0 18 5
1 18 14
0 10 12
9 19 22
15 3 12
9 2 11
0 3 14
8 13 30
16 1 11
15 2 4
18 2 6
7 8 17
20 10 21
19 5 25
23 24 19
23 25 10
21 22 27
21 26 4
22 31 20
24 28 32
23 29 32
26 29 30
27 28 31
28 33 14
25 29 33
26 27 33
30 31 32
39
{[24, 23, 22, 20, 1]}
{[5, 4, 2, 1, 0]}
34
7 9 13
15 8 6
16 17 12
11 4 13
3 16 24
7 20 6
1 17 5
0 18 5
1 18 14
0 10 12
9 19 21
15 3 12
9 2 11
0 3 14
8 13 27
16 1 11
15 2 4
18 2 6
7 8 17
20 10 23
19 5 22
22 25 10
21 26 20
24 25 19
23 31 4
21 23 30
22 28 32
29 32 14
26 29 30
27 28 31
25 28 33
24 29 33
26 27 33
30 31 32
40
{[24, 23, 22, 20, 1]}
{[8, 7, 4, 2, 0]}
34
7 9 13
15 8 6
16 17 12
11 4 13
3 16 21
7 20 6
1 17 5
0 18 5
1 18 14
0 10 12
9 19 25
15 3 12
9 2 11
0 3 14
8 13 22
16 1 11
15 2 4
18 2 6
7 8 17
20 10 31
19 5 23
23 24 4
24 25 14
21 27 20
21 22 26
22 30 10
24 28 32
23 29 32
26 29 30
27 28 31
25 28 33
29 33 19
26 27 33
30 31 32
41
{[24, 23, 22, 20, 1]}
{[16, 13, 12, 11, 10]}
34
7 9 13
15 8 6
16 17 12
11 4 13
3 16 27
7 20 6
1 17 5
0 18 5
1 18 14
0 10 12
9 19 33
15 3 12
9 2 11
0 3 14
8 13 31
16 1 11
15 2 4
18 2 6
7 8 17
20 10 26
19 5 32
23 24 25
23 26 27
21 22 28
21 27 30
21 26 29
22 25 19
22 24 4
23 29 30
25 28 32
24 28 31
30 33 14
29 33 20
31 32 10
42
{[24, 23, 22, 20, 1]}
{[17, 16, 14, 12, 10]}
34
7 9 13
15 8 6
16 17 12
11 4 13
3 16 30
7 20 6
1 17 5
0 18 5
1 18 14
0 10 12
9 19 32
15 3 12
9 2 11
0 3 14
8 13 33
16 1 11
15 2 4
18 2 6
7 8 17
20 10 27
19 5 31
23 24 25
23 26 27
21 22 28
21 27 30
21 26 29
22 25 31
22 24 19
23 29 30
25 28 33
24 28 4
26 32 20
31 33 10
29 32 14
43
{[24, 23, 22, 20, 1]}
{[16, 13, 12, 11, 10]}
34
7 9 13
15 8 6
16 17 12
11 4 13
3 16 33
7 20 6
1 17 5
0 18 5
1 18 14
0 10 12
9 19 27
15 3 12
9 2 11
0 3 14
8 13 26
16 1 11
15 2 4
18 2 6
7 8 17
20 10 31
19 5 32
23 24 25
23 26 27
21 22 28
21 27 30
21 26 29
22 25 14
22 24 10
23 29 30
25 28 32
24 28 31
30 33 19
29 33 20
31 32 4
44
{[24, 23, 22, 20, 1]}
{[17, 16, 14, 12, 10]}
34
7 9 13
15 8 6
16 17 12
11 4 13
3 16 32
7 20 6
1 17 5
0 18 5
1 18 14
0 10 12
9 19 30
15 3 12
9 2 11
0 3 14
8 13 27
16 1 11
15 2 4
18 2 6
7 8 17
20 10 33
19 5 31
23 24 25
23 26 27
21 22 28
21 27 30
21 26 29
22 25 31
22 24 14
23 29 30
25 28 33
24 28 10
26 32 20
31 33 4
29 32 19
45
{[24, 23, 22, 20, 1]}
{[17, 16, 15, 13, 11]}
34
7 9 13
15 8 6
16 17 12
11 4 13
3 16 32
7 20 6
1 17 5
0 18 5
1 18 14
0 10 12
9 19 26
15 3 12
9 2 11
0 3 14
8 13 29
16 1 11
15 2 4
18 2 6
7 8 17
20 10 31
19 5 33
23 24 25
23 26 27
21 22 28
21 27 30
21 26 29
22 25 10
22 24 31
23 29 30
25 28 14
24 28 33
27 32 19
31 33 4
30 32 20
46
{[24, 23, 22, 20, 1]}
{[17, 16, 15, 13, 11]}
34
7 9 13
15 8 6
16 17 12
11 4 13
3 16 26
7 20 6
1 17 5
0 18 5
1 18 14
0 10 12
9 19 32
15 3 12
9 2 11
0 3 14
8 13 31
16 1 11
15 2 4
18 2 6
7 8 17
20 10 29
19 5 33
23 24 25
23 26 27
21 22 28
21 27 30
21 26 29
22 25 4
22 24 31
23 29 30
25 28 19
24 28 33
27 32 14
31 33 10
30 32 20
47
{[24, 23, 22, 20, 1]}
{[17, 15, 14, 13, 12]}
34
7 9 13
15 8 6
16 17 12
11 4 13
3 16 33
7 20 6
1 17 5
0 18 5
1 18 14
0 10 12
9 19 29
15 3 12
9 2 11
0 3 14
8 13 30
16 1 11
15 2 4
18 2 6
7 8 17
20 10 32
19 5 31
23 24 25
23 26 27
21 22 28
21 27 30
21 26 29
22 25 32
22 24 31
23 29 30
25 28 10
24 28 14
27 33 20
26 33 19
31 32 4
48
{[24, 23, 22, 20, 1]}
{[17, 15, 14, 13, 12]}
34
7 9 13
15 8 6
16 17 12
11 4 13
3 16 29
7 20 6
1 17 5
0 18 5
1 18 14
0 10 12
9 19 33
15 3 12
9 2 11
0 3 14
8 13 32
16 1 11
15 2 4
18 2 6
7 8 17
20 10 30
19 5 31
23 24 25
23 26 27
21 22 28
21 27 30
21 26 29
22 25 32
22 24 31
23 29 30
25 28 4
24 28 19
27 33 20
26 33 14
31 32 10
49
{[25, 24, 21, 20, 1]}
{[5, 4, 2, 1, 0]}
34
7 9 13
15 8 6
16 17 12
11 4 13
3 16 23
7 6 21
1 17 5
0 18 5
1 18 14
0 10 12
9 19 22
15 3 12
9 2 11
0 3 14
8 13 20
16 1 11
15 2 4
18 2 6
7 8 17
10 20 27
19 14 24
22 25 5
21 26 10
24 25 4
23 31 20
21 23 30
22 28 32
29 32 19
26 29 30
27 28 31
25 28 33
24 29 33
26 27 33
30 31 32
50
{[25, 24, 21, 20, 1]}
{[6, 3, 2, 1, 0]}
34
7 9 13
15 8 6
16 17 12
11 4 13
3 16 26
7 6 22
1 17 5
0 18 5
1 18 14
0 10 12
9 19 25
15 3 12
9 2 11
0 3 14
8 13 20
16 1 11
15 2 4
18 2 6
7 8 17
10 20 21
19 14 23
22 24 19
21 27 5
24 25 20
21 23 31
23 30 10
28 32 4
22 29 32
26 29 30
27 28 31
25 28 33
24 29 33
26 27 33
30 31 32
51
{[25, 24, 21, 20, 1]}
{[8, 7, 4, 2, 0]}
34
7 9 13
15 8 6
16 17 12
11 4 13
3 16 31
7 6 25
1 17 5
0 18 5
1 18 14
0 10 12
9 19 23
15 3 12
9 2 11
0 3 14
8 13 20
16 1 11
15 2 4
18 2 6
7 8 17
10 20 22
19 14 21
23 24 20
24 25 19
21 27 10
21 22 26
22 30 5
24 28 32
23 29 32
26 29 30
27 28 31
25 28 33
29 33 4
26 27 33
30 31 32
52
{[25, 24, 21, 20, 1]}
{[9, 7, 3, 2, 0]}
34
7 9 13
15 8 6
16 17 12
11 4 13
3 16 21
7 6 22
1 17 5
0 18 5
1 18 14
0 10 12
9 19 25
15 3 12
9 2 11
0 3 14
8 13 20
16 1 11
15 2 4
18 2 6
7 8 17
10 20 30
19 14 24
23 24 4
23 25 5
21 22 27
21 26 20
22 31 10
24 28 32
23 29 32
26 29 30
27 28 31
28 33 19
25 29 33
26 27 33
30 31 32
53
{[25, 24, 21, 20, 1]}
{[6, 3, 2, 1, 0]}
34
7 9 13
15 8 6
16 17 12
11 4 13
3 16 21
7 6 23
1 17 5
0 18 5
1 18 14
0 10 12
9 19 25
15 3 12
9 2 11
0 3 14
8 13 20
16 1 11
15 2 4
18 2 6
7 8 17
10 20 26
19 14 22
22 24 4
21 27 20
24 25 5
21 23 31
23 30 10
28 32 19
22 29 32
26 29 30
27 28 31
25 28 33
24 29 33
26 27 33
30 31 32
54
{[25, 24, 21, 20, 1]}
{[9, 7, 3, 2, 0]}
34
7 9 13
15 8 6
16 17 12
11 4 13
3 16 30
7 6 24
1 17 5
0 18 5
1 18 14
0 10 12
9 19 25
15 3 12
9 2 11
0 3 14
8 13 20
16 1 11
15 2 4
18 2 6
7 8 17
10 20 21
19 14 22
23 24 19
23 25 20
21 22 27
21 26 5
22 31 10
24 28 32
23 29 32
26 29 30
27 28 31
28 33 4
25 29 33
26 27 33
30 31 32
55
{[25, 24, 21, 20, 1]}
{[5, 4, 2, 1, 0]}
34
7 9 13
15 8 6
16 17 12
11 4 13
3 16 27
7 6 24
1 17 5
0 18 5
1 18 14
0 10 12
9 19 22
15 3 12
9 2 11
0 3 14
8 13 20
16 1 11
15 2 4
18 2 6
7 8 17
10 20 23
19 14 21
22 25 20
21 26 10
24 25 19
23 31 5
21 23 30
22 28 32
29 32 4
26 29 30
27 28 31
25 28 33
24 29 33
26 27 33
30 31 32
56
{[25, 24, 21, 20, 1]}
{[8, 7, 4, 2, 0]}
34
7 9 13
15 8 6
16 17 12
11 4 13
3 16 22
7 6 21
1 17 5
0 18 5
1 18 14
0 10 12
9 19 23
15 3 12
9 2 11
0 3 14
8 13 20
16 1 11
15 2 4
18 2 6
7 8 17
10 20 31
19 14 25
23 24 5
24 25 4
21 27 10
21 22 26
22 30 20
24 28 32
23 29 32
26 29 30
27 28 31
25 28 33
29 33 19
26 27 33
30 31 32
57
{[25, 24, 21, 20, 1]}
{[16, 13, 12, 11, 10]}
34
7 9 13
15 8 6
16 17 12
11 4 13
3 16 31
7 6 27
1 17 5
0 18 5
1 18 14
0 10 12
9 19 32
15 3 12
9 2 11
0 3 14
8 13 20
16 1 11
15 2 4
18 2 6
7 8 17
10 20 26
19 14 33
23 24 25
23 26 27
21 22 28
21 27 30
21 26 29
22 25 19
22 24 5
23 29 30
25 28 32
24 28 31
30 33 4
29 33 10
31 32 20
58
{[25, 24, 21, 20, 1]}
{[17, 16, 14, 12, 10]}
34
7 9 13
15 8 6
16 17 12
11 4 13
3 16 33
7 6 30
1 17 5
0 18 5
1 18 14
0 10 12
9 19 31
15 3 12
9 2 11
0 3 14
8 13 20
16 1 11
15 2 4
18 2 6
7 8 17
10 20 27
19 14 32
23 24 25
23 26 27
21 22 28
21 27 30
21 26 29
22 25 31
22 24 19
23 29 30
25 28 33
24 28 5
26 32 10
31 33 20
29 32 4
59
{[25, 24, 21, 20, 1]}
{[16, 13, 12, 11, 10]}
34
7 9 13
15 8 6
16 17 12
11 4 13
3 16 26
7 6 33
1 17 5
0 18 5
1 18 14
0 10 12
9 19 32
15 3 12
9 2 11
0 3 14
8 13 20
16 1 11
15 2 4
18 2 6
7 8 17
10 20 31
19 14 27
23 24 25
23 26 27
21 22 28
21 27 30
21 26 29
22 25 4
22 24 20
23 29 30
25 28 32
24 28 31
30 33 19
29 33 10
31 32 5
60
{[25, 24, 21, 20, 1]}
{[17, 16, 14, 12, 10]}
34
7 9 13
15 8 6
16 17 12
11 4 13
3 16 27
7 6 32
1 17 5
0 18 5
1 18 14
0 10 12
9 19 31
15 3 12
9 2 11
0 3 14
8 13 20
16 1 11
15 2 4
18 2 6
7 8 17
10 20 33
19 14 30
23 24 25
23 26 27
21 22 28
21 27 30
21 26 29
22 25 31
22 24 4
23 29 30
25 28 33
24 28 20
26 32 10
31 33 5
29 32 19
61
{[25, 24, 21, 20, 1]}
{[17, 16, 15, 13, 11]}
34
7 9 13
15 8 6
16 17 12
11 4 13
3 16 29
7 6 32
1 17 5
0 18 5
1 18 14
0 10 12
9 19 33
15 3 12
9 2 11
0 3 14
8 13 20
16 1 11
15 2 4
18 2 6
7 8 17
10 20 31
19 14 26
23 24 25
23 26 27
21 22 28
21 27 30
21 26 29
22 25 20
22 24 31
23 29 30
25 28 4
24 28 33
27 32 19
31 33 5
30 32 10
62
{[25, 24, 21, 20, 1]}
{[17, 16, 15, 13, 11]}
34
7 9 13
15 8 6
16 17 12
11 4 13
3 16 31
7 6 26
1 17 5
0 18 5
1 18 14
0 10 12
9 19 33
15 3 12
9 2 11
0 3 14
8 13 20
16 1 11
15 2 4
18 2 6
7 8 17
10 20 29
19 14 32
23 24 25
23 26 27
21 22 28
21 27 30
21 26 29
22 25 5
22 24 31
23 29 30
25 28 19
24 28 33
27 32 4
31 33 20
30 32 10
63
{[25, 24, 21, 20, 1]}
{[17, 15, 14, 13, 12]}
34
7 9 13
15 8 6
16 17 12
11 4 13
3 16 30
7 6 33
1 17 5
0 18 5
1 18 14
0 10 12
9 19 31
15 3 12
9 2 11
0 3 14
8 13 20
16 1 11
15 2 4
18 2 6
7 8 17
10 20 32
19 14 29
23 24 25
23 26 27
21 22 28
21 27 30
21 26 29
22 25 32
22 24 31
23 29 30
25 28 20
24 28 4
27 33 10
26 33 19
31 32 5
64
{[25, 24, 21, 20, 1]}
{[17, 15, 14, 13, 12]}
34
7 9 13
15 8 6
16 17 12
11 4 13
3 16 32
7 6 29
1 17 5
0 18 5
1 18 14
0 10 12
9 19 31
15 3 12
9 2 11
0 3 14
8 13 20
16 1 11
15 2 4
18 2 6
7 8 17
10 20 30
19 14 33
23 24 25
23 26 27
21 22 28
21 27 30
21 26 29
22 25 32
22 24 31
23 29 30
25 28 5
24 28 19
27 33 10
26 33 4
31 32 20
65
{[19, 18, 9, 7, 2]}
{[5, 4, 2, 1, 0]}
34
6 7 11
19 15 4
14 10 27
9 4 11
1 3 14
6 20 23
0 5 21
0 8 10
7 16 17
13 3 10
7 2 9
0 3 12
11 18 22
14 9 24
13 2 4
1 16 18
20 8 15
19 8 18
15 17 12
1 17 20
19 16 5
22 25 6
21 26 12
24 25 5
23 31 13
21 23 30
22 28 32
29 32 2
26 29 30
27 28 31
25 28 33
24 29 33
26 27 33
30 31 32
66
{[19, 18, 9, 7, 2]}
{[6, 3, 2, 1, 0]}
34
6 7 11
19 15 4
14 10 21
9 4 11
1 3 14
6 20 26
0 5 22
0 8 10
7 16 17
13 3 10
7 2 9
0 3 12
11 18 25
14 9 23
13 2 4
1 16 18
20 8 15
19 8 18
15 17 12
1 17 20
19 16 5
22 24 2
21 27 6
24 25 13
21 23 31
23 30 12
28 32 5
22 29 32
26 29 30
27 28 31
25 28 33
24 29 33
26 27 33
30 31 32
67
{[19, 18, 9, 7, 2]}
{[8, 7, 4, 2, 0]}
34
6 7 11
19 15 4
14 10 22
9 4 11
1 3 14
6 20 31
0 5 25
0 8 10
7 16 17
13 3 10
7 2 9
0 3 12
11 18 23
14 9 21
13 2 4
1 16 18
20 8 15
19 8 18
15 17 12
1 17 20
19 16 5
23 24 13
24 25 2
21 27 12
21 22 26
22 30 6
24 28 32
23 29 32
26 29 30
27 28 31
25 28 33
29 33 5
26 27 33
30 31 32
68
{[19, 18, 9, 7, 2]}
{[9, 7, 3, 2, 0]}
34
6 7 11
19 15 4
14 10 30
9 4 11
1 3 14
6 20 21
0 5 22
0 8 10
7 16 17
13 3 10
7 2 9
0 3 12
11 18 25
14 9 24
13 2 4
1 16 18
20 8 15
19 8 18
15 17 12
1 17 20
19 16 5
23 24 5
23 25 6
21 22 27
21 26 13
22 31 12
24 28 32
23 29 32
26 29 30
27 28 31
28 33 2
25 29 33
26 27 33
30 31 32
69
{[19, 18, 9, 7, 2]}
{[6, 3, 2, 1, 0]}
34
6 7 11
19 15 4
14 10 26
9 4 11
1 3 14
6 20 21
0 5 23
0 8 10
7 16 17
13 3 10
7 2 9
0 3 12
11 18 25
14 9 22
13 2 4
1 16 18
20 8 15
19 8 18
15 17 12
1 17 20
19 16 5
22 24 5
21 27 13
24 25 6
21 23 31
23 30 12
28 32 2
22 29 32
26 29 30
27 28 31
25 28 33
24 29 33
26 27 33
30 31 32
70
{[19, 18, 9, 7, 2]}
{[9, 7, 3, 2, 0]}
34
6 7 11
19 15 4
14 10 21
9 4 11
1 3 14
6 20 30
0 5 24
0 8 10
7 16 17
13 3 10
7 2 9
0 3 12
11 18 25
14 9 22
13 2 4
1 16 18
20 8 15
19 8 18
15 17 12
1 17 20
19 16 5
23 24 2
23 25 13
21 22 27
21 26 6
22 31 12
24 28 32
23 29 32
26 29 30
27 28 31
28 33 5
25 29 33
26 27 33
30 31 32
71
{[19, 18, 9, 7, 2]}
{[5, 4, 2, 1, 0]}
34
6 7 11
19 15 4
14 10 23
9 4 11
1 3 14
6 20 27
0 5 24
0 8 10
7 16 17
13 3 10
7 2 9
0 3 12
11 18 22
14 9 21
13 2 4
1 16 18
20 8 15
19 8 18
15 17 12
1 17 20
19 16 5
22 25 13
21 26 12
24 25 2
23 31 6
21 23 30
22 28 32
29 32 5
26 29 30
27 28 31
25 28 33
24 29 33
26 27 33
30 31 32
72
{[19, 18, 9, 7, 2]}
{[8, 7, 4, 2, 0]}
34
6 7 11
19 15 4
14 10 31
9 4 11
1 3 14
6 20 22
0 5 21
0 8 10
7 16 17
13 3 10
7 2 9
0 3 12
11 18 23
14 9 25
13 2 4
1 16 18
20 8 15
19 8 18
15 17 12
1 17 20
19 16 5
23 24 6
24 25 5
21 27 12
21 22 26
22 30 13
24 28 32
23 29 32
26 29 30
27 28 31
25 28 33
29 33 2
26 27 33
30 31 32
73
{[19, 18, 9, 7, 2]}
{[16, 13, 12, 11, 10]}
34
6 7 11
19 15 4
14 10 26
9 4 11
1 3 14
6 20 31
0 5 27
0 8 10
7 16 17
13 3 10
7 2 9
0 3 12
11 18 32
14 9 33
13 2 4
1 16 18
20 8 15
19 8 18
15 17 12
1 17 20
19 16 5
23 24 25
23 26 27
21 22 28
21 27 30
21 26 29
22 25 2
22 24 6
23 29 30
25 28 32
24 28 31
30 33 5
29 33 12
31 32 13
74
{[19, 18, 9, 7, 2]}
{[17, 16, 14, 12, 10]}
34
6 7 11
19 15 4
14 10 27
9 4 11
1 3 14
6 20 33
0 5 30
0 8 10
7 16 17
13 3 10
7 2 9
0 3 12
11 18 31
14 9 32
13 2 4
1 16 18
20 8 15
19 8 18
15 17 12
1 17 20
19 16 5
23 24 25
23 26 27
21 22 28
21 27 30
21 26 29
22 25 31
22 24 2
23 29 30
25 28 33
24 28 6
26 32 12
31 33 13
29 32 5
75
{[19, 18, 9, 7, 2]}
{[16, 13, 12, 11, 10]}
34
6 7 11
19 15 4
14 10 31
9 4 11
1 3 14
6 20 26
0 5 33
0 8 10
7 16 17
13 3 10
7 2 9
0 3 12
11 18 32
14 9 27
13 2 4
1 16 18
20 8 15
19 8 18
15 17 12
1 17 20
19 16 5
23 24 25
23 26 27
21 22 28
21 27 30
21 26 29
22 25 5
22 24 13
23 29 30
25 28 32
24 28 31
30 33 2
29 33 12
31 32 6
76
{[19, 18, 9, 7, 2]}
{[17, 16, 14, 12, 10]}
34
6 7 11
19 15 4
14 10 33
9 4 11
1 3 14
6 20 27
0 5 32
0 8 10
7 16 17
13 3 10
7 2 9
0 3 12
11 18 31
14 9 30
13 2 4
1 16 18
20 8 15
19 8 18
15 17 12
1 17 20
19 16 5
23 24 25
23 26 27
21 22 28
21 27 30
21 26 29
22 25 31
22 24 5
23 29 30
25 28 33
24 28 13
26 32 12
31 33 6
29 32 2
77
{[19, 18, 9, 7, 2]}
{[17, 16, 15, 13, 11]}
34
6 7 11
19 15 4
14 10 31
9 4 11
1 3 14
6 20 29
0 5 32
0 8 10
7 16 17
13 3 10
7 2 9
0 3 12
11 18 33
14 9 26
13 2 4
1 16 18
20 8 15
19 8 18
15 17 12
1 17 20
19 16 5
23 24 25
23 26 27
21 22 28
21 27 30
21 26 29
22 25 13
22 24 31
23 29 30
25 28 5
24 28 33
27 32 2
31 33 6
30 32 12
78
{[19, 18, 9, 7, 2]}
{[17, 16, 15, 13, 11]}
34
6 7 11
19 15 4
14 10 29
9 4 11
1 3 14
6 20 31
0 5 26
0 8 10
7 16 17
13 3 10
7 2 9
0 3 12
11 18 33
14 9 32
13 2 4
1 16 18
20 8 15
19 8 18
15 17 12
1 17 20
19 16 5
23 24 25
23 26 27
21 22 28
21 27 30
21 26 29
22 25 6
22 24 31
23 29 30
25 28 2
24 28 33
27 32 5
31 33 13
30 32 12
79
{[19, 18, 9, 7, 2]}
{[17, 15, 14, 13, 12]}
34
6 7 11
19 15 4
14 10 32
9 4 11
1 3 14
6 20 30
0 5 33
0 8 10
7 16 17
13 3 10
7 2 9
0 3 12
11 18 31
14 9 29
13 2 4
1 16 18
20 8 15
19 8 18
15 17 12
1 17 20
19 16 5
23 24 25
23 26 27
21 22 28
21 27 30
21 26 29
22 25 32
22 24 31
23 29 30
25 28 13
24 28 5
27 33 12
26 33 2
31 32 6
80
{[19, 18, 9, 7, 2]}
{[17, 15, 14, 13, 12]}
34
6 7 11
19 15 4
14 10 30
9 4 11
1 3 14
6 20 32
0 5 29
0 8 10
7 16 17
13 3 10
7 2 9
0 3 12
11 18 31
14 9 33
13 2 4
1 16 18
20 8 15
19 8 18
15 17 12
1 17 20
19 16 5
23 24 25
23 26 27
21 22 28
21 27 30
21 26 29
22 25 32
22 24 31
23 29 30
25 28 6
24 28 2
27 33 12
26 33 5
31 32 13
81
{[19, 18, 9, 7, 2]}
{[5, 4, 2, 1, 0]}
34
6 7 11
19 15 4
14 10 23
9 4 11
1 3 14
6 20 27
0 5 24
0 8 10
7 16 17
13 3 10
7 2 9
0 3 12
11 18 22
14 9 21
13 2 4
1 16 18
20 8 15
19 8 18
15 17 12
1 17 20
19 16 5
22 25 13
21 26 12
24 25 2
23 31 6
21 23 30
22 28 32
29 32 5
26 29 30
27 28 31
25 28 33
24 29 33
26 27 33
30 31 32
82
{[19, 18, 9, 7, 2]}
{[6, 3, 2, 1, 0]}
34
6 7 11
19 15 4
14 10 26
9 4 11
1 3 14
6 20 21
0 5 23
0 8 10
7 16 17
13 3 10
7 2 9
0 3 12
11 18 25
14 9 22
13 2 4
1 16 18
20 8 15
19 8 18
15 17 12
1 17 20
19 16 5
22 24 5
21 27 13
24 25 6
21 23 31
23 30 12
28 32 2
22 29 32
26 29 30
27 28 31
25 28 33
24 29 33
26 27 33
30 31 32
83
{[19, 18, 9, 7, 2]}
{[8, 7, 4, 2, 0]}
34
6 7 11
19 15 4
14 10 31
9 4 11
1 3 14
6 20 22
0 5 21
0 8 10
7 16 17
13 3 10
7 2 9
0 3 12
11 18 23
14 9 25
13 2 4
1 16 18
20 8 15
19 8 18
15 17 12
1 17 20
19 16 5
23 24 6
24 25 5
21 27 12
21 22 26
22 30 13
24 28 32
23 29 32
26 29 30
27 28 31
25 28 33
29 33 2
26 27 33
30 31 32
84
{[19, 18, 9, 7, 2]}
{[9, 7, 3, 2, 0]}
34
6 7 11
19 15 4
14 10 21
9 4 11
1 3 14
6 20 30
0 5 24
0 8 10
7 16 17
13 3 10
7 2 9
0 3 12
11 18 25
14 9 22
13 2 4
1 16 18
20 8 15
19 8 18
15 17 12
1 17 20
19 16 5
23 24 2
23 25 13
21 22 27
21 26 6
22 31 12
24 28 32
23 29 32
26 29 30
27 28 31
28 33 5
25 29 33
26 27 33
30 31 32
85
{[19, 18, 9, 7, 2]}
{[6, 3, 2, 1, 0]}
34
6 7 11
19 15 4
14 10 21
9 4 11
1 3 14
6 20 26
0 5 22
0 8 10
7 16 17
13 3 10
7 2 9
0 3 12
11 18 25
14 9 23
13 2 4
1 16 18
20 8 15
19 8 18
15 17 12
1 17 20
19 16 5
22 24 2
21 27 6
24 25 13
21 23 31
23 30 12
28 32 5
22 29 32
26 29 30
27 28 31
25 28 33
24 29 33
26 27 33
30 31 32
86
{[19, 18, 9, 7, 2]}
{[9, 7, 3, 2, 0]}
34
6 7 11
19 15 4
14 10 30
9 4 11
1 3 14
6 20 21
0 5 22
0 8 10
7 16 17
13 3 10
7 2 9
0 3 12
11 18 25
14 9 24
13 2 4
1 16 18
20 8 15
19 8 18
15 17 12
1 17 20
19 16 5
23 24 5
23 25 6
21 22 27
21 26 13
22 31 12
24 28 32
23 29 32
26 29 30
27 28 31
28 33 2
25 29 33
26 27 33
30 31 32
87
{[19, 18, 9, 7, 2]}
{[5, 4, 2, 1, 0]}
34
6 7 11
19 15 4
14 10 27
9 4 11
1 3 14
6 20 23
0 5 21
0 8 10
7 16 17
13 3 10
7 2 9
0 3 12
11 18 22
14 9 24
13 2 4
1 16 18
20 8 15
19 8 18
15 17 12
1 17 20
19 16 5
22 25 6
21 26 12
24 25 5
23 31 13
21 23 30
22 28 32
29 32 2
26 29 30
27 28 31
25 28 33
24 29 33
26 27 33
30 31 32
88
{[19, 18, 9, 7, 2]}
{[8, 7, 4, 2, 0]}
34
6 7 11
19 15 4
14 10 22
9 4 11
1 3 14
6 20 31
0 5 25
0 8 10
7 16 17
13 3 10
7 2 9
0 3 12
11 18 23
14 9 21
13 2 4
1 16 18
20 8 15
19 8 18
15 17 12
1 17 20
19 16 5
23 24 13
24 25 2
21 27 12
21 22 26
22 30 6
24 28 32
23 29 32
26 29 30
27 28 31
25 28 33
29 33 5
26 27 33
30 31 32
89
{[19, 18, 9, 7, 2]}
{[16, 13, 12, 11, 10]}
34
6 7 11
19 15 4
14 10 31
9 4 11
1 3 14
6 20 26
0 5 33
0 8 10
7 16 17
13 3 10
7 2 9
0 3 12
11 18 32
14 9 27
13 2 4
1 16 18
20 8 15
19 8 18
15 17 12
1 17 20
19 16 5
23 24 25
23 26 27
21 22 28
21 27 30
21 26 29
22 25 5
22 24 13
23 29 30
25 28 32
24 28 31
30 33 2
29 33 12
31 32 6
90
{[19, 18, 9, 7, 2]}
{[17, 16, 14, 12, 10]}
34
6 7 11
19 15 4
14 10 33
9 4 11
1 3 14
6 20 27
0 5 32
0 8 10
7 16 17
13 3 10
7 2 9
0 3 12
11 18 31
14 9 30
13 2 4
1 16 18
20 8 15
19 8 18
15 17 12
1 17 20
19 16 5
23 24 25
23 26 27
21 22 28
21 27 30
21 26 29
22 25 31
22 24 5
23 29 30
25 28 33
24 28 13
26 32 12
31 33 6
29 32 2
91
{[19, 18, 9, 7, 2]}
{[16, 13, 12, 11, 10]}
34
6 7 11
19 15 4
14 10 26
9 4 11
1 3 14
6 20 31
0 5 27
0 8 10
7 16 17
13 3 10
7 2 9
0 3 12
11 18 32
14 9 33
13 2 4
1 16 18
20 8 15
19 8 18
15 17 12
1 17 20
19 16 5
23 24 25
23 26 27
21 22 28
21 27 30
21 26 29
22 25 2
22 24 6
23 29 30
25 28 32
24 28 31
30 33 5
29 33 12
31 32 13
92
{[19, 18, 9, 7, 2]}
{[17, 16, 14, 12, 10]}
34
6 7 11
19 15 4
14 10 27
9 4 11
1 3 14
6 20 33
0 5 30
0 8 10
7 16 17
13 3 10
7 2 9
0 3 12
11 18 31
14 9 32
13 2 4
1 16 18
20 8 15
19 8 18
15 17 12
1 17 20
19 16 5
23 24 25
23 26 27
21 22 28
21 27 30
21 26 29
22 25 31
22 24 2
23 29 30
25 28 33
24 28 6
26 32 12
31 33 13
29 32 5
93
{[19, 18, 9, 7, 2]}
{[17, 16, 15, 13, 11]}
34
6 7 11
19 15 4
14 10 29
9 4 11
1 3 14
6 20 31
0 5 26
0 8 10
7 16 17
13 3 10
7 2 9
0 3 12
11 18 33
14 9 32
13 2 4
1 16 18
20 8 15
19 8 18
15 17 12
1 17 20
19 16 5
23 24 25
23 26 27
21 22 28
21 27 30
21 26 29
22 25 6
22 24 31
23 29 30
25 28 2
24 28 33
27 32 5
31 33 13
30 32 12
94
{[19, 18, 9, 7, 2]}
{[17, 16, 15, 13, 11]}
34
6 7 11
19 15 4
14 10 31
9 4 11
1 3 14
6 20 29
0 5 32
0 8 10
7 16 17
13 3 10
7 2 9
0 3 12
11 18 33
14 9 26
13 2 4
1 16 18
20 8 15
19 8 18
15 17 12
1 17 20
19 16 5
23 24 25
23 26 27
21 22 28
21 27 30
21 26 29
22 25 13
22 24 31
23 29 30
25 28 5
24 28 33
27 32 2
31 33 6
30 32 12
95
{[19, 18, 9, 7, 2]}
{[17, 15, 14, 13, 12]}
34
6 7 11
19 15 4
14 10 30
9 4 11
1 3 14
6 20 32
0 5 29
0 8 10
7 16 17
13 3 10
7 2 9
0 3 12
11 18 31
14 9 33
13 2 4
1 16 18
20 8 15
19 8 18
15 17 12
1 17 20
19 16 5
23 24 25
23 26 27
21 22 28
21 27 30
21 26 29
22 25 32
22 24 31
23 29 30
25 28 6
24 28 2
27 33 12
26 33 5
31 32 13
96
{[19, 18, 9, 7, 2]}
{[17, 15, 14, 13, 12]}
34
6 7 11
19 15 4
14 10 32
9 4 11
1 3 14
6 20 30
0 5 33
0 8 10
7 16 17
13 3 10
7 2 9
0 3 12
11 18 31
14 9 29
13 2 4
1 16 18
20 8 15
19 8 18
15 17 12
1 17 20
19 16 5
23 24 25
23 26 27
21 22 28
21 27 30
21 26 29
22 25 32
22 24 31
23 29 30
25 28 13
24 28 5
27 33 12
26 33 2
31 32 6
97
{[17, 16, 13, 12, 3]}
{[5, 4, 2, 1, 0]}
34
7 9 11
19 15 4
8 6 23
4 11 24
1 3 27
7 20 6
2 13 5
0 14 5
2 14 12
0 10 22
9 16 17
0 3 12
8 11 18
14 6 21
7 8 13
1 16 18
20 10 15
19 10 18
15 17 12
1 17 20
19 16 5
22 25 13
21 26 9
24 25 2
23 31 3
21 23 30
22 28 32
29 32 4
26 29 30
27 28 31
25 28 33
24 29 33
26 27 33
30 31 32
98
{[17, 16, 13, 12, 3]}
{[6, 3, 2, 1, 0]}
34
7 9 11
19 15 4
8 6 26
4 11 23
1 3 21
7 20 6
2 13 5
0 14 5
2 14 12
0 10 25
9 16 17
0 3 12
8 11 18
14 6 22
7 8 13
1 16 18
20 10 15
19 10 18
15 17 12
1 17 20
19 16 5
22 24 4
21 27 13
24 25 3
21 23 31
23 30 9
28 32 2
22 29 32
26 29 30
27 28 31
25 28 33
24 29 33
26 27 33
30 31 32
99
{[17, 16, 13, 12, 3]}
{[8, 7, 4, 2, 0]}
34
7 9 11
19 15 4
8 6 31
4 11 21
1 3 22
7 20 6
2 13 5
0 14 5
2 14 12
0 10 23
9 16 17
0 3 12
8 11 18
14 6 25
7 8 13
1 16 18
20 10 15
19 10 18
15 17 12
1 17 20
19 16 5
23 24 3
24 25 4
21 27 9
21 22 26
22 30 13
24 28 32
23 29 32
26 29 30
27 28 31
25 28 33
29 33 2
26 27 33
30 31 32
100
{[17, 16, 13, 12, 3]}
{[9, 7, 3, 2, 0]}
34
7 9 11
19 15 4
8 6 21
4 11 24
1 3 30
7 20 6
2 13 5
0 14 5
2 14 12
0 10 25
9 16 17
0 3 12
8 11 18
14 6 22
7 8 13
1 16 18
20 10 15
19 10 18
15 17 12
1 17 20
19 16 5
23 24 2
23 25 13
21 22 27
21 26 3
22 31 9
24 28 32
23 29 32
26 29 30
27 28 31
28 33 4
25 29 33
26 27 33
30 31 32
101
{[17, 16, 13, 12, 3]}
{[6, 3, 2, 1, 0]}
34
7 9 11
19 15 4
8 6 21
4 11 22
1 3 26
7 20 6
2 13 5
0 14 5
2 14 12
0 10 25
9 16 17
0 3 12
8 11 18
14 6 23
7 8 13
1 16 18
20 10 15
19 10 18
15 17 12
1 17 20
19 16 5
22 24 2
21 27 3
24 25 13
21 23 31
23 30 9
28 32 4
22 29 32
26 29 30
27 28 31
25 28 33
24 29 33
26 27 33
30 31 32
102
{[17, 16, 13, 12, 3]}
{[9, 7, 3, 2, 0]}
34
7 9 11
19 15 4
8 6 30
4 11 22
1 3 21
7 20 6
2 13 5
0 14 5
2 14 12
0 10 25
9 16 17
0 3 12
8 11 18
14 6 24
7 8 13
1 16 18
20 10 15
19 10 18
15 17 12
1 17 20
19 16 5
23 24 4
23 25 3
21 22 27
21 26 13
22 31 9
24 28 32
23 29 32
26 29 30
27 28 31
28 33 2
25 29 33
26 27 33
30 31 32
103
{[17, 16, 13, 12, 3]}
{[5, 4, 2, 1, 0]}
34
7 9 11
19 15 4
8 6 27
4 11 21
1 3 23
7 20 6
2 13 5
0 14 5
2 14 12
0 10 22
9 16 17
0 3 12
8 11 18
14 6 24
7 8 13
1 16 18
20 10 15
19 10 18
15 17 12
1 17 20
19 16 5
22 25 3
21 26 9
24 25 4
23 31 13
21 23 30
22 28 32
29 32 2
26 29 30
27 28 31
25 28 33
24 29 33
26 27 33
30 31 32
104
{[17, 16, 13, 12, 3]}
{[8, 7, 4, 2, 0]}
34
7 9 11
19 15 4
8 6 22
4 11 25
1 3 31
7 20 6
2 13 5
0 14 5
2 14 12
0 10 23
9 16 17
0 3 12
8 11 18
14 6 21
7 8 13
1 16 18
20 10 15
19 10 18
15 17 12
1 17 20
19 16 5
23 24 13
24 25 2
21 27 9
21 22 26
22 30 3
24 28 32
23 29 32
26 29 30
27 28 31
25 28 33
29 33 4
26 27 33
30 31 32
105
{[17, 16, 13, 12, 3]}
{[16, 13, 12, 11, 10]}
34
7 9 11
19 15 4
8 6 31
4 11 33
1 3 26
7 20 6
2 13 5
0 14 5
2 14 12
0 10 32
9 16 17
0 3 12
8 11 18
14 6 27
7 8 13
1 16 18
20 10 15
19 10 18
15 17 12
1 17 20
19 16 5
23 24 25
23 26 27
21 22 28
21 27 30
21 26 29
22 25 4
22 24 13
23 29 30
25 28 32
24 28 31
30 33 2
29 33 9
31 32 3
106
{[17, 16, 13, 12, 3]}
{[17, 16, 14, 12, 10]}
34
7 9 11
19 15 4
8 6 33
4 11 32
1 3 27
7 20 6
2 13 5
0 14 5
2 14 12
0 10 31
9 16 17
0 3 12
8 11 18
14 6 30
7 8 13
1 16 18
20 10 15
19 10 18
15 17 12
1 17 20
19 16 5
23 24 25
23 26 27
21 22 28
21 27 30
21 26 29
22 25 31
22 24 4
23 29 30
25 28 33
24 28 13
26 32 9
31 33 3
29 32 2
107
{[17, 16, 13, 12, 3]}
{[16, 13, 12, 11, 10]}
34
7 9 11
19 15 4
8 6 26
4 11 27
1 3 31
7 20 6
2 13 5
0 14 5
2 14 12
0 10 32
9 16 17
0 3 12
8 11 18
14 6 33
7 8 13
1 16 18
20 10 15
19 10 18
15 17 12
1 17 20
19 16 5
23 24 25
23 26 27
21 22 28
21 27 30
21 26 29
22 25 2
22 24 3
23 29 30
25 28 32
24 28 31
30 33 4
29 33 9
31 32 13
108
{[17, 16, 13, 12, 3]}
{[17, 16, 14, 12, 10]}
34
7 9 11
19 15 4
8 6 27
4 11 30
1 3 33
7 20 6
2 13 5
0 14 5
2 14 12
0 10 31
9 16 17
0 3 12
8 11 18
14 6 32
7 8 13
1 16 18
20 10 15
19 10 18
15 17 12
1 17 20
19 16 5
23 24 25
23 26 27
21 22 28
21 27 30
21 26 29
22 25 31
22 24 2
23 29 30
25 28 33
24 28 3
26 32 9
31 33 13
29 32 4
109
{[17, 16, 13, 12, 3]}
{[17, 16, 15, 13, 11]}
34
7 9 11
19 15 4
8 6 29
4 11 26
1 3 31
7 20 6
2 13 5
0 14 5
2 14 12
0 10 33
9 16 17
0 3 12
8 11 18
14 6 32
7 8 13
1 16 18
20 10 15
19 10 18
15 17 12
1 17 20
19 16 5
23 24 25
23 26 27
21 22 28
21 27 30
21 26 29
22 25 3
22 24 31
23 29 30
25 28 2
24 28 33
27 32 4
31 33 13
30 32 9
110
{[17, 16, 13, 12, 3]}
{[17, 16, 15, 13, 11]}
34
7 9 11
19 15 4
8 6 31
4 11 32
1 3 29
7 20 6
2 13 5
0 14 5
2 14 12
0 10 33
9 16 17
0 3 12
8 11 18
14 6 26
7 8 13
1 16 18
20 10 15
19 10 18
15 17 12
1 17 20
19 16 5
23 24 25
23 26 27
21 22 28
21 27 30
21 26 29
22 25 13
22 24 31
23 29 30
25 28 4
24 28 33
27 32 2
31 33 3
30 32 9
111
{[17, 16, 13, 12, 3]}
{[17, 15, 14, 13, 12]}
34
7 9 11
19 15 4
8 6 30
4 11 29
1 3 32
7 20 6
2 13 5
0 14 5
2 14 12
0 10 31
9 16 17
0 3 12
8 11 18
14 6 33
7 8 13
1 16 18
20 10 15
19 10 18
15 17 12
1 17 20
19 16 5
23 24 25
23 26 27
21 22 28
21 27 30
21 26 29
22 25 32
22 24 31
23 29 30
25 28 3
24 28 2
27 33 9
26 33 4
31 32 13
112
{[17, 16, 13, 12, 3]}
{[17, 15, 14, 13, 12]}
34
7 9 11
19 15 4
8 6 32
4 11 33
1 3 30
7 20 6
2 13 5
0 14 5
2 14 12
0 10 31
9 16 17
0 3 12
8 11 18
14 6 29
7 8 13
1 16 18
20 10 15
19 10 18
15 17 12
1 17 20
19 16 5
23 24 25
23 26 27
21 22 28
21 27 30
21 26 29
22 25 32
22 24 31
23 29 30
25 28 13
24 28 4
27 33 9
26 33 2
31 32 3
113
{[17, 16, 13, 12, 3]}
{[5, 4, 2, 1, 0]}
34
7 9 11
19 15 4
8 6 27
4 11 21
1 3 23
7 20 6
2 13 5
0 14 5
2 14 12
0 10 22
9 16 17
0 3 12
8 11 18
14 6 24
7 8 13
1 16 18
20 10 15
19 10 18
15 17 12
1 17 20
19 16 5
22 25 3
21 26 9
24 25 4
23 31 13
21 23 30
22 28 32
29 32 2
26 29 30
27 28 31
25 28 33
24 29 33
26 27 33
30 31 32
114
{[17, 16, 13, 12, 3]}
{[6, 3, 2, 1, 0]}
34
7 9 11
19 15 4
8 6 21
4 11 22
1 3 26
7 20 6
2 13 5
0 14 5
2 14 12
0 10 25
9 16 17
0 3 12
8 11 18
14 6 23
7 8 13
1 16 18
20 10 15
19 10 18
15 17 12
1 17 20
19 16 5
22 24 2
21 27 3
24 25 13
21 23 31
23 30 9
28 32 4
22 29 32
26 29 30
27 28 31
25 28 33
24 29 33
26 27 33
30 31 32
115
{[17, 16, 13, 12, 3]}
{[8, 7, 4, 2, 0]}
34
7 9 11
19 15 4
8 6 22
4 11 25
1 3 31
7 20 6
2 13 5
0 14 5
2 14 12
0 10 23
9 16 17
0 3 12
8 11 18
14 6 21
7 8 13
1 16 18
20 10 15
19 10 18
15 17 12
1 17 20
19 16 5
23 24 13
24 25 2
21 27 9
21 22 26
22 30 3
24 28 32
23 29 32
26 29 30
27 28 31
25 28 33
29 33 4
26 27 33
30 31 32
116
{[17, 16, 13, 12, 3]}
{[9, 7, 3, 2, 0]}
34
7 9 11
19 15 4
8 6 30
4 11 22
1 3 21
7 20 6
2 13 5
0 14 5
2 14 12
0 10 25
9 16 17
0 3 12
8 11 18
14 6 24
7 8 13
1 16 18
20 10 15
19 10 18
15 17 12
1 17 20
19 16 5
23 24 4
23 25 3
21 22 27
21 26 13
22 31 9
24 28 32
23 29 32
26 29 30
27 28 31
28 33 2
25 29 33
26 27 33
30 31 32
117
{[17, 16, 13, 12, 3]}
{[6, 3, 2, 1, 0]}
34
7 9 11
19 15 4
8 6 26
4 11 23
1 3 21
7 20 6
2 13 5
0 14 5
2 14 12
0 10 25
9 16 17
0 3 12
8 11 18
14 6 22
7 8 13
1 16 18
20 10 15
19 10 18
15 17 12
1 17 20
19 16 5
22 24 4
21 27 13
24 25 3
21 23 31
23 30 9
28 32 2
22 29 32
26 29 30
27 28 31
25 28 33
24 29 33
26 27 33
30 31 32
118
{[17, 16, 13, 12, 3]}
{[9, 7, 3, 2, 0]}
34
7 9 11
19 15 4
8 6 21
4 11 24
1 3 30
7 20 6
2 13 5
0 14 5
2 14 12
0 10 25
9 16 17
0 3 12
8 11 18
14 6 22
7 8 13
1 16 18
20 10 15
19 10 18
15 17 12
1 17 20
19 16 5
23 24 2
23 25 13
21 22 27
21 26 3
22 31 9
24 28 32
23 29 32
26 29 30
27 28 31
28 33 4
25 29 33
26 27 33
30 31 32
119
{[17, 16, 13, 12, 3]}
{[5, 4, 2, 1, 0]}
34
7 9 11
19 15 4
8 6 23
4 11 24
1 3 27
7 20 6
2 13 5
0 14 5
2 14 12
0 10 22
9 16 17
0 3 12
8 11 18
14 6 21
7 8 13
1 16 18
20 10 15
19 10 18
15 17 12
1 17 20
19 16 5
22 25 13
21 26 9
24 25 2
23 31 3
21 23 30
22 28 32
29 32 4
26 29 30
27 28 31
25 28 33
24 29 33
26 27 33
30 31 32
120
{[17, 16, 13, 12, 3]}
{[8, 7, 4, 2, 0]}
34
7 9 11
19 15 4
8 6 31
4 11 21
1 3 22
7 20 6
2 13 5
0 14 5
2 14 12
0 10 23
9 16 17
0 3 12
8 11 18
14 6 25
7 8 13
1 16 18
20 10 15
19 10 18
15 17 12
1 17 20
19 16 5
23 24 3
24 25 4
21 27 9
21 22 26
22 30 13
24 28 32
23 29 32
26 29 30
27 28 31
25 28 33
29 33 2
26 27 33
30 31 32
121
{[17, 16, 13, 12, 3]}
{[16, 13, 12, 11, 10]}
34
7 9 11
19 15 4
8 6 26
4 11 27
1 3 31
7 20 6
2 13 5
0 14 5
2 14 12
0 10 32
9 16 17
0 3 12
8 11 18
14 6 33
7 8 13
1 16 18
20 10 15
19 10 18
15 17 12
1 17 20
19 16 5
23 24 25
23 26 27
21 22 28
21 27 30
21 26 29
22 25 2
22 24 3
23 29 30
25 28 32
24 28 31
30 33 4
29 33 9
31 32 13
122
{[17, 16, 13, 12, 3]}
{[17, 16, 14, 12, 10]}
34
7 9 11
19 15 4
8 6 27
4 11 30
1 3 33
7 20 6
2 13 5
0 14 5
2 14 12
0 10 31
9 16 17
0 3 12
8 11 18
14 6 32
7 8 13
1 16 18
20 10 15
19 10 18
15 17 12
1 17 20
19 16 5
23 24 25
23 26 27
21 22 28
21 27 30
21 26 29
22 25 31
22 24 2
23 29 30
25 28 33
24 28 3
26 32 9
31 33 13
29 32 4
123
{[17, 16, 13, 12, 3]}
{[16, 13, 12, 11, 10]}
34
7 9 11
19 15 4
8 6 31
4 11 33
1 3 26
7 20 6
2 13 5
0 14 5
2 14 12
0 10 32
9 16 17
0 3 12
8 11 18
14 6 27
7 8 13
1 16 18
20 10 15
19 10 18
15 17 12
1 17 20
19 16 5
23 24 25
23 26 27
21 22 28
21 27 30
21 26 29
22 25 4
22 24 13
23 29 30
25 28 32
24 28 31
30 33 2
29 33 9
31 32 3
124
{[17, 16, 13, 12, 3]}
{[17, 16, 14, 12, 10]}
34
7 9 11
19 15 4
8 6 33
4 11 32
1 3 27
7 20 6
2 13 5
0 14 5
2 14 12
0 10 31
9 16 17
0 3 12
8 11 18
14 6 30
7 8 13
1 16 18
20 10 15
19 10 18
15 17 12
1 17 20
19 16 5
23 24 25
23 26 27
21 22 28
21 27 30
21 26 29
22 25 31
22 24 4
23 29 30
25 28 33
24 28 13
26 32 9
31 33 3
29 32 2
125
{[17, 16, 13, 12, 3]}
{[17, 16, 15, 13, 11]}
34
7 9 11
19 15 4
8 6 31
4 11 32
1 3 29
7 20 6
2 13 5
0 14 5
2 14 12
0 10 33
9 16 17
0 3 12
8 11 18
14 6 26
7 8 13
1 16 18
20 10 15
19 10 18
15 17 12
1 17 20
19 16 5
23 24 25
23 26 27
21 22 28
21 27 30
21 26 29
22 25 13
22 24 31
23 29 30
25 28 4
24 28 33
27 32 2
31 33 3
30 32 9
126
{[17, 16, 13, 12, 3]}
{[17, 16, 15, 13, 11]}
34
7 9 11
19 15 4
8 6 29
4 11 26
1 3 31
7 20 6
2 13 5
0 14 5
2 14 12
0 10 33
9 16 17
0 3 12
8 11 18
14 6 32
7 8 13
1 16 18
20 10 15
19 10 18
15 17 12
1 17 20
19 16 5
23 24 25
23 26 27
21 22 28
21 27 30
21 26 29
22 25 3
22 24 31
23 29 30
25 28 2
24 28 33
27 32 4
31 33 13
30 32 9
127
{[17, 16, 13, 12, 3]}
{[17, 15, 14, 13, 12]}
34
7 9 11
19 15 4
8 6 32
4 11 33
1 3 30
7 20 6
2 13 5
0 14 5
2 14 12
0 10 31
9 16 17
0 3 12
8 11 18
14 6 29
7 8 13
1 16 18
20 10 15
19 10 18
15 17 12
1 17 20
19 16 5
23 24 25
23 26 27
21 22 28
21 27 30
21 26 29
22 25 32
22 24 31
23 29 30
25 28 13
24 28 4
27 33 9
26 33 2
31 32 3
128
{[17, 16, 13, 12, 3]}
{[17, 15, 14, 13, 12]}
34
7 9 11
19 15 4
8 6 30
4 11 29
1 3 32
7 20 6
2 13 5
0 14 5
2 14 12
0 10 31
9 16 17
0 3 12
8 11 18
14 6 33
7 8 13
1 16 18
20 10 15
19 10 18
15 17 12
1 17 20
19 16 5
23 24 25
23 26 27
21 22 28
21 27 30
21 26 29
22 25 32
22 24 31
23 29 30
25 28 3
24 28 2
27 33 9
26 33 4
31 32 13
129
{[17, 16, 12, 5, 4]}
{[5, 4, 2, 1, 0]}
34
6 8 11
19 15 21
7 5 24
13 10 22
6 20 5
2 13 4
0 14 4
2 14 12
0 9 10
8 16 17
8 3 23
0 12 27
7 11 18
14 3 5
6 7 13
1 16 18
20 9 15
19 9 18
15 17 12
1 17 20
19 16 4
22 25 1
21 26 3
24 25 10
23 31 2
21 23 30
22 28 32
29 32 11
26 29 30
27 28 31
25 28 33
24 29 33
26 27 33
30 31 32
130
{[17, 16, 12, 5, 4]}
{[6, 3, 2, 1, 0]}
34
6 8 11
19 15 22
7 5 23
13 10 25
6 20 5
2 13 4
0 14 4
2 14 12
0 9 10
8 16 17
8 3 26
0 12 21
7 11 18
14 3 5
6 7 13
1 16 18
20 9 15
19 9 18
15 17 12
1 17 20
19 16 4
22 24 11
21 27 1
24 25 2
21 23 31
23 30 3
28 32 10
22 29 32
26 29 30
27 28 31
25 28 33
24 29 33
26 27 33
30 31 32
131
{[17, 16, 12, 5, 4]}
{[8, 7, 4, 2, 0]}
34
6 8 11
19 15 25
7 5 21
13 10 23
6 20 5
2 13 4
0 14 4
2 14 12
0 9 10
8 16 17
8 3 31
0 12 22
7 11 18
14 3 5
6 7 13
1 16 18
20 9 15
19 9 18
15 17 12
1 17 20
19 16 4
23 24 2
24 25 11
21 27 3
21 22 26
22 30 1
24 28 32
23 29 32
26 29 30
27 28 31
25 28 33
29 33 10
26 27 33
30 31 32
132
{[17, 16, 12, 5, 4]}
{[9, 7, 3, 2, 0]}
34
6 8 11
19 15 22
7 5 24
13 10 25
6 20 5
2 13 4
0 14 4
2 14 12
0 9 10
8 16 17
8 3 21
0 12 30
7 11 18
14 3 5
6 7 13
1 16 18
20 9 15
19 9 18
15 17 12
1 17 20
19 16 4
23 24 10
23 25 1
21 22 27
21 26 2
22 31 3
24 28 32
23 29 32
26 29 30
27 28 31
28 33 11
25 29 33
26 27 33
30 31 32
133
{[17, 16, 12, 5, 4]}
{[6, 3, 2, 1, 0]}
34
6 8 11
19 15 23
7 5 22
13 10 25
6 20 5
2 13 4
0 14 4
2 14 12
0 9 10
8 16 17
8 3 21
0 12 26
7 11 18
14 3 5
6 7 13
1 16 18
20 9 15
19 9 18
15 17 12
1 17 20
19 16 4
22 24 10
21 27 2
24 25 1
21 23 31
23 30 3
28 32 11
22 29 32
26 29 30
27 28 31
25 28 33
24 29 33
26 27 33
30 31 32
134
{[17, 16, 12, 5, 4]}
{[9, 7, 3, 2, 0]}
34
6 8 11
19 15 24
7 5 22
13 10 25
6 20 5
2 13 4
0 14 4
2 14 12
0 9 10
8 16 17
8 3 30
0 12 21
7 11 18
14 3 5
6 7 13
1 16 18
20 9 15
19 9 18
15 17 12
1 17 20
19 16 4
23 24 11
23 25 2
21 22 27
21 26 1
22 31 3
24 28 32
23 29 32
26 29 30
27 28 31
28 33 10
25 29 33
26 27 33
30 31 32
135
{[17, 16, 12, 5, 4]}
{[5, 4, 2, 1, 0]}
34
6 8 11
19 15 24
7 5 21
13 10 22
6 20 5
2 13 4
0 14 4
2 14 12
0 9 10
8 16 17
8 3 27
0 12 23
7 11 18
14 3 5
6 7 13
1 16 18
20 9 15
19 9 18
15 17 12
1 17 20
19 16 4
22 25 2
21 26 3
24 25 11
23 31 1
21 23 30
22 28 32
29 32 10
26 29 30
27 28 31
25 28 33
24 29 33
26 27 33
30 31 32
136
{[17, 16, 12, 5, 4]}
{[8, 7, 4, 2, 0]}
34
6 8 11
19 15 21
7 5 25
13 10 23
6 20 5
2 13 4
0 14 4
2 14 12
0 9 10
8 16 17
8 3 22
0 12 31
7 11 18
14 3 5
6 7 13
1 16 18
20 9 15
19 9 18
15 17 12
1 17 20
19 16 4
23 24 1
24 25 10
21 27 3
21 22 26
22 30 2
24 28 32
23 29 32
26 29 30
27 28 31
25 28 33
29 33 11
26 27 33
30 31 32
137
{[17, 16, 12, 5, 4]}
{[16, 13, 12, 11, 10]}
34
6 8 11
19 15 27
7 5 33
13 10 32
6 20 5
2 13 4
0 14 4
2 14 12
0 9 10
8 16 17
8 3 31
0 12 26
7 11 18
14 3 5
6 7 13
1 16 18
20 9 15
19 9 18
15 17 12
1 17 20
19 16 4
23 24 25
23 26 27
21 22 28
21 27 30
21 26 29
22 25 11
22 24 1
23 29 30
25 28 32
24 28 31
30 33 10
29 33 3
31 32 2
138
{[17, 16, 12, 5, 4]}
{[17, 16, 14, 12, 10]}
34
6 8 11
19 15 30
7 5 32
13 10 31
6 20 5
2 13 4
0 14 4
2 14 12
0 9 10
8 16 17
8 3 33
0 12 27
7 11 18
14 3 5
6 7 13
1 16 18
20 9 15
19 9 18
15 17 12
1 17 20
19 16 4
23 24 25
23 26 27
21 22 28
21 27 30
21 26 29
22 25 31
22 24 11
23 29 30
25 28 33
24 28 1
26 32 3
31 33 2
29 32 10
139
{[17, 16, 12, 5, 4]}
{[16, 13, 12, 11, 10]}
34
6 8 11
19 15 33
7 5 27
13 10 32
6 20 5
2 13 4
0 14 4
2 14 12
0 9 10
8 16 17
8 3 26
0 12 31
7 11 18
14 3 5
6 7 13
1 16 18
20 9 15
19 9 18
15 17 12
1 17 20
19 16 4
23 24 25
23 26 27
21 22 28
21 27 30
21 26 29
22 25 10
22 24 2
23 29 30
25 28 32
24 28 31
30 33 11
29 33 3
31 32 1
140
{[17, 16, 12, 5, 4]}
{[17, 16, 14, 12, 10]}
34
6 8 11
19 15 32
7 5 30
13 10 31
6 20 5
2 13 4
0 14 4
2 14 12
0 9 10
8 16 17
8 3 27
0 12 33
7 11 18
14 3 5
6 7 13
1 16 18
20 9 15
19 9 18
15 17 12
1 17 20
19 16 4
23 24 25
23 26 27
21 22 28
21 27 30
21 26 29
22 25 31
22 24 10
23 29 30
25 28 33
24 28 2
26 32 3
31 33 1
29 32 11
141
{[17, 16, 12, 5, 4]}
{[17, 16, 15, 13, 11]}
34
6 8 11
19 15 32
7 5 26
13 10 33
6 20 5
2 13 4
0 14 4
2 14 12
0 9 10
8 16 17
8 3 29
0 12 31
7 11 18
14 3 5
6 7 13
1 16 18
20 9 15
19 9 18
15 17 12
1 17 20
19 16 4
23 24 25
23 26 27
21 22 28
21 27 30
21 26 29
22 25 2
22 24 31
23 29 30
25 28 10
24 28 33
27 32 11
31 33 1
30 32 3
142
{[17, 16, 12, 5, 4]}
{[17, 16, 15, 13, 11]}
34
6 8 11
19 15 26
7 5 32
13 10 33
6 20 5
2 13 4
0 14 4
2 14 12
0 9 10
8 16 17
8 3 31
0 12 29
7 11 18
14 3 5
6 7 13
1 16 18
20 9 15
19 9 18
15 17 12
1 17 20
19 16 4
23 24 25
23 26 27
21 22 28
21 27 30
21 26 29
22 25 1
22 24 31
23 29 30
25 28 11
24 28 33
27 32 10
31 33 2
30 32 3
143
{[17, 16, 12, 5, 4]}
{[17, 15, 14, 13, 12]}
34
6 8 11
19 15 33
7 5 29
13 10 31
6 20 5
2 13 4
0 14 4
2 14 12
0 9 10
8 16 17
8 3 30
0 12 32
7 11 18
14 3 5
6 7 13
1 16 18
20 9 15
19 9 18
15 17 12
1 17 20
19 16 4
23 24 25
23 26 27
21 22 28
21 27 30
21 26 29
22 25 32
22 24 31
23 29 30
25 28 2
24 28 10
27 33 3
26 33 11
31 32 1
144
{[17, 16, 12, 5, 4]}
{[17, 15, 14, 13, 12]}
34
6 8 11
19 15 29
7 5 33
13 10 31
6 20 5
2 13 4
0 14 4
2 14 12
0 9 10
8 16 17
8 3 32
0 12 30
7 11 18
14 3 5
6 7 13
1 16 18
20 9 15
19 9 18
15 17 12
1 17 20
19 16 4
23 24 25
23 26 27
21 22 28
21 27 30
21 26 29
22 25 32
22 24 31
23 29 30
25 28 1
24 28 11
27 33 3
26 33 10
31 32 2
145
{[17, 16, 12, 5, 4]}
{[5, 4, 2, 1, 0]}
34
6 8 11
19 15 24
7 5 21
13 10 22
6 20 5
2 13 4
0 14 4
2 14 12
0 9 10
8 16 17
8 3 27
0 12 23
7 11 18
14 3 5
6 7 13
1 16 18
20 9 15
19 9 18
15 17 12
1 17 20
19 16 4
22 25 2
21 26 3
24 25 11
23 31 1
21 23 30
22 28 32
29 32 10
26 29 30
27 28 31
25 28 33
24 29 33
26 27 33
30 31 32
146
{[17, 16, 12, 5, 4]}
{[6, 3, 2, 1, 0]}
34
6 8 11
19 15 23
7 5 22
13 10 25
6 20 5
2 13 4
0 14 4
2 14 12
0 9 10
8 16 17
8 3 21
0 12 26
7 11 18
14 3 5
6 7 13
1 16 18
20 9 15
19 9 18
15 17 12
1 17 20
19 16 4
22 24 10
21 27 2
24 25 1
21 23 31
23 30 3
28 32 11
22 29 32
26 29 30
27 28 31
25 28 33
24 29 33
26 27 33
30 31 32
147
{[17, 16, 12, 5, 4]}
{[8, 7, 4, 2, 0]}
34
6 8 11
19 15 21
7 5 25
13 10 23
6 20 5
2 13 4
0 14 4
2 14 12
0 9 10
8 16 17
8 3 22
0 12 31
7 11 18
14 3 5
6 7 13
1 16 18
20 9 15
19 9 18
15 17 12
1 17 20
19 16 4
23 24 1
24 25 10
21 27 3
21 22 26
22 30 2
24 28 32
23 29 32
26 29 30
27 28 31
25 28 33
29 33 11
26 27 33
30 31 32
148
{[17, 16, 12, 5, 4]}
{[9, 7, 3, 2, 0]}
34
6 8 11
19 15 24
7 5 22
13 10 25
6 20 5
2 13 4
0 14 4
2 14 12
0 9 10
8 16 17
8 3 30
0 12 21
7 11 18
14 3 5
6 7 13
1 16 18
20 9 15
19 9 18
15 17 12
1 17 20
19 16 4
23 24 11
23 25 2
21 22 27
21 26 1
22 31 3
24 28 32
23 29 32
26 29 30
27 28 31
28 33 10
25 29 33
26 27 33
30 31 32
149
{[17, 16, 12, 5, 4]}
{[6, 3, 2, 1, 0]}
34
6 8 11
19 15 22
7 5 23
13 10 25
6 20 5
2 13 4
0 14 4
2 14 12
0 9 10
8 16 17
8 3 26
0 12 21
7 11 18
14 3 5
6 7 13
1 16 18
20 9 15
19 9 18
15 17 12
1 17 20
19 16 4
22 24 11
21 27 1
24 25 2
21 23 31
23 30 3
28 32 10
22 29 32
26 29 30
27 28 31
25 28 33
24 29 33
26 27 33
30 31 32
150
{[17, 16, 12, 5, 4]}
{[9, 7, 3, 2, 0]}
34
6 8 11
19 15 22
7 5 24
13 10 25
6 20 5
2 13 4
0 14 4
2 14 12
0 9 10
8 16 17
8 3 21
0 12 30
7 11 18
14 3 5
6 7 13
1 16 18
20 9 15
19 9 18
15 17 12
1 17 20
19 16 4
23 24 10
23 25 1
21 22 27
21 26 2
22 31 3
24 28 32
23 29 32
26 29 30
27 28 31
28 33 11
25 29 33
26 27 33
30 31 32
151
{[17, 16, 12, 5, 4]}
{[5, 4, 2, 1, 0]}
34
6 8 11
19 15 21
7 5 24
13 10 22
6 20 5
2 13 4
0 14 4
2 14 12
0 9 10
8 16 17
8 3 23
0 12 27
7 11 18
14 3 5
6 7 13
1 16 18
20 9 15
19 9 18
15 17 12
1 17 20
19 16 4
22 25 1
21 26 3
24 25 10
23 31 2
21 23 30
22 28 32
29 32 11
26 29 30
27 28 31
25 28 33
24 29 33
26 27 33
30 31 32
152
{[17, 16, 12, 5, 4]}
{[8, 7, 4, 2, 0]}
34
6 8 11
19 15 25
7 5 21
13 10 23
6 20 5
2 13 4
0 14 4
2 14 12
0 9 10
8 16 17
8 3 31
0 12 22
7 11 18
14 3 5
6 7 13
1 16 18
20 9 15
19 9 18
15 17 12
1 17 20
19 16 4
23 24 2
24 25 11
21 27 3
21 22 26
22 30 1
24 28 32
23 29 32
26 29 30
27 28 31
25 28 33
29 33 10
26 27 33
30 31 32
153
{[17, 16, 12, 5, 4]}
{[16, 13, 12, 11, 10]}
34
6 8 11
19 15 33
7 5 27
13 10 32
6 20 5
2 13 4
0 14 4
2 14 12
0 9 10
8 16 17
8 3 26
0 12 31
7 11 18
14 3 5
6 7 13
1 16 18
20 9 15
19 9 18
15 17 12
1 17 20
19 16 4
23 24 25
23 26 27
21 22 28
21 27 30
21 26 29
22 25 10
22 24 2
23 29 30
25 28 32
24 28 31
30 33 11
29 33 3
31 32 1
154
{[17, 16, 12, 5, 4]}
{[17, 16, 14, 12, 10]}
34
6 8 11
19 15 32
7 5 30
13 10 31
6 20 5
2 13 4
0 14 4
2 14 12
0 9 10
8 16 17
8 3 27
0 12 33
7 11 18
14 3 5
6 7 13
1 16 18
20 9 15
19 9 18
15 17 12
1 17 20
19 16 4
23 24 25
23 26 27
21 22 28
21 27 30
21 26 29
22 25 31
22 24 10
23 29 30
25 28 33
24 28 2
26 32 3
31 33 1
29 32 11
155
{[17, 16, 12, 5, 4]}
{[16, 13, 12, 11, 10]}
34
6 8 11
19 15 27
7 5 33
13 10 32
6 20 5
2 13 4
0 14 4
2 14 12
0 9 10
8 16 17
8 3 31
0 12 26
7 11 18
14 3 5
6 7 13
1 16 18
20 9 15
19 9 18
15 17 12
1 17 20
19 16 4
23 24 25
23 26 27
21 22 28
21 27 30
21 26 29
22 25 11
22 24 1
23 29 30
25 28 32
24 28 31
30 33 10
29 33 3
31 32 2
156
{[17, 16, 12, 5, 4]}
{[17, 16, 14, 12, 10]}
34
6 8 11
19 15 30
7 5 32
13 10 31
6 20 5
2 13 4
0 14 4
2 14 12
0 9 10
8 16 17
8 3 33
0 12 27
7 11 18
14 3 5
6 7 13
1 16 18
20 9 15
19 9 18
15 17 12
1 17 20
19 16 4
23 24 25
23 26 27
21 22 28
21 27 30
21 26 29
22 25 31
22 24 11
23 29 30
25 28 33
24 28 1
26 32 3
31 33 2
29 32 10
157
{[17, 16, 12, 5, 4]}
{[17, 16, 15, 13, 11]}
34
6 8 11
19 15 26
7 5 32
13 10 33
6 20 5
2 13 4
0 14 4
2 14 12
0 9 10
8 16 17
8 3 31
0 12 29
7 11 18
14 3 5
6 7 13
1 16 18
20 9 15
19 9 18
15 17 12
1 17 20
19 16 4
23 24 25
23 26 27
21 22 28
21 27 30
21 26 29
22 25 1
22 24 31
23 29 30
25 28 11
24 28 33
27 32 10
31 33 2
30 32 3
158
{[17, 16, 12, 5, 4]}
{[17, 16, 15, 13, 11]}
34
6 8 11
19 15 32
7 5 26
13 10 33
6 20 5
2 13 4
0 14 4
2 14 12
0 9 10
8 16 17
8 3 29
0 12 31
7 11 18
14 3 5
6 7 13
1 16 18
20 9 15
19 9 18
15 17 12
1 17 20
19 16 4
23 24 25
23 26 27
21 22 28
21 27 30
21 26 29
22 25 2
22 24 31
23 29 30
25 28 10
24 28 33
27 32 11
31 33 1
30 32 3
159
{[17, 16, 12, 5, 4]}
{[17, 15, 14, 13, 12]}
34
6 8 11
19 15 29
7 5 33
13 10 31
6 20 5
2 13 4
0 14 4
2 14 12
0 9 10
8 16 17
8 3 32
0 12 30
7 11 18
14 3 5
6 7 13
1 16 18
20 9 15
19 9 18
15 17 12
1 17 20
19 16 4
23 24 25
23 26 27
21 22 28
21 27 30
21 26 29
22 25 32
22 24 31
23 29 30
25 28 1
24 28 11
27 33 3
26 33 10
31 32 2
160
{[17, 16, 12, 5, 4]}
{[17, 15, 14, 13, 12]}
34
6 8 11
19 15 33
7 5 29
13 10 31
6 20 5
2 13 4
0 14 4
2 14 12
0 9 10
8 16 17
8 3 30
0 12 32
7 11 18
14 3 5
6 7 13
1 16 18
20 9 15
19 9 18
15 17 12
1 17 20
19 16 4
23 24 25
23 26 27
21 22 28
21 27 30
21 26 29
22 25 32
22 24 31
23 29 30
25 28 2
24 28 10
27 33 3
26 33 11
31 32 1
161
{[19, 18, 8, 7, 6]}
{[5, 4, 2, 1, 0]}
34
7 11 27
19 15 5
13 6 22
14 10 24
9 5 11
1 4 14
2 12 23
0 8 10
7 16 17
13 4 10
7 3 9
0 4 12
6 11 18
14 2 9
13 3 5
1 16 18
20 8 15
19 8 18
15 17 12
1 17 20
19 16 21
22 25 20
21 26 2
24 25 6
23 31 3
21 23 30
22 28 32
29 32 0
26 29 30
27 28 31
25 28 33
24 29 33
26 27 33
30 31 32
162
{[19, 18, 8, 7, 6]}
{[6, 3, 2, 1, 0]}
34
7 11 21
19 15 5
13 6 25
14 10 23
9 5 11
1 4 14
2 12 26
0 8 10
7 16 17
13 4 10
7 3 9
0 4 12
6 11 18
14 2 9
13 3 5
1 16 18
20 8 15
19 8 18
15 17 12
1 17 20
19 16 22
22 24 0
21 27 20
24 25 3
21 23 31
23 30 2
28 32 6
22 29 32
26 29 30
27 28 31
25 28 33
24 29 33
26 27 33
30 31 32
163
{[19, 18, 8, 7, 6]}
{[8, 7, 4, 2, 0]}
34
7 11 22
19 15 5
13 6 23
14 10 21
9 5 11
1 4 14
2 12 31
0 8 10
7 16 17
13 4 10
7 3 9
0 4 12
6 11 18
14 2 9
13 3 5
1 16 18
20 8 15
19 8 18
15 17 12
1 17 20
19 16 25
23 24 3
24 25 0
21 27 2
21 22 26
22 30 20
24 28 32
23 29 32
26 29 30
27 28 31
25 28 33
29 33 6
26 27 33
30 31 32
164
{[19, 18, 8, 7, 6]}
{[9, 7, 3, 2, 0]}
34
7 11 30
19 15 5
13 6 25
14 10 24
9 5 11
1 4 14
2 12 21
0 8 10
7 16 17
13 4 10
7 3 9
0 4 12
6 11 18
14 2 9
13 3 5
1 16 18
20 8 15
19 8 18
15 17 12
1 17 20
19 16 22
23 24 6
23 25 20
21 22 27
21 26 3
22 31 2
24 28 32
23 29 32
26 29 30
27 28 31
28 33 0
25 29 33
26 27 33
30 31 32
165
{[19, 18, 8, 7, 6]}
{[6, 3, 2, 1, 0]}
34
7 11 26
19 15 5
13 6 25
14 10 22
9 5 11
1 4 14
2 12 21
0 8 10
7 16 17
13 4 10
7 3 9
0 4 12
6 11 18
14 2 9
13 3 5
1 16 18
20 8 15
19 8 18
15 17 12
1 17 20
19 16 23
22 24 6
21 27 3
24 25 20
21 23 31
23 30 2
28 32 0
22 29 32
26 29 30
27 28 31
25 28 33
24 29 33
26 27 33
30 31 32
166
{[19, 18, 8, 7, 6]}
{[9, 7, 3, 2, 0]}
34
7 11 21
19 15 5
13 6 25
14 10 22
9 5 11
1 4 14
2 12 30
0 8 10
7 16 17
13 4 10
7 3 9
0 4 12
6 11 18
14 2 9
13 3 5
1 16 18
20 8 15
19 8 18
15 17 12
1 17 20
19 16 24
23 24 0
23 25 3
21 22 27
21 26 20
22 31 2
24 28 32
23 29 32
26 29 30
27 28 31
28 33 6
25 29 33
26 27 33
30 31 32
167
{[19, 18, 8, 7, 6]}
{[5, 4, 2, 1, 0]}
34
7 11 23
19 15 5
13 6 22
14 10 21
9 5 11
1 4 14
2 12 27
0 8 10
7 16 17
13 4 10
7 3 9
0 4 12
6 11 18
14 2 9
13 3 5
1 16 18
20 8 15
19 8 18
15 17 12
1 17 20
19 16 24
22 25 3
21 26 2
24 25 0
23 31 20
21 23 30
22 28 32
29 32 6
26 29 30
27 28 31
25 28 33
24 29 33
26 27 33
30 31 32
168
{[19, 18, 8, 7, 6]}
{[8, 7, 4, 2, 0]}
34
7 11 31
19 15 5
13 6 23
14 10 25
9 5 11
1 4 14
2 12 22
0 8 10
7 16 17
13 4 10
7 3 9
0 4 12
6 11 18
14 2 9
13 3 5
1 16 18
20 8 15
19 8 18
15 17 12
1 17 20
19 16 21
23 24 20
24 25 6
21 27 2
21 22 26
22 30 3
24 28 32
23 29 32
26 29 30
27 28 31
25 28 33
29 33 0
26 27 33
30 31 32
169
{[19, 18, 8, 7, 6]}
{[16, 13, 12, 11, 10]}
34
7 11 26
19 15 5
13 6 32
14 10 33
9 5 11
1 4 14
2 12 31
0 8 10
7 16 17
13 4 10
7 3 9
0 4 12
6 11 18
14 2 9
13 3 5
1 16 18
20 8 15
19 8 18
15 17 12
1 17 20
19 16 27
23 24 25
23 26 27
21 22 28
21 27 30
21 26 29
22 25 0
22 24 20
23 29 30
25 28 32
24 28 31
30 33 6
29 33 2
31 32 3
170
{[19, 18, 8, 7, 6]}
{[17, 16, 14, 12, 10]}
34
7 11 27
19 15 5
13 6 31
14 10 32
9 5 11
1 4 14
2 12 33
0 8 10
7 16 17
13 4 10
7 3 9
0 4 12
6 11 18
14 2 9
13 3 5
1 16 18
20 8 15
19 8 18
15 17 12
1 17 20
19 16 30
23 24 25
23 26 27
21 22 28
21 27 30
21 26 29
22 25 31
22 24 0
23 29 30
25 28 33
24 28 20
26 32 2
31 33 3
29 32 6
171
{[19, 18, 8, 7, 6]}
{[16, 13, 12, 11, 10]}
34
7 11 31
19 15 5
13 6 32
14 10 27
9 5 11
1 4 14
2 12 26
0 8 10
7 16 17
13 4 10
7 3 9
0 4 12
6 11 18
14 2 9
13 3 5
1 16 18
20 8 15
19 8 18
15 17 12
1 17 20
19 16 33
23 24 25
23 26 27
21 22 28
21 27 30
21 26 29
22 25 6
22 24 3
23 29 30
25 28 32
24 28 31
30 33 0
29 33 2
31 32 20
172
{[19, 18, 8, 7, 6]}
{[17, 16, 14, 12, 10]}
34
7 11 33
19 15 5
13 6 31
14 10 30
9 5 11
1 4 14
2 12 27
0 8 10
7 16 17
13 4 10
7 3 9
0 4 12
6 11 18
14 2 9
13 3 5
1 16 18
20 8 15
19 8 18
15 17 12
1 17 20
19 16 32
23 24 25
23 26 27
21 22 28
21 27 30
21 26 29
22 25 31
22 24 6
23 29 30
25 28 33
24 28 3
26 32 2
31 33 20
29 32 0
173
{[19, 18, 8, 7, 6]}
{[17, 16, 15, 13, 11]}
34
7 11 31
19 15 5
13 6 33
14 10 26
9 5 11
1 4 14
2 12 29
0 8 10
7 16 17
13 4 10
7 3 9
0 4 12
6 11 18
14 2 9
13 3 5
1 16 18
20 8 15
19 8 18
15 17 12
1 17 20
19 16 32
23 24 25
23 26 27
21 22 28
21 27 30
21 26 29
22 25 3
22 24 31
23 29 30
25 28 6
24 28 33
27 32 0
31 33 20
30 32 2
174
{[19, 18, 8, 7, 6]}
{[17, 16, 15, 13, 11]}
34
7 11 29
19 15 5
13 6 33
14 10 32
9 5 11
1 4 14
2 12 31
0 8 10
7 16 17
13 4 10
7 3 9
0 4 12
6 11 18
14 2 9
13 3 5
1 16 18
20 8 15
19 8 18
15 17 12
1 17 20
19 16 26
23 24 25
23 26 27
21 22 28
21 27 30
21 26 29
22 25 20
22 24 31
23 29 30
25 28 0
24 28 33
27 32 6
31 33 3
30 32 2
175
{[19, 18, 8, 7, 6]}
{[17, 15, 14, 13, 12]}
34
7 11 32
19 15 5
13 6 31
14 10 29
9 5 11
1 4 14
2 12 30
0 8 10
7 16 17
13 4 10
7 3 9
0 4 12
6 11 18
14 2 9
13 3 5
1 16 18
20 8 15
19 8 18
15 17 12
1 17 20
19 16 33
23 24 25
23 26 27
21 22 28
21 27 30
21 26 29
22 25 32
22 24 31
23 29 30
25 28 3
24 28 6
27 33 2
26 33 0
31 32 20
176
{[19, 18, 8, 7, 6]}
{[17, 15, 14, 13, 12]}
34
7 11 30
19 15 5
13 6 31
14 10 33
9 5 11
1 4 14
2 12 32
0 8 10
7 16 17
13 4 10
7 3 9
0 4 12
6 11 18
14 2 9
13 3 5
1 16 18
20 8 15
19 8 18
15 17 12
1 17 20
19 16 29
23 24 25
23 26 27
21 22 28
21 27 30
21 26 29
22 25 32
22 24 31
23 29 30
25 28 20
24 28 0
27 33 2
26 33 6
31 32 3
177
{[19, 18, 8, 7, 6]}
{[5, 4, 2, 1, 0]}
34
7 11 23
19 15 5
13 6 22
14 10 21
9 5 11
1 4 14
2 12 27
0 8 10
7 16 17
13 4 10
7 3 9
0 4 12
6 11 18
14 2 9
13 3 5
1 16 18
20 8 15
19 8 18
15 17 12
1 17 20
19 16 24
22 25 3
21 26 2
24 25 0
23 31 20
21 23 30
22 28 32
29 32 6
26 29 30
27 28 31
25 28 33
24 29 33
26 27 33
30 31 32
178
{[19, 18, 8, 7, 6]}
{[6, 3, 2, 1, 0]}
34
7 11 26
19 15 5
13 6 25
14 10 22
9 5 11
1 4 14
2 12 21
0 8 10
7 16 17
13 4 10
7 3 9
0 4 12
6 11 18
14 2 9
13 3 5
1 16 18
20 8 15
19 8 18
15 17 12
1 17 20
19 16 23
22 24 6
21 27 3
24 25 20
21 23 31
23 30 2
28 32 0
22 29 32
26 29 30
27 28 31
25 28 33
24 29 33
26 27 33
30 31 32
179
{[19, 18, 8, 7, 6]}
{[8, 7, 4, 2, 0]}
34
7 11 31
19 15 5
13 6 23
14 10 25
9 5 11
1 4 14
2 12 22
0 8 10
7 16 17
13 4 10
7 3 9
0 4 12
6 11 18
14 2 9
13 3 5
1 16 18
20 8 15
19 8 18
15 17 12
1 17 20
19 16 21
23 24 20
24 25 6
21 27 2
21 22 26
22 30 3
24 28 32
23 29 32
26 29 30
27 28 31
25 28 33
29 33 0
26 27 33
30 31 32
180
{[19, 18, 8, 7, 6]}
{[9, 7, 3, 2, 0]}
34
7 11 21
19 15 5
13 6 25
14 10 22
9 5 11
1 4 14
2 12 30
0 8 10
7 16 17
13 4 10
7 3 9
0 4 12
6 11 18
14 2 9
13 3 5
1 16 18
20 8 15
19 8 18
15 17 12
1 17 20
19 16 24
23 24 0
23 25 3
21 22 27
21 26 20
22 31 2
24 28 32
23 29 32
26 29 30
27 28 31
28 33 6
25 29 33
26 27 33
30 31 32
181
{[19, 18, 8, 7, 6]}
{[6, 3, 2, 1, 0]}
34
7 11 21
19 15 5
13 6 25
14 10 23
9 5 11
1 4 14
2 12 26
0 8 10
7 16 17
13 4 10
7 3 9
0 4 12
6 11 18
14 2 9
13 3 5
1 16 18
20 8 15
19 8 18
15 17 12
1 17 20
19 16 22
22 24 0
21 27 20
24 25 3
21 23 31
23 30 2
28 32 6
22 29 32
26 29 30
27 28 31
25 28 33
24 29 33
26 27 33
30 31 32
182
{[19, 18, 8, 7, 6]}
{[9, 7, 3, 2, 0]}
34
7 11 30
19 15 5
13 6 25
14 10 24
9 5 11
1 4 14
2 12 21
0 8 10
7 16 17
13 4 10
7 3 9
0 4 12
6 11 18
14 2 9
13 3 5
1 16 18
20 8 15
19 8 18
15 17 12
1 17 20
19 16 22
23 24 6
23 25 20
21 22 27
21 26 3
22 31 2
24 28 32
23 29 32
26 29 30
27 28 31
28 33 0
25 29 33
26 27 33
30 31 32
183
{[19, 18, 8, 7, 6]}
{[5, 4, 2, 1, 0]}
34
7 11 27
19 15 5
13 6 22
14 10 24
9 5 11
1 4 14
2 12 23
0 8 10
7 16 17
13 4 10
7 3 9
0 4 12
6 11 18
14 2 9
13 3 5
1 16 18
20 8 15
19 8 18
15 17 12
1 17 20
19 16 21
22 25 20
21 26 2
24 25 6
23 31 3
21 23 30
22 28 32
29 32 0
26 29 30
27 28 31
25 28 33
24 29 33
26 27 33
30 31 32
184
{[19, 18, 8, 7, 6]}
{[8, 7, 4, 2, 0]}
34
7 11 22
19 15 5
13 6 23
14 10 21
9 5 11
1 4 14
2 12 31
0 8 10
7 16 17
13 4 10
7 3 9
0 4 12
6 11 18
14 2 9
13 3 5
1 16 18
20 8 15
19 8 18
15 17 12
1 17 20
19 16 25
23 24 3
24 25 0
21 27 2
21 22 26
22 30 20
24 28 32
23 29 32
26 29 30
27 28 31
25 28 33
29 33 6
26 27 33
30 31 32
185
{[19, 18, 8, 7, 6]}
{[16, 13, 12, 11, 10]}
34
7 11 31
19 15 5
13 6 32
14 10 27
9 5 11
1 4 14
2 12 26
0 8 10
7 16 17
13 4 10
7 3 9
0 4 12
6 11 18
14 2 9
13 3 5
1 16 18
20 8 15
19 8 18
15 17 12
1 17 20
19 16 33
23 24 25
23 26 27
21 22 28
21 27 30
21 26 29
22 25 6
22 24 3
23 29 30
25 28 32
24 28 31
30 33 0
29 33 2
31 32 20
186
{[19, 18, 8, 7, 6]}
{[17, 16, 14, 12, 10]}
34
7 11 33
19 15 5
13 6 31
14 10 30
9 5 11
1 4 14
2 12 27
0 8 10
7 16 17
13 4 10
7 3 9
0 4 12
6 11 18
14 2 9
13 3 5
1 16 18
20 8 15
19 8 18
15 17 12
1 17 20
19 16 32
23 24 25
23 26 27
21 22 28
21 27 30
21 26 29
22 25 31
22 24 6
23 29 30
25 28 33
24 28 3
26 32 2
31 33 20
29 32 0
187
{[19, 18, 8, 7, 6]}
{[16, 13, 12, 11, 10]}
34
7 11 26
19 15 5
13 6 32
14 10 33
9 5 11
1 4 14
2 12 31
0 8 10
7 16 17
13 4 10
7 3 9
0 4 12
6 11 18
14 2 9
13 3 5
1 16 18
20 8 15
19 8 18
15 17 12
1 17 20
19 16 27
23 24 25
23 26 27
21 22 28
21 27 30
21 26 29
22 25 0
22 24 20
23 29 30
25 28 32
24 28 31
30 33 6
29 33 2
31 32 3
188
{[19, 18, 8, 7, 6]}
{[17, 16, 14, 12, 10]}
34
7 11 27
19 15 5
13 6 31
14 10 32
9 5 11
1 4 14
2 12 33
0 8 10
7 16 17
13 4 10
7 3 9
0 4 12
6 11 18
14 2 9
13 3 5
1 16 18
20 8 15
19 8 18
15 17 12
1 17 20
19 16 30
23 24 25
23 26 27
21 22 28
21 27 30
21 26 29
22 25 31
22 24 0
23 29 30
25 28 33
24 28 20
26 32 2
31 33 3
29 32 6
189
{[19, 18, 8, 7, 6]}
{[17, 16, 15, 13, 11]}
34
7 11 29
19 15 5
13 6 33
14 10 32
9 5 11
1 4 14
2 12 31
0 8 10
7 16 17
13 4 10
7 3 9
0 4 12
6 11 18
14 2 9
13 3 5
1 16 18
20 8 15
19 8 18
15 17 12
1 17 20
19 16 26
23 24 25
23 26 27
21 22 28
21 27 30
21 26 29
22 25 20
22 24 31
23 29 30
25 28 0
24 28 33
27 32 6
31 33 3
30 32 2
190
{[19, 18, 8, 7, 6]}
{[17, 16, 15, 13, 11]}
34
7 11 31
19 15 5
13 6 33
14 10 26
9 5 11
1 4 14
2 12 29
0 8 10
7 16 17
13 4 10
7 3 9
0 4 12
6 11 18
14 2 9
13 3 5
1 16 18
20 8 15
19 8 18
15 17 12
1 17 20
19 16 32
23 24 25
23 26 27
21 22 28
21 27 30
21 26 29
22 25 3
22 24 31
23 29 30
25 28 6
24 28 33
27 32 0
31 33 20
30 32 2
191
{[19, 18, 8, 7, 6]}
{[17, 15, 14, 13, 12]}
34
7 11 30
19 15 5
13 6 31
14 10 33
9 5 11
1 4 14
2 12 32
0 8 10
7 16 17
13 4 10
7 3 9
0 4 12
6 11 18
14 2 9
13 3 5
1 16 18
20 8 15
19 8 18
15 17 12
1 17 20
19 16 29
23 24 25
23 26 27
21 22 28
21 27 30
21 26 29
22 25 32
22 24 31
23 29 30
25 28 20
24 28 0
27 33 2
26 33 6
31 32 3
192
{[19, 18, 8, 7, 6]}
{[17, 15, 14, 13, 12]}
34
7 11 32
19 15 5
13 6 31
14 10 29
9 5 11
1 4 14
2 12 30
0 8 10
7 16 17
13 4 10
7 3 9
0 4 12
6 11 18
14 2 9
13 3 5
1 16 18
20 8 15
19 8 18
15 17 12
1 17 20
19 16 33
23 24 25
23 26 27
21 22 28
21 27 30
21 26 29
22 25 32
22 24 31
23 29 30
25 28 3
24 28 6
27 33 2
26 33 0
31 32 20
193
{[23, 22, 21, 20, 11]}
{[5, 4, 2, 1, 0]}
34
8 10 13
19 5 22
15 9 7
16 17 12
11 5 13
1 4 16
8 20 7
2 17 6
0 18 6
2 18 14
0 12 27
15 4 12
10 3 11
0 4 14
9 13 24
16 2 11
15 3 5
18 3 7
8 9 17
1 20 23
19 6 21
22 25 20
21 26 1
24 25 19
23 31 14
21 23 30
22 28 32
29 32 10
26 29 30
27 28 31
25 28 33
24 29 33
26 27 33
30 31 32
194
{[23, 22, 21, 20, 11]}
{[6, 3, 2, 1, 0]}
34
8 10 13
19 5 25
15 9 7
16 17 12
11 5 13
1 4 16
8 20 7
2 17 6
0 18 6
2 18 14
0 12 21
15 4 12
10 3 11
0 4 14
9 13 23
16 2 11
15 3 5
18 3 7
8 9 17
1 20 26
19 6 22
22 24 10
21 27 20
24 25 14
21 23 31
23 30 1
28 32 19
22 29 32
26 29 30
27 28 31
25 28 33
24 29 33
26 27 33
30 31 32
195
{[23, 22, 21, 20, 11]}
{[8, 7, 4, 2, 0]}
34
8 10 13
19 5 23
15 9 7
16 17 12
11 5 13
1 4 16
8 20 7
2 17 6
0 18 6
2 18 14
0 12 22
15 4 12
10 3 11
0 4 14
9 13 21
16 2 11
15 3 5
18 3 7
8 9 17
1 20 31
19 6 25
23 24 14
24 25 10
21 27 1
21 22 26
22 30 20
24 28 32
23 29 32
26 29 30
27 28 31
25 28 33
29 33 19
26 27 33
30 31 32
196
{[23, 22, 21, 20, 11]}
{[9, 7, 3, 2, 0]}
34
8 10 13
19 5 25
15 9 7
16 17 12
11 5 13
1 4 16
8 20 7
2 17 6
0 18 6
2 18 14
0 12 30
15 4 12
10 3 11
0 4 14
9 13 24
16 2 11
15 3 5
18 3 7
8 9 17
1 20 21
19 6 22
23 24 19
23 25 20
21 22 27
21 26 14
22 31 1
24 28 32
23 29 32
26 29 30
27 28 31
28 33 10
25 29 33
26 27 33
30 31 32
197
{[23, 22, 21, 20, 11]}
{[6, 3, 2, 1, 0]}
34
8 10 13
19 5 25
15 9 7
16 17 12
11 5 13
1 4 16
8 20 7
2 17 6
0 18 6
2 18 14
0 12 26
15 4 12
10 3 11
0 4 14
9 13 22
16 2 11
15 3 5
18 3 7
8 9 17
1 20 21
19 6 23
22 24 19
21 27 14
24 25 20
21 23 31
23 30 1
28 32 10
22 29 32
26 29 30
27 28 31
25 28 33
24 29 33
26 27 33
30 31 32
198
{[23, 22, 21, 20, 11]}
{[9, 7, 3, 2, 0]}
34
8 10 13
19 5 25
15 9 7
16 17 12
11 5 13
1 4 16
8 20 7
2 17 6
0 18 6
2 18 14
0 12 21
15 4 12
10 3 11
0 4 14
9 13 22
16 2 11
15 3 5
18 3 7
8 9 17
1 20 30
19 6 24
23 24 10
23 25 14
21 22 27
21 26 20
22 31 1
24 28 32
23 29 32
26 29 30
27 28 31
28 33 19
25 29 33
26 27 33
30 31 32
199
{[23, 22, 21, 20, 11]}
{[5, 4, 2, 1, 0]}
34
8 10 13
19 5 22
15 9 7
16 17 12
11 5 13
1 4 16
8 20 7
2 17 6
0 18 6
2 18 14
0 12 23
15 4 12
10 3 11
0 4 14
9 13 21
16 2 11
15 3 5
18 3 7
8 9 17
1 20 27
19 6 24
22 25 14
21 26 1
24 25 10
23 31 20
21 23 30
22 28 32
29 32 19
26 29 30
27 28 31
25 28 33
24 29 33
26 27 33
30 31 32
200
{[23, 22, 21, 20, 11]}
{[8, 7, 4, 2, 0]}
34
8 10 13
19 5 23
15 9 7
16 17 12
11 5 13
1 4 16
8 20 7
2 17 6
0 18 6
2 18 14
0 12 31
15 4 12
10 3 11
0 4 14
9 13 25
16 2 11
15 3 5
18 3 7
8 9 17
1 20 22
19 6 21
23 24 20
24 25 19
21 27 1
21 22 26
22 30 14
24 28 32
23 29 32
26 29 30
27 28 31
25 28 33
29 33 10
26 27 33
30 31 32
201
{[23, 22, 21, 20, 11]}
{[16, 13, 12, 11, 10]}
34
8 10 13
19 5 32
15 9 7
16 17 12
11 5 13
1 4 16
8 20 7
2 17 6
0 18 6
2 18 14
0 12 26
15 4 12
10 3 11
0 4 14
9 13 33
16 2 11
15 3 5
18 3 7
8 9 17
1 20 31
19 6 27
23 24 25
23 26 27
21 22 28
21 27 30
21 26 29
22 25 10
22 24 20
23 29 30
25 28 32
24 28 31
30 33 19
29 33 1
31 32 14
202
{[23, 22, 21, 20, 11]}
{[17, 16, 14, 12, 10]}
34
8 10 13
19 5 31
15 9 7
16 17 12
11 5 13
1 4 16
8 20 7
2 17 6
0 18 6
2 18 14
0 12 27
15 4 12
10 3 11
0 4 14
9 13 32
16 2 11
15 3 5
18 3 7
8 9 17
1 20 33
19 6 30
23 24 25
23 26 27
21 22 28
21 27 30
21 26 29
22 25 31
22 24 10
23 29 30
25 28 33
24 28 20
26 32 1
31 33 14
29 32 19
203
{[23, 22, 21, 20, 11]}
{[16, 13, 12, 11, 10]}
34
8 10 13
19 5 32
15 9 7
16 17 12
11 5 13
1 4 16
8 20 7
2 17 6
0 18 6
2 18 14
0 12 31
15 4 12
10 3 11
0 4 14
9 13 27
16 2 11
15 3 5
18 3 7
8 9 17
1 20 26
19 6 33
23 24 25
23 26 27
21 22 28
21 27 30
21 26 29
22 25 19
22 24 14
23 29 30
25 28 32
24 28 31
30 33 10
29 33 1
31 32 20
204
{[23, 22, 21, 20, 11]}
{[17, 16, 14, 12, 10]}
34
8 10 13
19 5 31
15 9 7
16 17 12
11 5 13
1 4 16
8 20 7
2 17 6
0 18 6
2 18 14
0 12 33
15 4 12
10 3 11
0 4 14
9 13 30
16 2 11
15 3 5
18 3 7
8 9 17
1 20 27
19 6 32
23 24 25
23 26 27
21 22 28
21 27 30
21 26 29
22 25 31
22 24 19
23 29 30
25 28 33
24 28 14
26 32 1
31 33 20
29 32 10
205
{[23, 22, 21, 20, 11]}
{[17, 16, 15, 13, 11]}
34
8 10 13
19 5 33
15 9 7
16 17 12
11 5 13
1 4 16
8 20 7
2 17 6
0 18 6
2 18 14
0 12 31
15 4 12
10 3 11
0 4 14
9 13 26
16 2 11
15 3 5
18 3 7
8 9 17
1 20 29
19 6 32
23 24 25
23 26 27
21 22 28
21 27 30
21 26 29
22 25 14
22 24 31
23 29 30
25 28 19
24 28 33
27 32 10
31 33 20
30 32 1
206
{[23, 22, 21, 20, 11]}
{[17, 16, 15, 13, 11]}
34
8 10 13
19 5 33
15 9 7
16 17 12
11 5 13
1 4 16
8 20 7
2 17 6
0 18 6
2 18 14
0 12 29
15 4 12
10 3 11
0 4 14
9 13 32
16 2 11
15 3 5
18 3 7
8 9 17
1 20 31
19 6 26
23 24 25
23 26 27
21 22 28
21 27 30
21 26 29
22 25 20
22 24 31
23 29 30
25 28 10
24 28 33
27 32 19
31 33 14
30 32 1
207
{[23, 22, 21, 20, 11]}
{[17, 15, 14, 13, 12]}
34
8 10 13
19 5 31
15 9 7
16 17 12
11 5 13
1 4 16
8 20 7
2 17 6
0 18 6
2 18 14
0 12 32
15 4 12
10 3 11
0 4 14
9 13 29
16 2 11
15 3 5
18 3 7
8 9 17
1 20 30
19 6 33
23 24 25
23 26 27
21 22 28
21 27 30
21 26 29
22 25 32
22 24 31
23 29 30
25 28 14
24 28 19
27 33 1
26 33 10
31 32 20
208
{[23, 22, 21, 20, 11]}
{[17, 15, 14, 13, 12]}
34
8 10 13
19 5 31
15 9 7
16 17 12
11 5 13
1 4 16
8 20 7
2 17 6
0 18 6
2 18 14
0 12 30
15 4 12
10 3 11
0 4 14
9 13 33
16 2 11
15 3 5
18 3 7
8 9 17
1 20 32
19 6 29
23 24 25
23 26 27
21 22 28
21 27 30
21 26 29
22 25 32
22 24 31
23 29 30
25 28 20
24 28 10
27 33 1
26 33 19
31 32 14
209
{[25, 24, 22, 21, 11]}
{[5, 4, 2, 1, 0]}
34
8 10 13
19 5 21
15 9 7
16 17 12
11 5 13
1 4 16
8 7 27
2 17 6
0 18 6
2 18 14
0 12 24
15 4 12
10 3 11
0 4 14
9 13 20
16 2 11
15 3 5
18 3 7
8 9 17
1 20 23
19 14 22
22 25 1
21 26 20
24 25 19
23 31 10
21 23 30
22 28 32
29 32 6
26 29 30
27 28 31
25 28 33
24 29 33
26 27 33
30 31 32
210
{[25, 24, 22, 21, 11]}
{[6, 3, 2, 1, 0]}
34
8 10 13
19 5 22
15 9 7
16 17 12
11 5 13
1 4 16
8 7 21
2 17 6
0 18 6
2 18 14
0 12 23
15 4 12
10 3 11
0 4 14
9 13 20
16 2 11
15 3 5
18 3 7
8 9 17
1 20 26
19 14 25
22 24 6
21 27 1
24 25 10
21 23 31
23 30 20
28 32 19
22 29 32
26 29 30
27 28 31
25 28 33
24 29 33
26 27 33
30 31 32
211
{[25, 24, 22, 21, 11]}
{[8, 7, 4, 2, 0]}
34
8 10 13
19 5 25
15 9 7
16 17 12
11 5 13
1 4 16
8 7 22
2 17 6
0 18 6
2 18 14
0 12 21
15 4 12
10 3 11
0 4 14
9 13 20
16 2 11
15 3 5
18 3 7
8 9 17
1 20 31
19 14 23
23 24 10
24 25 6
21 27 20
21 22 26
22 30 1
24 28 32
23 29 32
26 29 30
27 28 31
25 28 33
29 33 19
26 27 33
30 31 32
212
{[25, 24, 22, 21, 11]}
{[9, 7, 3, 2, 0]}
34
8 10 13
19 5 22
15 9 7
16 17 12
11 5 13
1 4 16
8 7 30
2 17 6
0 18 6
2 18 14
0 12 24
15 4 12
10 3 11
0 4 14
9 13 20
16 2 11
15 3 5
18 3 7
8 9 17
1 20 21
19 14 25
23 24 19
23 25 1
21 22 27
21 26 10
22 31 20
24 28 32
23 29 32
26 29 30
27 28 31
28 33 6
25 29 33
26 27 33
30 31 32
213
{[25, 24, 22, 21, 11]}
{[6, 3, 2, 1, 0]}
34
8 10 13
19 5 23
15 9 7
16 17 12
11 5 13
1 4 16
8 7 26
2 17 6
0 18 6
2 18 14
0 12 22
15 4 12
10 3 11
0 4 14
9 13 20
16 2 11
15 3 5
18 3 7
8 9 17
1 20 21
19 14 25
22 24 19
21 27 10
24 25 1
21 23 31
23 30 20
28 32 6
22 29 32
26 29 30
27 28 31
25 28 33
24 29 33
26 27 33
30 31 32
214
{[25, 24, 22, 21, 11]}
{[9, 7, 3, 2, 0]}
34
8 10 13
19 5 24
15 9 7
16 17 12
11 5 13
1 4 16
8 7 21
2 17 6
0 18 6
2 18 14
0 12 22
15 4 12
10 3 11
0 4 14
9 13 20
16 2 11
15 3 5
18 3 7
8 9 17
1 20 30
19 14 25
23 24 6
23 25 10
21 22 27
21 26 1
22 31 20
24 28 32
23 29 32
26 29 30
27 28 31
28 33 19
25 29 33
26 27 33
30 31 32
215
{[25, 24, 22, 21, 11]}
{[5, 4, 2, 1, 0]}
34
8 10 13
19 5 24
15 9 7
16 17 12
11 5 13
1 4 16
8 7 23
2 17 6
0 18 6
2 18 14
0 12 21
15 4 12
10 3 11
0 4 14
9 13 20
16 2 11
15 3 5
18 3 7
8 9 17
1 20 27
19 14 22
22 25 10
21 26 20
24 25 6
23 31 1
21 23 30
22 28 32
29 32 19
26 29 30
27 28 31
25 28 33
24 29 33
26 27 33
30 31 32
216
{[25, 24, 22, 21, 11]}
{[8, 7, 4, 2, 0]}
34
8 10 13
19 5 21
15 9 7
16 17 12
11 5 13
1 4 16
8 7 31
2 17 6
0 18 6
2 18 14
0 12 25
15 4 12
10 3 11
0 4 14
9 13 20
16 2 11
15 3 5
18 3 7
8 9 17
1 20 22
19 14 23
23 24 1
24 25 19
21 27 20
21 22 26
22 30 10
24 28 32
23 29 32
26 29 30
27 28 31
25 28 33
29 33 6
26 27 33
30 31 32
217
{[25, 24, 22, 21, 11]}
{[16, 13, 12, 11, 10]}
34
8 10 13
19 5 27
15 9 7
16 17 12
11 5 13
1 4 16
8 7 26
2 17 6
0 18 6
2 18 14
0 12 33
15 4 12
10 3 11
0 4 14
9 13 20
16 2 11
15 3 5
18 3 7
8 9 17
1 20 31
19 14 32
23 24 25
23 26 27
21 22 28
21 27 30
21 26 29
22 25 6
22 24 1
23 29 30
25 28 32
24 28 31
30 33 19
29 33 20
31 32 10
218
{[25, 24, 22, 21, 11]}
{[17, 16, 14, 12, 10]}
34
8 10 13
19 5 30
15 9 7
16 17 12
11 5 13
1 4 16
8 7 27
2 17 6
0 18 6
2 18 14
0 12 32
15 4 12
10 3 11
0 4 14
9 13 20
16 2 11
15 3 5
18 3 7
8 9 17
1 20 33
19 14 31
23 24 25
23 26 27
21 22 28
21 27 30
21 26 29
22 25 31
22 24 6
23 29 30
25 28 33
24 28 1
26 32 20
31 33 10
29 32 19
219
{[25, 24, 22, 21, 11]}
{[16, 13, 12, 11, 10]}
34
8 10 13
19 5 33
15 9 7
16 17 12
11 5 13
1 4 16
8 7 31
2 17 6
0 18 6
2 18 14
0 12 27
15 4 12
10 3 11
0 4 14
9 13 20
16 2 11
15 3 5
18 3 7
8 9 17
1 20 26
19 14 32
23 24 25
23 26 27
21 22 28
21 27 30
21 26 29
22 25 19
22 24 10
23 29 30
25 28 32
24 28 31
30 33 6
29 33 20
31 32 1
220
{[25, 24, 22, 21, 11]}
{[17, 16, 14, 12, 10]}
34
8 10 13
19 5 32
15 9 7
16 17 12
11 5 13
1 4 16
8 7 33
2 17 6
0 18 6
2 18 14
0 12 30
15 4 12
10 3 11
0 4 14
9 13 20
16 2 11
15 3 5
18 3 7
8 9 17
1 20 27
19 14 31
23 24 25
23 26 27
21 22 28
21 27 30
21 26 29
22 25 31
22 24 19
23 29 30
25 28 33
24 28 10
26 32 20
31 33 1
29 32 6
221
{[25, 24, 22, 21, 11]}
{[17, 16, 15, 13, 11]}
34
8 10 13
19 5 32
15 9 7
16 17 12
11 5 13
1 4 16
8 7 31
2 17 6
0 18 6
2 18 14
0 12 26
15 4 12
10 3 11
0 4 14
9 13 20
16 2 11
15 3 5
18 3 7
8 9 17
1 20 29
19 14 33
23 24 25
23 26 27
21 22 28
21 27 30
21 26 29
22 25 10
22 24 31
23 29 30
25 28 19
24 28 33
27 32 6
31 33 1
30 32 20
222
{[25, 24, 22, 21, 11]}
{[17, 16, 15, 13, 11]}
34
8 10 13
19 5 26
15 9 7
16 17 12
11 5 13
1 4 16
8 7 29
2 17 6
0 18 6
2 18 14
0 12 32
15 4 12
10 3 11
0 4 14
9 13 20
16 2 11
15 3 5
18 3 7
8 9 17
1 20 31
19 14 33
23 24 25
23 26 27
21 22 28
21 27 30
21 26 29
22 25 1
22 24 31
23 29 30
25 28 6
24 28 33
27 32 19
31 33 10
30 32 20
223
{[25, 24, 22, 21, 11]}
{[17, 15, 14, 13, 12]}
34
8 10 13
19 5 33
15 9 7
16 17 12
11 5 13
1 4 16
8 7 32
2 17 6
0 18 6
2 18 14
0 12 29
15 4 12
10 3 11
0 4 14
9 13 20
16 2 11
15 3 5
18 3 7
8 9 17
1 20 30
19 14 31
23 24 25
23 26 27
21 22 28
21 27 30
21 26 29
22 25 32
22 24 31
23 29 30
25 28 10
24 28 19
27 33 20
26 33 6
31 32 1
224
{[25, 24, 22, 21, 11]}
{[17, 15, 14, 13, 12]}
34
8 10 13
19 5 29
15 9 7
16 17 12
11 5 13
1 4 16
8 7 30
2 17 6
0 18 6
2 18 14
0 12 33
15 4 12
10 3 11
0 4 14
9 13 20
16 2 11
15 3 5
18 3 7
8 9 17
1 20 32
19 14 31
23 24 25
23 26 27
21 22 28
21 27 30
21 26 29
22 25 32
22 24 31
23 29 30
25 28 1
24 28 6
27 33 20
26 33 19
31 32 10
225
{[23, 22, 21, 20, 11]}
{[5, 4, 2, 1, 0]}
34
8 10 13
19 5 22
15 9 7
16 17 12
11 5 13
1 4 16
8 20 7
2 17 6
0 18 6
2 18 14
0 12 23
15 4 12
10 3 11
0 4 14
9 13 21
16 2 11
15 3 5
18 3 7
8 9 17
1 20 27
19 6 24
22 25 14
21 26 1
24 25 10
23 31 20
21 23 30
22 28 32
29 32 19
26 29 30
27 28 31
25 28 33
24 29 33
26 27 33
30 31 32
226
{[23, 22, 21, 20, 11]}
{[6, 3, 2, 1, 0]}
34
8 10 13
19 5 25
15 9 7
16 17 12
11 5 13
1 4 16
8 20 7
2 17 6
0 18 6
2 18 14
0 12 26
15 4 12
10 3 11
0 4 14
9 13 22
16 2 11
15 3 5
18 3 7
8 9 17
1 20 21
19 6 23
22 24 19
21 27 14
24 25 20
21 23 31
23 30 1
28 32 10
22 29 32
26 29 30
27 28 31
25 28 33
24 29 33
26 27 33
30 31 32
227
{[23, 22, 21, 20, 11]}
{[8, 7, 4, 2, 0]}
34
8 10 13
19 5 23
15 9 7
16 17 12
11 5 13
1 4 16
8 20 7
2 17 6
0 18 6
2 18 14
0 12 31
15 4 12
10 3 11
0 4 14
9 13 25
16 2 11
15 3 5
18 3 7
8 9 17
1 20 22
19 6 21
23 24 20
24 25 19
21 27 1
21 22 26
22 30 14
24 28 32
23 29 32
26 29 30
27 28 31
25 28 33
29 33 10
26 27 33
30 31 32
228
{[23, 22, 21, 20, 11]}
{[9, 7, 3, 2, 0]}
34
8 10 13
19 5 25
15 9 7
16 17 12
11 5 13
1 4 16
8 20 7
2 17 6
0 18 6
2 18 14
0 12 21
15 4 12
10 3 11
0 4 14
9 13 22
16 2 11
15 3 5
18 3 7
8 9 17
1 20 30
19 6 24
23 24 10
23 25 14
21 22 27
21 26 20
22 31 1
24 28 32
23 29 32
26 29 30
27 28 31
28 33 19
25 29 33
26 27 33
30 31 32
229
{[23, 22, 21, 20, 11]}
{[6, 3, 2, 1, 0]}
34
8 10 13
19 5 25
15 9 7
16 17 12
11 5 13
1 4 16
8 20 7
2 17 6
0 18 6
2 18 14
0 12 21
15 4 12
10 3 11
0 4 14
9 13 23
16 2 11
15 3 5
18 3 7
8 9 17
1 20 26
19 6 22
22 24 10
21 27 20
24 25 14
21 23 31
23 30 1
28 32 19
22 29 32
26 29 30
27 28 31
25 28 33
24 29 33
26 27 33
30 31 32
230
{[23, 22, 21, 20, 11]}
{[9, 7, 3, 2, 0]}
34
8 10 13
19 5 25
15 9 7
16 17 12
11 5 13
1 4 16
8 20 7
2 17 6
0 18 6
2 18 14
0 12 30
15 4 12
10 3 11
0 4 14
9 13 24
16 2 11
15 3 5
18 3 7
8 9 17
1 20 21
19 6 22
23 24 19
23 25 20
21 22 27
21 26 14
22 31 1
24 28 32
23 29 32
26 29 30
27 28 31
28 33 10
25 29 33
26 27 33
30 31 32
231
{[23, 22, 21, 20, 11]}
{[5, 4, 2, 1, 0]}
34
8 10 13
19 5 22
15 9 7
16 17 12
11 5 13
1 4 16
8 20 7
2 17 6
0 18 6
2 18 14
0 12 27
15 4 12
10 3 11
0 4 14
9 13 24
16 2 11
15 3 5
18 3 7
8 9 17
1 20 23
19 6 21
22 25 20
21 26 1
24 25 19
23 31 14
21 23 30
22 28 32
29 32 10
26 29 30
27 28 31
25 28 33
24 29 33
26 27 33
30 31 32
232
{[23, 22, 21, 20, 11]}
{[8, 7, 4, 2, 0]}
34
8 10 13
19 5 23
15 9 7
16 17 12
11 5 13
1 4 16
8 20 7
2 17 6
0 18 6
2 18 14
0 12 22
15 4 12
10 3 11
0 4 14
9 13 21
16 2 11
15 3 5
18 3 7
8 9 17
1 20 31
19 6 25
23 24 14
24 25 10
21 27 1
21 22 26
22 30 20
24 28 32
23 29 32
26 29 30
27 28 31
25 28 33
29 33 19
26 27 33
30 31 32
233
{[23, 22, 21, 20, 11]}
{[16, 13, 12, 11, 10]}
34
8 10 13
19 5 32
15 9 7
16 17 12
11 5 13
1 4 16
8 20 7
2 17 6
0 18 6
2 18 14
0 12 31
15 4 12
10 3 11
0 4 14
9 13 27
16 2 11
15 3 5
18 3 7
8 9 17
1 20 26
19 6 33
23 24 25
23 26 27
21 22 28
21 27 30
21 26 29
22 25 19
22 24 14
23 29 30
25 28 32
24 28 31
30 33 10
29 33 1
31 32 20
234
{[23, 22, 21, 20, 11]}
{[17, 16, 14, 12, 10]}
34
8 10 13
19 5 31
15 9 7
16 17 12
11 5 13
1 4 16
8 20 7
2 17 6
0 18 6
2 18 14
0 12 33
15 4 12
10 3 11
0 4 14
9 13 30
16 2 11
15 3 5
18 3 7
8 9 17
1 20 27
19 6 32
23 24 25
23 26 27
21 22 28
21 27 30
21 26 29
22 25 31
22 24 19
23 29 30
25 28 33
24 28 14
26 32 1
31 33 20
29 32 10
235
{[23, 22, 21, 20, 11]}
{[16, 13, 12, 11, 10]}
34
8 10 13
19 5 32
15 9 7
16 17 12
11 5 13
1 4 16
8 20 7
2 17 6
0 18 6
2 18 14
0 12 26
15 4 12
10 3 11
0 4 14
9 13 33
16 2 11
15 3 5
18 3 7
8 9 17
1 20 31
19 6 27
23 24 25
23 26 27
21 22 28
21 27 30
21 26 29
22 25 10
22 24 20
23 29 30
25 28 32
24 28 31
30 33 19
29 33 1
31 32 14
236
{[23, 22, 21, 20, 11]}
{[17, 16, 14, 12, 10]}
34
8 10 13
19 5 31
15 9 7
16 17 12
11 5 13
1 4 16
8 20 7
2 17 6
0 18 6
2 18 14
0 12 27
15 4 12
10 3 11
0 4 14
9 13 32
16 2 11
15 3 5
18 3 7
8 9 17
1 20 33
19 6 30
23 24 25
23 26 27
21 22 28
21 27 30
21 26 29
22 25 31
22 24 10
23 29 30
25 28 33
24 28 20
26 32 1
31 33 14
29 32 19
237
{[23, 22, 21, 20, 11]}
{[17, 16, 15, 13, 11]}
34
8 10 13
19 5 33
15 9 7
16 17 12
11 5 13
1 4 16
8 20 7
2 17 6
0 18 6
2 18 14
0 12 29
15 4 12
10 3 11
0 4 14
9 13 32
16 2 11
15 3 5
18 3 7
8 9 17
1 20 31
19 6 26
23 24 25
23 26 27
21 22 28
21 27 30
21 26 29
22 25 20
22 24 31
23 29 30
25 28 10
24 28 33
27 32 19
31 33 14
30 32 1
238
{[23, 22, 21, 20, 11]}
{[17, 16, 15, 13, 11]}
34
8 10 13
19 5 33
15 9 7
16 17 12
11 5 13
1 4 16
8 20 7
2 17 6
0 18 6
2 18 14
0 12 31
15 4 12
10 3 11
0 4 14
9 13 26
16 2 11
15 3 5
18 3 7
8 9 17
1 20 29
19 6 32
23 24 25
23 26 27
21 22 28
21 27 30
21 26 29
22 25 14
22 24 31
23 29 30
25 28 19
24 28 33
27 32 10
31 33 20
30 32 1
239
{[23, 22, 21, 20, 11]}
{[17, 15, 14, 13, 12]}
34
8 10 13
19 5 31
15 9 7
16 17 12
11 5 13
1 4 16
8 20 7
2 17 6
0 18 6
2 18 14
0 12 30
15 4 12
10 3 11
0 4 14
9 13 33
16 2 11
15 3 5
18 3 7
8 9 17
1 20 32
19 6 29
23 24 25
23 26 27
21 22 28
21 27 30
21 26 29
22 25 32
22 24 31
23 29 30
25 28 20
24 28 10
27 33 1
26 33 19
31 32 14
240
{[23, 22, 21, 20, 11]}
{[17, 15, 14, 13, 12]}
34
8 10 13
19 5 31
15 9 7
16 17 12
11 5 13
1 4 16
8 20 7
2 17 6
0 18 6
2 18 14
0 12 32
15 4 12
10 3 11
0 4 14
9 13 29
16 2 11
15 3 5
18 3 7
8 9 17
1 20 30
19 6 33
23 24 25
23 26 27
21 22 28
21 27 30
21 26 29
22 25 32
22 24 31
23 29 30
25 28 14
24 28 19
27 33 1
26 33 10
31 32 20
241
{[25, 24, 22, 21, 11]}
{[5, 4, 2, 1, 0]}
34
8 10 13
19 5 24
15 9 7
16 17 12
11 5 13
1 4 16
8 7 23
2 17 6
0 18 6
2 18 14
0 12 21
15 4 12
10 3 11
0 4 14
9 13 20
16 2 11
15 3 5
18 3 7
8 9 17
1 20 27
19 14 22
22 25 10
21 26 20
24 25 6
23 31 1
21 23 30
22 28 32
29 32 19
26 29 30
27 28 31
25 28 33
24 29 33
26 27 33
30 31 32
242
{[25, 24, 22, 21, 11]}
{[6, 3, 2, 1, 0]}
34
8 10 13
19 5 23
15 9 7
16 17 12
11 5 13
1 4 16
8 7 26
2 17 6
0 18 6
2 18 14
0 12 22
15 4 12
10 3 11
0 4 14
9 13 20
16 2 11
15 3 5
18 3 7
8 9 17
1 20 21
19 14 25
22 24 19
21 27 10
24 25 1
21 23 31
23 30 20
28 32 6
22 29 32
26 29 30
27 28 31
25 28 33
24 29 33
26 27 33
30 31 32
243
{[25, 24, 22, 21, 11]}
{[8, 7, 4, 2, 0]}
34
8 10 13
19 5 21
15 9 7
16 17 12
11 5 13
1 4 16
8 7 31
2 17 6
0 18 6
2 18 14
0 12 25
15 4 12
10 3 11
0 4 14
9 13 20
16 2 11
15 3 5
18 3 7
8 9 17
1 20 22
19 14 23
23 24 1
24 25 19
21 27 20
21 22 26
22 30 10
24 28 32
23 29 32
26 29 30
27 28 31
25 28 33
29 33 6
26 27 33
30 31 32
244
{[25, 24, 22, 21, 11]}
{[9, 7, 3, 2, 0]}
34
8 10 13
19 5 24
15 9 7
16 17 12
11 5 13
1 4 16
8 7 21
2 17 6
0 18 6
2 18 14
0 12 22
15 4 12
10 3 11
0 4 14
9 13 20
16 2 11
15 3 5
18 3 7
8 9 17
1 20 30
19 14 25
23 24 6
23 25 10
21 22 27
21 26 1
22 31 20
24 28 32
23 29 32
26 29 30
27 28 31
28 33 19
25 29 33
26 27 33
30 31 32
245
{[25, 24, 22, 21, 11]}
{[6, 3, 2, 1, 0]}
34
8 10 13
19 5 22
15 9 7
16 17 12
11 5 13
1 4 16
8 7 21
2 17 6
0 18 6
2 18 14
0 12 23
15 4 12
10 3 11
0 4 14
9 13 20
16 2 11
15 3 5
18 3 7
8 9 17
1 20 26
19 14 25
22 24 6
21 27 1
24 25 10
21 23 31
23 30 20
28 32 19
22 29 32
26 29 30
27 28 31
25 28 33
24 29 33
26 27 33
30 31 32
246
{[25, 24, 22, 21, 11]}
{[9, 7, 3, 2, 0]}
34
8 10 13
19 5 22
15 9 7
16 17 12
11 5 13
1 4 16
8 7 30
2 17 6
0 18 6
2 18 14
0 12 24
15 4 12
10 3 11
0 4 14
9 13 20
16 2 11
15 3 5
18 3 7
8 9 17
1 20 21
19 14 25
23 24 19
23 25 1
21 22 27
21 26 10
22 31 20
24 28 32
23 29 32
26 29 30
27 28 31
28 33 6
25 29 33
26 27 33
30 31 32
247
{[25, 24, 22, 21, 11]}
{[5, 4, 2, 1, 0]}
34
8 10 13
19 5 21
15 9 7
16 17 12
11 5 13
1 4 16
8 7 27
2 17 6
0 18 6
2 18 14
0 12 24
15 4 12
10 3 11
0 4 14
9 13 20
16 2 11
15 3 5
18 3 7
8 9 17
1 20 23
19 14 22
22 25 1
21 26 20
24 25 19
23 31 10
21 23 30
22 28 32
29 32 6
26 29 30
27 28 31
25 28 33
24 29 33
26 27 33
30 31 32
248
{[25, 24, 22, 21, 11]}
{[8, 7, 4, 2, 0]}
34
8 10 13
19 5 25
15 9 7
16 17 12
11 5 13
1 4 16
8 7 22
2 17 6
0 18 6
2 18 14
0 12 21
15 4 12
10 3 11
0 4 14
9 13 20
16 2 11
15 3 5
18 3 7
8 9 17
1 20 31
19 14 23
23 24 10
24 25 6
21 27 20
21 22 26
22 30 1
24 28 32
23 29 32
26 29 30
27 28 31
25 28 33
29 33 19
26 27 33
30 31 32
249
{[25, 24, 22, 21, 11]}
{[16, 13, 12, 11, 10]}
34
8 10 13
19 5 33
15 9 7
16 17 12
11 5 13
1 4 16
8 7 31
2 17 6
0 18 6
2 18 14
0 12 27
15 4 12
10 3 11
0 4 14
9 13 20
16 2 11
15 3 5
18 3 7
8 9 17
1 20 26
19 14 32
23 24 25
23 26 27
21 22 28
21 27 30
21 26 29
22 25 19
22 24 10
23 29 30
25 28 32
24 28 31
30 33 6
29 33 20
31 32 1
250
{[25, 24, 22, 21, 11]}
{[17, 16, 14, 12, 10]}
34
8 10 13
19 5 32
15 9 7
16 17 12
11 5 13
1 4 16
8 7 33
2 17 6
0 18 6
2 18 14
0 12 30
15 4 12
10 3 11
0 4 14
9 13 20
16 2 11
15 3 5
18 3 7
8 9 17
1 20 27
19 14 31
23 24 25
23 26 27
21 22 28
21 27 30
21 26 29
22 25 31
22 24 19
23 29 30
25 28 33
24 28 10
26 32 20
31 33 1
29 32 6
251
{[25, 24, 22, 21, 11]}
{[16, 13, 12, 11, 10]}
34
8 10 13
19 5 27
15 9 7
16 17 12
11 5 13
1 4 16
8 7 26
2 17 6
0 18 6
2 18 14
0 12 33
15 4 12
10 3 11
0 4 14
9 13 20
16 2 11
15 3 5
18 3 7
8 9 17
1 20 31
19 14 32
23 24 25
23 26 27
21 22 28
21 27 30
21 26 29
22 25 6
22 24 1
23 29 30
25 28 32
24 28 31
30 33 19
29 33 20
31 32 10
252
{[25, 24, 22, 21, 11]}
{[17, 16, 14, 12, 10]}
34
8 10 13
19 5 30
15 9 7
16 17 12
11 5 13
1 4 16
8 7 27
2 17 6
0 18 6
2 18 14
0 12 32
15 4 12
10 3 11
0 4 14
9 13 20
16 2 11
15 3 5
18 3 7
8 9 17
1 20 33
19 14 31
23 24 25
23 26 27
21 22 28
21 27 30
21 26 29
22 25 31
22 24 6
23 29 30
25 28 33
24 28 1
26 32 20
31 33 10
29 32 19
253
{[25, 24, 22, 21, 11]}
{[17, 16, 15, 13, 11]}
34
8 10 13
19 5 26
15 9 7
16 17 12
11 5 13
1 4 16
8 7 29
2 17 6
0 18 6
2 18 14
0 12 32
15 4 12
10 3 11
0 4 14
9 13 20
16 2 11
15 3 5
18 3 7
8 9 17
1 20 31
19 14 33
23 24 25
23 26 27
21 22 28
21 27 30
21 26 29
22 25 1
22 24 31
23 29 30
25 28 6
24 28 33
27 32 19
31 33 10
30 32 20
254
{[25, 24, 22, 21, 11]}
{[17, 16, 15, 13, 11]}
34
8 10 13
19 5 32
15 9 7
16 17 12
11 5 13
1 4 16
8 7 31
2 17 6
0 18 6
2 18 14
0 12 26
15 4 12
10 3 11
0 4 14
9 13 20
16 2 11
15 3 5
18 3 7
8 9 17
1 20 29
19 14 33
23 24 25
23 26 27
21 22 28
21 27 30
21 26 29
22 25 10
22 24 31
23 29 30
25 28 19
24 28 33
27 32 6
31 33 1
30 32 20
255
{[25, 24, 22, 21, 11]}
{[17, 15, 14, 13, 12]}
34
8 10 13
19 5 29
15 9 7
16 17 12
11 5 13
1 4 16
8 7 30
2 17 6
0 18 6
2 18 14
0 12 33
15 4 12
10 3 11
0 4 14
9 13 20
16 2 11
15 3 5
18 3 7
8 9 17
1 20 32
19 14 31
23 24 25
23 26 27
21 22 28
21 27 30
21 26 29
22 25 32
22 24 31
23 29 30
25 28 1
24 28 6
27 33 20
26 33 19
31 32 10
256
{[25, 24, 22, 21, 11]}
{[17, 15, 14, 13, 12]}
34
8 10 13
19 5 33
15 9 7
16 17 12
11 5 13
1 4 16
8 7 32
2 17 6
0 18 6
2 18 14
0 12 29
15 4 12
10 3 11
0 4 14
9 13 20
16 2 11
15 3 5
18 3 7
8 9 17
1 20 30
19 14 31
23 24 25
23 26 27
21 22 28
21 27 30
21 26 29
22 25 32
22 24 31
23 29 30
25 28 10
24 28 19
27 33 20
26 33 6
31 32 1
