288
1
{[9, 8, 4, 2, 0]}
{[5, 4, 2, 1, 0]}
34
12 2 8
2 4 23
0 1 21
12 15 9
1 9 22
19 7 17
19 10 24
5 8 16
0 7 20
10 3 4
6 9 18
12 13 16
11 0 3
11 14 27
13 15 17
14 16 3
11 15 7
5 14 18
20 17 10
20 5 6
19 8 18
22 25 2
21 26 4
24 25 1
23 31 6
21 23 30
22 28 32
29 32 13
26 29 30
27 28 31
25 28 33
24 29 33
26 27 33
30 31 32
2
{[9, 8, 4, 2, 0]}
{[6, 3, 2, 1, 0]}
34
12 2 8
2 4 26
0 1 22
12 15 9
1 9 25
19 7 17
19 10 23
5 8 16
0 7 20
10 3 4
6 9 18
12 13 16
11 0 3
11 14 21
13 15 17
14 16 3
11 15 7
5 14 18
20 17 10
20 5 6
19 8 18
22 24 13
21 27 2
24 25 6
21 23 31
23 30 4
28 32 1
22 29 32
26 29 30
27 28 31
25 28 33
24 29 33
26 27 33
30 31 32
3
{[9, 8, 4, 2, 0]}
{[8, 7, 4, 2, 0]}
34
12 2 8
2 4 31
0 1 25
12 15 9
1 9 23
19 7 17
19 10 21
5 8 16
0 7 20
10 3 4
6 9 18
12 13 16
11 0 3
11 14 22
13 15 17
14 16 3
11 15 7
5 14 18
20 17 10
20 5 6
19 8 18
23 24 6
24 25 13
21 27 4
21 22 26
22 30 2
24 28 32
23 29 32
26 29 30
27 28 31
25 28 33
29 33 1
26 27 33
30 31 32
4
{[9, 8, 4, 2, 0]}
{[9, 7, 3, 2, 0]}
34
12 2 8
2 4 21
0 1 22
12 15 9
1 9 25
19 7 17
19 10 24
5 8 16
0 7 20
10 3 4
6 9 18
12 13 16
11 0 3
11 14 30
13 15 17
14 16 3
11 15 7
5 14 18
20 17 10
20 5 6
19 8 18
23 24 1
23 25 2
21 22 27
21 26 6
22 31 4
24 28 32
23 29 32
26 29 30
27 28 31
28 33 13
25 29 33
26 27 33
30 31 32
5
{[9, 8, 4, 2, 0]}
{[6, 3, 2, 1, 0]}
34
12 2 8
2 4 21
0 1 23
12 15 9
1 9 25
19 7 17
19 10 22
5 8 16
0 7 20
10 3 4
6 9 18
12 13 16
11 0 3
11 14 26
13 15 17
14 16 3
11 15 7
5 14 18
20 17 10
20 5 6
19 8 18
22 24 1
21 27 6
24 25 2
21 23 31
23 30 4
28 32 13
22 29 32
26 29 30
27 28 31
25 28 33
24 29 33
26 27 33
30 31 32
6
{[9, 8, 4, 2, 0]}
{[9, 7, 3, 2, 0]}
34
12 2 8
2 4 30
0 1 24
12 15 9
1 9 25
19 7 17
19 10 22
5 8 16
0 7 20
10 3 4
6 9 18
12 13 16
11 0 3
11 14 21
13 15 17
14 16 3
11 15 7
5 14 18
20 17 10
20 5 6
19 8 18
23 24 13
23 25 6
21 22 27
21 26 2
22 31 4
24 28 32
23 29 32
26 29 30
27 28 31
28 33 1
25 29 33
26 27 33
30 31 32
7
{[9, 8, 4, 2, 0]}
{[5, 4, 2, 1, 0]}
34
12 2 8
2 4 27
0 1 24
12 15 9
1 9 22
19 7 17
19 10 21
5 8 16
0 7 20
10 3 4
6 9 18
12 13 16
11 0 3
11 14 23
13 15 17
14 16 3
11 15 7
5 14 18
20 17 10
20 5 6
19 8 18
22 25 6
21 26 4
24 25 13
23 31 2
21 23 30
22 28 32
29 32 1
26 29 30
27 28 31
25 28 33
24 29 33
26 27 33
30 31 32
8
{[9, 8, 4, 2, 0]}
{[8, 7, 4, 2, 0]}
34
12 2 8
2 4 22
0 1 21
12 15 9
1 9 23
19 7 17
19 10 25
5 8 16
0 7 20
10 3 4
6 9 18
12 13 16
11 0 3
11 14 31
13 15 17
14 16 3
11 15 7
5 14 18
20 17 10
20 5 6
19 8 18
23 24 2
24 25 1
21 27 4
21 22 26
22 30 6
24 28 32
23 29 32
26 29 30
27 28 31
25 28 33
29 33 13
26 27 33
30 31 32
9
{[9, 8, 4, 2, 0]}
{[16, 13, 12, 11, 10]}
34
12 2 8
2 4 31
0 1 27
12 15 9
1 9 32
19 7 17
19 10 33
5 8 16
0 7 20
10 3 4
6 9 18
12 13 16
11 0 3
11 14 26
13 15 17
14 16 3
11 15 7
5 14 18
20 17 10
20 5 6
19 8 18
23 24 25
23 26 27
21 22 28
21 27 30
21 26 29
22 25 13
22 24 2
23 29 30
25 28 32
24 28 31
30 33 1
29 33 4
31 32 6
10
{[9, 8, 4, 2, 0]}
{[17, 16, 14, 12, 10]}
34
12 2 8
2 4 33
0 1 30
12 15 9
1 9 31
19 7 17
19 10 32
5 8 16
0 7 20
10 3 4
6 9 18
12 13 16
11 0 3
11 14 27
13 15 17
14 16 3
11 15 7
5 14 18
20 17 10
20 5 6
19 8 18
23 24 25
23 26 27
21 22 28
21 27 30
21 26 29
22 25 31
22 24 13
23 29 30
25 28 33
24 28 2
26 32 4
31 33 6
29 32 1
11
{[9, 8, 4, 2, 0]}
{[16, 13, 12, 11, 10]}
34
12 2 8
2 4 26
0 1 33
12 15 9
1 9 32
19 7 17
19 10 27
5 8 16
0 7 20
10 3 4
6 9 18
12 13 16
11 0 3
11 14 31
13 15 17
14 16 3
11 15 7
5 14 18
20 17 10
20 5 6
19 8 18
23 24 25
23 26 27
21 22 28
21 27 30
21 26 29
22 25 1
22 24 6
23 29 30
25 28 32
24 28 31
30 33 13
29 33 4
31 32 2
12
{[9, 8, 4, 2, 0]}
{[17, 16, 14, 12, 10]}
34
12 2 8
2 4 27
0 1 32
12 15 9
1 9 31
19 7 17
19 10 30
5 8 16
0 7 20
10 3 4
6 9 18
12 13 16
11 0 3
11 14 33
13 15 17
14 16 3
11 15 7
5 14 18
20 17 10
20 5 6
19 8 18
23 24 25
23 26 27
21 22 28
21 27 30
21 26 29
22 25 31
22 24 1
23 29 30
25 28 33
24 28 6
26 32 4
31 33 2
29 32 13
13
{[9, 8, 4, 2, 0]}
{[17, 16, 15, 13, 11]}
34
12 2 8
2 4 29
0 1 32
12 15 9
1 9 33
19 7 17
19 10 26
5 8 16
0 7 20
10 3 4
6 9 18
12 13 16
11 0 3
11 14 31
13 15 17
14 16 3
11 15 7
5 14 18
20 17 10
20 5 6
19 8 18
23 24 25
23 26 27
21 22 28
21 27 30
21 26 29
22 25 6
22 24 31
23 29 30
25 28 1
24 28 33
27 32 13
31 33 2
30 32 4
14
{[9, 8, 4, 2, 0]}
{[17, 16, 15, 13, 11]}
34
12 2 8
2 4 31
0 1 26
12 15 9
1 9 33
19 7 17
19 10 32
5 8 16
0 7 20
10 3 4
6 9 18
12 13 16
11 0 3
11 14 29
13 15 17
14 16 3
11 15 7
5 14 18
20 17 10
20 5 6
19 8 18
23 24 25
23 26 27
21 22 28
21 27 30
21 26 29
22 25 2
22 24 31
23 29 30
25 28 13
24 28 33
27 32 1
31 33 6
30 32 4
15
{[9, 8, 4, 2, 0]}
{[17, 15, 14, 13, 12]}
34
12 2 8
2 4 30
0 1 33
12 15 9
1 9 31
19 7 17
19 10 29
5 8 16
0 7 20
10 3 4
6 9 18
12 13 16
11 0 3
11 14 32
13 15 17
14 16 3
11 15 7
5 14 18
20 17 10
20 5 6
19 8 18
23 24 25
23 26 27
21 22 28
21 27 30
21 26 29
22 25 32
22 24 31
23 29 30
25 28 6
24 28 1
27 33 4
26 33 13
31 32 2
16
{[9, 8, 4, 2, 0]}
{[17, 15, 14, 13, 12]}
34
12 2 8
2 4 32
0 1 29
12 15 9
1 9 31
19 7 17
19 10 33
5 8 16
0 7 20
10 3 4
6 9 18
12 13 16
11 0 3
11 14 30
13 15 17
14 16 3
11 15 7
5 14 18
20 17 10
20 5 6
19 8 18
23 24 25
23 26 27
21 22 28
21 27 30
21 26 29
22 25 32
22 24 31
23 29 30
25 28 2
24 28 13
27 33 4
26 33 1
31 32 6
17
{[8, 5, 4, 3, 0]}
{[5, 4, 2, 1, 0]}
34
12 8 27
4 3 23
12 15 9
1 9 21
1 6 22
19 7 17
19 4 10
5 8 16
0 7 20
10 2 3
6 9 18
12 13 16
11 0 2
11 14 24
13 15 17
14 16 2
11 15 7
5 14 18
20 17 10
20 5 6
19 8 18
22 25 3
21 26 4
24 25 1
23 31 13
21 23 30
22 28 32
29 32 0
26 29 30
27 28 31
25 28 33
24 29 33
26 27 33
30 31 32
18
{[8, 5, 4, 3, 0]}
{[6, 3, 2, 1, 0]}
34
12 8 21
4 3 26
12 15 9
1 9 22
1 6 25
19 7 17
19 4 10
5 8 16
0 7 20
10 2 3
6 9 18
12 13 16
11 0 2
11 14 23
13 15 17
14 16 2
11 15 7
5 14 18
20 17 10
20 5 6
19 8 18
22 24 0
21 27 3
24 25 13
21 23 31
23 30 4
28 32 1
22 29 32
26 29 30
27 28 31
25 28 33
24 29 33
26 27 33
30 31 32
19
{[8, 5, 4, 3, 0]}
{[8, 7, 4, 2, 0]}
34
12 8 22
4 3 31
12 15 9
1 9 25
1 6 23
19 7 17
19 4 10
5 8 16
0 7 20
10 2 3
6 9 18
12 13 16
11 0 2
11 14 21
13 15 17
14 16 2
11 15 7
5 14 18
20 17 10
20 5 6
19 8 18
23 24 13
24 25 0
21 27 4
21 22 26
22 30 3
24 28 32
23 29 32
26 29 30
27 28 31
25 28 33
29 33 1
26 27 33
30 31 32
20
{[8, 5, 4, 3, 0]}
{[9, 7, 3, 2, 0]}
34
12 8 30
4 3 21
12 15 9
1 9 22
1 6 25
19 7 17
19 4 10
5 8 16
0 7 20
10 2 3
6 9 18
12 13 16
11 0 2
11 14 24
13 15 17
14 16 2
11 15 7
5 14 18
20 17 10
20 5 6
19 8 18
23 24 1
23 25 3
21 22 27
21 26 13
22 31 4
24 28 32
23 29 32
26 29 30
27 28 31
28 33 0
25 29 33
26 27 33
30 31 32
21
{[8, 5, 4, 3, 0]}
{[6, 3, 2, 1, 0]}
34
12 8 26
4 3 21
12 15 9
1 9 23
1 6 25
19 7 17
19 4 10
5 8 16
0 7 20
10 2 3
6 9 18
12 13 16
11 0 2
11 14 22
13 15 17
14 16 2
11 15 7
5 14 18
20 17 10
20 5 6
19 8 18
22 24 1
21 27 13
24 25 3
21 23 31
23 30 4
28 32 0
22 29 32
26 29 30
27 28 31
25 28 33
24 29 33
26 27 33
30 31 32
22
{[8, 5, 4, 3, 0]}
{[9, 7, 3, 2, 0]}
34
12 8 21
4 3 30
12 15 9
1 9 24
1 6 25
19 7 17
19 4 10
5 8 16
0 7 20
10 2 3
6 9 18
12 13 16
11 0 2
11 14 22
13 15 17
14 16 2
11 15 7
5 14 18
20 17 10
20 5 6
19 8 18
23 24 0
23 25 13
21 22 27
21 26 3
22 31 4
24 28 32
23 29 32
26 29 30
27 28 31
28 33 1
25 29 33
26 27 33
30 31 32
23
{[8, 5, 4, 3, 0]}
{[5, 4, 2, 1, 0]}
34
12 8 23
4 3 27
12 15 9
1 9 24
1 6 22
19 7 17
19 4 10
5 8 16
0 7 20
10 2 3
6 9 18
12 13 16
11 0 2
11 14 21
13 15 17
14 16 2
11 15 7
5 14 18
20 17 10
20 5 6
19 8 18
22 25 13
21 26 4
24 25 0
23 31 3
21 23 30
22 28 32
29 32 1
26 29 30
27 28 31
25 28 33
24 29 33
26 27 33
30 31 32
24
{[8, 5, 4, 3, 0]}
{[8, 7, 4, 2, 0]}
34
12 8 31
4 3 22
12 15 9
1 9 21
1 6 23
19 7 17
19 4 10
5 8 16
0 7 20
10 2 3
6 9 18
12 13 16
11 0 2
11 14 25
13 15 17
14 16 2
11 15 7
5 14 18
20 17 10
20 5 6
19 8 18
23 24 3
24 25 1
21 27 4
21 22 26
22 30 13
24 28 32
23 29 32
26 29 30
27 28 31
25 28 33
29 33 0
26 27 33
30 31 32
25
{[8, 5, 4, 3, 0]}
{[16, 13, 12, 11, 10]}
34
12 8 26
4 3 31
12 15 9
1 9 27
1 6 32
19 7 17
19 4 10
5 8 16
0 7 20
10 2 3
6 9 18
12 13 16
11 0 2
11 14 33
13 15 17
14 16 2
11 15 7
5 14 18
20 17 10
20 5 6
19 8 18
23 24 25
23 26 27
21 22 28
21 27 30
21 26 29
22 25 0
22 24 3
23 29 30
25 28 32
24 28 31
30 33 1
29 33 4
31 32 13
26
{[8, 5, 4, 3, 0]}
{[17, 16, 14, 12, 10]}
34
12 8 27
4 3 33
12 15 9
1 9 30
1 6 31
19 7 17
19 4 10
5 8 16
0 7 20
10 2 3
6 9 18
12 13 16
11 0 2
11 14 32
13 15 17
14 16 2
11 15 7
5 14 18
20 17 10
20 5 6
19 8 18
23 24 25
23 26 27
21 22 28
21 27 30
21 26 29
22 25 31
22 24 0
23 29 30
25 28 33
24 28 3
26 32 4
31 33 13
29 32 1
27
{[8, 5, 4, 3, 0]}
{[16, 13, 12, 11, 10]}
34
12 8 31
4 3 26
12 15 9
1 9 33
1 6 32
19 7 17
19 4 10
5 8 16
0 7 20
10 2 3
6 9 18
12 13 16
11 0 2
11 14 27
13 15 17
14 16 2
11 15 7
5 14 18
20 17 10
20 5 6
19 8 18
23 24 25
23 26 27
21 22 28
21 27 30
21 26 29
22 25 1
22 24 13
23 29 30
25 28 32
24 28 31
30 33 0
29 33 4
31 32 3
28
{[8, 5, 4, 3, 0]}
{[17, 16, 14, 12, 10]}
34
12 8 33
4 3 27
12 15 9
1 9 32
1 6 31
19 7 17
19 4 10
5 8 16
0 7 20
10 2 3
6 9 18
12 13 16
11 0 2
11 14 30
13 15 17
14 16 2
11 15 7
5 14 18
20 17 10
20 5 6
19 8 18
23 24 25
23 26 27
21 22 28
21 27 30
21 26 29
22 25 31
22 24 1
23 29 30
25 28 33
24 28 13
26 32 4
31 33 3
29 32 0
29
{[8, 5, 4, 3, 0]}
{[17, 16, 15, 13, 11]}
34
12 8 31
4 3 29
12 15 9
1 9 32
1 6 33
19 7 17
19 4 10
5 8 16
0 7 20
10 2 3
6 9 18
12 13 16
11 0 2
11 14 26
13 15 17
14 16 2
11 15 7
5 14 18
20 17 10
20 5 6
19 8 18
23 24 25
23 26 27
21 22 28
21 27 30
21 26 29
22 25 13
22 24 31
23 29 30
25 28 1
24 28 33
27 32 0
31 33 3
30 32 4
30
{[8, 5, 4, 3, 0]}
{[17, 16, 15, 13, 11]}
34
12 8 29
4 3 31
12 15 9
1 9 26
1 6 33
19 7 17
19 4 10
5 8 16
0 7 20
10 2 3
6 9 18
12 13 16
11 0 2
11 14 32
13 15 17
14 16 2
11 15 7
5 14 18
20 17 10
20 5 6
19 8 18
23 24 25
23 26 27
21 22 28
21 27 30
21 26 29
22 25 3
22 24 31
23 29 30
25 28 0
24 28 33
27 32 1
31 33 13
30 32 4
31
{[8, 5, 4, 3, 0]}
{[17, 15, 14, 13, 12]}
34
12 8 32
4 3 30
12 15 9
1 9 33
1 6 31
19 7 17
19 4 10
5 8 16
0 7 20
10 2 3
6 9 18
12 13 16
11 0 2
11 14 29
13 15 17
14 16 2
11 15 7
5 14 18
20 17 10
20 5 6
19 8 18
23 24 25
23 26 27
21 22 28
21 27 30
21 26 29
22 25 32
22 24 31
23 29 30
25 28 13
24 28 1
27 33 4
26 33 0
31 32 3
32
{[8, 5, 4, 3, 0]}
{[17, 15, 14, 13, 12]}
34
12 8 30
4 3 32
12 15 9
1 9 29
1 6 31
19 7 17
19 4 10
5 8 16
0 7 20
10 2 3
6 9 18
12 13 16
11 0 2
11 14 33
13 15 17
14 16 2
11 15 7
5 14 18
20 17 10
20 5 6
19 8 18
23 24 25
23 26 27
21 22 28
21 27 30
21 26 29
22 25 32
22 24 31
23 29 30
25 28 3
24 28 0
27 33 4
26 33 1
31 32 13
33
{[8, 5, 4, 3, 0]}
{[5, 4, 2, 1, 0]}
34
12 8 23
4 3 27
12 15 9
1 9 24
1 6 22
19 7 17
19 4 10
5 8 16
0 7 20
10 2 3
6 9 18
12 13 16
11 0 2
11 14 21
13 15 17
14 16 2
11 15 7
5 14 18
20 17 10
20 5 6
19 8 18
22 25 13
21 26 4
24 25 0
23 31 3
21 23 30
22 28 32
29 32 1
26 29 30
27 28 31
25 28 33
24 29 33
26 27 33
30 31 32
34
{[8, 5, 4, 3, 0]}
{[6, 3, 2, 1, 0]}
34
12 8 26
4 3 21
12 15 9
1 9 23
1 6 25
19 7 17
19 4 10
5 8 16
0 7 20
10 2 3
6 9 18
12 13 16
11 0 2
11 14 22
13 15 17
14 16 2
11 15 7
5 14 18
20 17 10
20 5 6
19 8 18
22 24 1
21 27 13
24 25 3
21 23 31
23 30 4
28 32 0
22 29 32
26 29 30
27 28 31
25 28 33
24 29 33
26 27 33
30 31 32
35
{[8, 5, 4, 3, 0]}
{[8, 7, 4, 2, 0]}
34
12 8 31
4 3 22
12 15 9
1 9 21
1 6 23
19 7 17
19 4 10
5 8 16
0 7 20
10 2 3
6 9 18
12 13 16
11 0 2
11 14 25
13 15 17
14 16 2
11 15 7
5 14 18
20 17 10
20 5 6
19 8 18
23 24 3
24 25 1
21 27 4
21 22 26
22 30 13
24 28 32
23 29 32
26 29 30
27 28 31
25 28 33
29 33 0
26 27 33
30 31 32
36
{[8, 5, 4, 3, 0]}
{[9, 7, 3, 2, 0]}
34
12 8 21
4 3 30
12 15 9
1 9 24
1 6 25
19 7 17
19 4 10
5 8 16
0 7 20
10 2 3
6 9 18
12 13 16
11 0 2
11 14 22
13 15 17
14 16 2
11 15 7
5 14 18
20 17 10
20 5 6
19 8 18
23 24 0
23 25 13
21 22 27
21 26 3
22 31 4
24 28 32
23 29 32
26 29 30
27 28 31
28 33 1
25 29 33
26 27 33
30 31 32
37
{[8, 5, 4, 3, 0]}
{[6, 3, 2, 1, 0]}
34
12 8 21
4 3 26
12 15 9
1 9 22
1 6 25
19 7 17
19 4 10
5 8 16
0 7 20
10 2 3
6 9 18
12 13 16
11 0 2
11 14 23
13 15 17
14 16 2
11 15 7
5 14 18
20 17 10
20 5 6
19 8 18
22 24 0
21 27 3
24 25 13
21 23 31
23 30 4
28 32 1
22 29 32
26 29 30
27 28 31
25 28 33
24 29 33
26 27 33
30 31 32
38
{[8, 5, 4, 3, 0]}
{[9, 7, 3, 2, 0]}
34
12 8 30
4 3 21
12 15 9
1 9 22
1 6 25
19 7 17
19 4 10
5 8 16
0 7 20
10 2 3
6 9 18
12 13 16
11 0 2
11 14 24
13 15 17
14 16 2
11 15 7
5 14 18
20 17 10
20 5 6
19 8 18
23 24 1
23 25 3
21 22 27
21 26 13
22 31 4
24 28 32
23 29 32
26 29 30
27 28 31
28 33 0
25 29 33
26 27 33
30 31 32
39
{[8, 5, 4, 3, 0]}
{[5, 4, 2, 1, 0]}
34
12 8 27
4 3 23
12 15 9
1 9 21
1 6 22
19 7 17
19 4 10
5 8 16
0 7 20
10 2 3
6 9 18
12 13 16
11 0 2
11 14 24
13 15 17
14 16 2
11 15 7
5 14 18
20 17 10
20 5 6
19 8 18
22 25 3
21 26 4
24 25 1
23 31 13
21 23 30
22 28 32
29 32 0
26 29 30
27 28 31
25 28 33
24 29 33
26 27 33
30 31 32
40
{[8, 5, 4, 3, 0]}
{[8, 7, 4, 2, 0]}
34
12 8 22
4 3 31
12 15 9
1 9 25
1 6 23
19 7 17
19 4 10
5 8 16
0 7 20
10 2 3
6 9 18
12 13 16
11 0 2
11 14 21
13 15 17
14 16 2
11 15 7
5 14 18
20 17 10
20 5 6
19 8 18
23 24 13
24 25 0
21 27 4
21 22 26
22 30 3
24 28 32
23 29 32
26 29 30
27 28 31
25 28 33
29 33 1
26 27 33
30 31 32
41
{[8, 5, 4, 3, 0]}
{[16, 13, 12, 11, 10]}
34
12 8 31
4 3 26
12 15 9
1 9 33
1 6 32
19 7 17
19 4 10
5 8 16
0 7 20
10 2 3
6 9 18
12 13 16
11 0 2
11 14 27
13 15 17
14 16 2
11 15 7
5 14 18
20 17 10
20 5 6
19 8 18
23 24 25
23 26 27
21 22 28
21 27 30
21 26 29
22 25 1
22 24 13
23 29 30
25 28 32
24 28 31
30 33 0
29 33 4
31 32 3
42
{[8, 5, 4, 3, 0]}
{[17, 16, 14, 12, 10]}
34
12 8 33
4 3 27
12 15 9
1 9 32
1 6 31
19 7 17
19 4 10
5 8 16
0 7 20
10 2 3
6 9 18
12 13 16
11 0 2
11 14 30
13 15 17
14 16 2
11 15 7
5 14 18
20 17 10
20 5 6
19 8 18
23 24 25
23 26 27
21 22 28
21 27 30
21 26 29
22 25 31
22 24 1
23 29 30
25 28 33
24 28 13
26 32 4
31 33 3
29 32 0
43
{[8, 5, 4, 3, 0]}
{[16, 13, 12, 11, 10]}
34
12 8 26
4 3 31
12 15 9
1 9 27
1 6 32
19 7 17
19 4 10
5 8 16
0 7 20
10 2 3
6 9 18
12 13 16
11 0 2
11 14 33
13 15 17
14 16 2
11 15 7
5 14 18
20 17 10
20 5 6
19 8 18
23 24 25
23 26 27
21 22 28
21 27 30
21 26 29
22 25 0
22 24 3
23 29 30
25 28 32
24 28 31
30 33 1
29 33 4
31 32 13
44
{[8, 5, 4, 3, 0]}
{[17, 16, 14, 12, 10]}
34
12 8 27
4 3 33
12 15 9
1 9 30
1 6 31
19 7 17
19 4 10
5 8 16
0 7 20
10 2 3
6 9 18
12 13 16
11 0 2
11 14 32
13 15 17
14 16 2
11 15 7
5 14 18
20 17 10
20 5 6
19 8 18
23 24 25
23 26 27
21 22 28
21 27 30
21 26 29
22 25 31
22 24 0
23 29 30
25 28 33
24 28 3
26 32 4
31 33 13
29 32 1
45
{[8, 5, 4, 3, 0]}
{[17, 16, 15, 13, 11]}
34
12 8 29
4 3 31
12 15 9
1 9 26
1 6 33
19 7 17
19 4 10
5 8 16
0 7 20
10 2 3
6 9 18
12 13 16
11 0 2
11 14 32
13 15 17
14 16 2
11 15 7
5 14 18
20 17 10
20 5 6
19 8 18
23 24 25
23 26 27
21 22 28
21 27 30
21 26 29
22 25 3
22 24 31
23 29 30
25 28 0
24 28 33
27 32 1
31 33 13
30 32 4
46
{[8, 5, 4, 3, 0]}
{[17, 16, 15, 13, 11]}
34
12 8 31
4 3 29
12 15 9
1 9 32
1 6 33
19 7 17
19 4 10
5 8 16
0 7 20
10 2 3
6 9 18
12 13 16
11 0 2
11 14 26
13 15 17
14 16 2
11 15 7
5 14 18
20 17 10
20 5 6
19 8 18
23 24 25
23 26 27
21 22 28
21 27 30
21 26 29
22 25 13
22 24 31
23 29 30
25 28 1
24 28 33
27 32 0
31 33 3
30 32 4
47
{[8, 5, 4, 3, 0]}
{[17, 15, 14, 13, 12]}
34
12 8 30
4 3 32
12 15 9
1 9 29
1 6 31
19 7 17
19 4 10
5 8 16
0 7 20
10 2 3
6 9 18
12 13 16
11 0 2
11 14 33
13 15 17
14 16 2
11 15 7
5 14 18
20 17 10
20 5 6
19 8 18
23 24 25
23 26 27
21 22 28
21 27 30
21 26 29
22 25 32
22 24 31
23 29 30
25 28 3
24 28 0
27 33 4
26 33 1
31 32 13
48
{[8, 5, 4, 3, 0]}
{[17, 15, 14, 13, 12]}
34
12 8 32
4 3 30
12 15 9
1 9 33
1 6 31
19 7 17
19 4 10
5 8 16
0 7 20
10 2 3
6 9 18
12 13 16
11 0 2
11 14 29
13 15 17
14 16 2
11 15 7
5 14 18
20 17 10
20 5 6
19 8 18
23 24 25
23 26 27
21 22 28
21 27 30
21 26 29
22 25 32
22 24 31
23 29 30
25 28 13
24 28 1
27 33 4
26 33 0
31 32 3
49
{[9, 8, 4, 2, 0]}
{[5, 4, 2, 1, 0]}
34
12 2 8
2 4 27
0 1 24
12 15 9
1 9 22
19 7 17
19 10 21
5 8 16
0 7 20
10 3 4
6 9 18
12 13 16
11 0 3
11 14 23
13 15 17
14 16 3
11 15 7
5 14 18
20 17 10
20 5 6
19 8 18
22 25 6
21 26 4
24 25 13
23 31 2
21 23 30
22 28 32
29 32 1
26 29 30
27 28 31
25 28 33
24 29 33
26 27 33
30 31 32
50
{[9, 8, 4, 2, 0]}
{[6, 3, 2, 1, 0]}
34
12 2 8
2 4 21
0 1 23
12 15 9
1 9 25
19 7 17
19 10 22
5 8 16
0 7 20
10 3 4
6 9 18
12 13 16
11 0 3
11 14 26
13 15 17
14 16 3
11 15 7
5 14 18
20 17 10
20 5 6
19 8 18
22 24 1
21 27 6
24 25 2
21 23 31
23 30 4
28 32 13
22 29 32
26 29 30
27 28 31
25 28 33
24 29 33
26 27 33
30 31 32
51
{[9, 8, 4, 2, 0]}
{[8, 7, 4, 2, 0]}
34
12 2 8
2 4 22
0 1 21
12 15 9
1 9 23
19 7 17
19 10 25
5 8 16
0 7 20
10 3 4
6 9 18
12 13 16
11 0 3
11 14 31
13 15 17
14 16 3
11 15 7
5 14 18
20 17 10
20 5 6
19 8 18
23 24 2
24 25 1
21 27 4
21 22 26
22 30 6
24 28 32
23 29 32
26 29 30
27 28 31
25 28 33
29 33 13
26 27 33
30 31 32
52
{[9, 8, 4, 2, 0]}
{[9, 7, 3, 2, 0]}
34
12 2 8
2 4 30
0 1 24
12 15 9
1 9 25
19 7 17
19 10 22
5 8 16
0 7 20
10 3 4
6 9 18
12 13 16
11 0 3
11 14 21
13 15 17
14 16 3
11 15 7
5 14 18
20 17 10
20 5 6
19 8 18
23 24 13
23 25 6
21 22 27
21 26 2
22 31 4
24 28 32
23 29 32
26 29 30
27 28 31
28 33 1
25 29 33
26 27 33
30 31 32
53
{[9, 8, 4, 2, 0]}
{[6, 3, 2, 1, 0]}
34
12 2 8
2 4 26
0 1 22
12 15 9
1 9 25
19 7 17
19 10 23
5 8 16
0 7 20
10 3 4
6 9 18
12 13 16
11 0 3
11 14 21
13 15 17
14 16 3
11 15 7
5 14 18
20 17 10
20 5 6
19 8 18
22 24 13
21 27 2
24 25 6
21 23 31
23 30 4
28 32 1
22 29 32
26 29 30
27 28 31
25 28 33
24 29 33
26 27 33
30 31 32
54
{[9, 8, 4, 2, 0]}
{[9, 7, 3, 2, 0]}
34
12 2 8
2 4 21
0 1 22
12 15 9
1 9 25
19 7 17
19 10 24
5 8 16
0 7 20
10 3 4
6 9 18
12 13 16
11 0 3
11 14 30
13 15 17
14 16 3
11 15 7
5 14 18
20 17 10
20 5 6
19 8 18
23 24 1
23 25 2
21 22 27
21 26 6
22 31 4
24 28 32
23 29 32
26 29 30
27 28 31
28 33 13
25 29 33
26 27 33
30 31 32
55
{[9, 8, 4, 2, 0]}
{[5, 4, 2, 1, 0]}
34
12 2 8
2 4 23
0 1 21
12 15 9
1 9 22
19 7 17
19 10 24
5 8 16
0 7 20
10 3 4
6 9 18
12 13 16
11 0 3
11 14 27
13 15 17
14 16 3
11 15 7
5 14 18
20 17 10
20 5 6
19 8 18
22 25 2
21 26 4
24 25 1
23 31 6
21 23 30
22 28 32
29 32 13
26 29 30
27 28 31
25 28 33
24 29 33
26 27 33
30 31 32
56
{[9, 8, 4, 2, 0]}
{[8, 7, 4, 2, 0]}
34
12 2 8
2 4 31
0 1 25
12 15 9
1 9 23
19 7 17
19 10 21
5 8 16
0 7 20
10 3 4
6 9 18
12 13 16
11 0 3
11 14 22
13 15 17
14 16 3
11 15 7
5 14 18
20 17 10
20 5 6
19 8 18
23 24 6
24 25 13
21 27 4
21 22 26
22 30 2
24 28 32
23 29 32
26 29 30
27 28 31
25 28 33
29 33 1
26 27 33
30 31 32
57
{[9, 8, 4, 2, 0]}
{[16, 13, 12, 11, 10]}
34
12 2 8
2 4 26
0 1 33
12 15 9
1 9 32
19 7 17
19 10 27
5 8 16
0 7 20
10 3 4
6 9 18
12 13 16
11 0 3
11 14 31
13 15 17
14 16 3
11 15 7
5 14 18
20 17 10
20 5 6
19 8 18
23 24 25
23 26 27
21 22 28
21 27 30
21 26 29
22 25 1
22 24 6
23 29 30
25 28 32
24 28 31
30 33 13
29 33 4
31 32 2
58
{[9, 8, 4, 2, 0]}
{[17, 16, 14, 12, 10]}
34
12 2 8
2 4 27
0 1 32
12 15 9
1 9 31
19 7 17
19 10 30
5 8 16
0 7 20
10 3 4
6 9 18
12 13 16
11 0 3
11 14 33
13 15 17
14 16 3
11 15 7
5 14 18
20 17 10
20 5 6
19 8 18
23 24 25
23 26 27
21 22 28
21 27 30
21 26 29
22 25 31
22 24 1
23 29 30
25 28 33
24 28 6
26 32 4
31 33 2
29 32 13
59
{[9, 8, 4, 2, 0]}
{[16, 13, 12, 11, 10]}
34
12 2 8
2 4 31
0 1 27
12 15 9
1 9 32
19 7 17
19 10 33
5 8 16
0 7 20
10 3 4
6 9 18
12 13 16
11 0 3
11 14 26
13 15 17
14 16 3
11 15 7
5 14 18
20 17 10
20 5 6
19 8 18
23 24 25
23 26 27
21 22 28
21 27 30
21 26 29
22 25 13
22 24 2
23 29 30
25 28 32
24 28 31
30 33 1
29 33 4
31 32 6
60
{[9, 8, 4, 2, 0]}
{[17, 16, 14, 12, 10]}
34
12 2 8
2 4 33
0 1 30
12 15 9
1 9 31
19 7 17
19 10 32
5 8 16
0 7 20
10 3 4
6 9 18
12 13 16
11 0 3
11 14 27
13 15 17
14 16 3
11 15 7
5 14 18
20 17 10
20 5 6
19 8 18
23 24 25
23 26 27
21 22 28
21 27 30
21 26 29
22 25 31
22 24 13
23 29 30
25 28 33
24 28 2
26 32 4
31 33 6
29 32 1
61
{[9, 8, 4, 2, 0]}
{[17, 16, 15, 13, 11]}
34
12 2 8
2 4 31
0 1 26
12 15 9
1 9 33
19 7 17
19 10 32
5 8 16
0 7 20
10 3 4
6 9 18
12 13 16
11 0 3
11 14 29
13 15 17
14 16 3
11 15 7
5 14 18
20 17 10
20 5 6
19 8 18
23 24 25
23 26 27
21 22 28
21 27 30
21 26 29
22 25 2
22 24 31
23 29 30
25 28 13
24 28 33
27 32 1
31 33 6
30 32 4
62
{[9, 8, 4, 2, 0]}
{[17, 16, 15, 13, 11]}
34
12 2 8
2 4 29
0 1 32
12 15 9
1 9 33
19 7 17
19 10 26
5 8 16
0 7 20
10 3 4
6 9 18
12 13 16
11 0 3
11 14 31
13 15 17
14 16 3
11 15 7
5 14 18
20 17 10
20 5 6
19 8 18
23 24 25
23 26 27
21 22 28
21 27 30
21 26 29
22 25 6
22 24 31
23 29 30
25 28 1
24 28 33
27 32 13
31 33 2
30 32 4
63
{[9, 8, 4, 2, 0]}
{[17, 15, 14, 13, 12]}
34
12 2 8
2 4 32
0 1 29
12 15 9
1 9 31
19 7 17
19 10 33
5 8 16
0 7 20
10 3 4
6 9 18
12 13 16
11 0 3
11 14 30
13 15 17
14 16 3
11 15 7
5 14 18
20 17 10
20 5 6
19 8 18
23 24 25
23 26 27
21 22 28
21 27 30
21 26 29
22 25 32
22 24 31
23 29 30
25 28 2
24 28 13
27 33 4
26 33 1
31 32 6
64
{[9, 8, 4, 2, 0]}
{[17, 15, 14, 13, 12]}
34
12 2 8
2 4 30
0 1 33
12 15 9
1 9 31
19 7 17
19 10 29
5 8 16
0 7 20
10 3 4
6 9 18
12 13 16
11 0 3
11 14 32
13 15 17
14 16 3
11 15 7
5 14 18
20 17 10
20 5 6
19 8 18
23 24 25
23 26 27
21 22 28
21 27 30
21 26 29
22 25 32
22 24 31
23 29 30
25 28 6
24 28 1
27 33 4
26 33 13
31 32 2
65
{[7, 5, 4, 3, 2]}
{[5, 4, 2, 1, 0]}
34
3 13 22
12 8 24
12 15 9
0 4 23
3 6 21
19 7 17
19 4 10
5 8 16
1 7 20
10 2 27
6 9 18
12 13 16
11 1 2
0 11 14
13 15 17
14 16 2
11 15 7
5 14 18
20 17 10
20 5 6
19 8 18
22 25 4
21 26 0
24 25 3
23 31 1
21 23 30
22 28 32
29 32 9
26 29 30
27 28 31
25 28 33
24 29 33
26 27 33
30 31 32
66
{[7, 5, 4, 3, 2]}
{[6, 3, 2, 1, 0]}
34
3 13 25
12 8 23
12 15 9
0 4 26
3 6 22
19 7 17
19 4 10
5 8 16
1 7 20
10 2 21
6 9 18
12 13 16
11 1 2
0 11 14
13 15 17
14 16 2
11 15 7
5 14 18
20 17 10
20 5 6
19 8 18
22 24 9
21 27 4
24 25 1
21 23 31
23 30 0
28 32 3
22 29 32
26 29 30
27 28 31
25 28 33
24 29 33
26 27 33
30 31 32
67
{[7, 5, 4, 3, 2]}
{[8, 7, 4, 2, 0]}
34
3 13 23
12 8 21
12 15 9
0 4 31
3 6 25
19 7 17
19 4 10
5 8 16
1 7 20
10 2 22
6 9 18
12 13 16
11 1 2
0 11 14
13 15 17
14 16 2
11 15 7
5 14 18
20 17 10
20 5 6
19 8 18
23 24 1
24 25 9
21 27 0
21 22 26
22 30 4
24 28 32
23 29 32
26 29 30
27 28 31
25 28 33
29 33 3
26 27 33
30 31 32
68
{[7, 5, 4, 3, 2]}
{[9, 7, 3, 2, 0]}
34
3 13 25
12 8 24
12 15 9
0 4 21
3 6 22
19 7 17
19 4 10
5 8 16
1 7 20
10 2 30
6 9 18
12 13 16
11 1 2
0 11 14
13 15 17
14 16 2
11 15 7
5 14 18
20 17 10
20 5 6
19 8 18
23 24 3
23 25 4
21 22 27
21 26 1
22 31 0
24 28 32
23 29 32
26 29 30
27 28 31
28 33 9
25 29 33
26 27 33
30 31 32
69
{[7, 5, 4, 3, 2]}
{[6, 3, 2, 1, 0]}
34
3 13 25
12 8 22
12 15 9
0 4 21
3 6 23
19 7 17
19 4 10
5 8 16
1 7 20
10 2 26
6 9 18
12 13 16
11 1 2
0 11 14
13 15 17
14 16 2
11 15 7
5 14 18
20 17 10
20 5 6
19 8 18
22 24 3
21 27 1
24 25 4
21 23 31
23 30 0
28 32 9
22 29 32
26 29 30
27 28 31
25 28 33
24 29 33
26 27 33
30 31 32
70
{[7, 5, 4, 3, 2]}
{[9, 7, 3, 2, 0]}
34
3 13 25
12 8 22
12 15 9
0 4 30
3 6 24
19 7 17
19 4 10
5 8 16
1 7 20
10 2 21
6 9 18
12 13 16
11 1 2
0 11 14
13 15 17
14 16 2
11 15 7
5 14 18
20 17 10
20 5 6
19 8 18
23 24 9
23 25 1
21 22 27
21 26 4
22 31 0
24 28 32
23 29 32
26 29 30
27 28 31
28 33 3
25 29 33
26 27 33
30 31 32
71
{[7, 5, 4, 3, 2]}
{[5, 4, 2, 1, 0]}
34
3 13 22
12 8 21
12 15 9
0 4 27
3 6 24
19 7 17
19 4 10
5 8 16
1 7 20
10 2 23
6 9 18
12 13 16
11 1 2
0 11 14
13 15 17
14 16 2
11 15 7
5 14 18
20 17 10
20 5 6
19 8 18
22 25 1
21 26 0
24 25 9
23 31 4
21 23 30
22 28 32
29 32 3
26 29 30
27 28 31
25 28 33
24 29 33
26 27 33
30 31 32
72
{[7, 5, 4, 3, 2]}
{[8, 7, 4, 2, 0]}
34
3 13 23
12 8 25
12 15 9
0 4 22
3 6 21
19 7 17
19 4 10
5 8 16
1 7 20
10 2 31
6 9 18
12 13 16
11 1 2
0 11 14
13 15 17
14 16 2
11 15 7
5 14 18
20 17 10
20 5 6
19 8 18
23 24 4
24 25 3
21 27 0
21 22 26
22 30 1
24 28 32
23 29 32
26 29 30
27 28 31
25 28 33
29 33 9
26 27 33
30 31 32
73
{[7, 5, 4, 3, 2]}
{[16, 13, 12, 11, 10]}
34
3 13 32
12 8 33
12 15 9
0 4 31
3 6 27
19 7 17
19 4 10
5 8 16
1 7 20
10 2 26
6 9 18
12 13 16
11 1 2
0 11 14
13 15 17
14 16 2
11 15 7
5 14 18
20 17 10
20 5 6
19 8 18
23 24 25
23 26 27
21 22 28
21 27 30
21 26 29
22 25 9
22 24 4
23 29 30
25 28 32
24 28 31
30 33 3
29 33 0
31 32 1
74
{[7, 5, 4, 3, 2]}
{[17, 16, 14, 12, 10]}
34
3 13 31
12 8 32
12 15 9
0 4 33
3 6 30
19 7 17
19 4 10
5 8 16
1 7 20
10 2 27
6 9 18
12 13 16
11 1 2
0 11 14
13 15 17
14 16 2
11 15 7
5 14 18
20 17 10
20 5 6
19 8 18
23 24 25
23 26 27
21 22 28
21 27 30
21 26 29
22 25 31
22 24 9
23 29 30
25 28 33
24 28 4
26 32 0
31 33 1
29 32 3
75
{[7, 5, 4, 3, 2]}
{[16, 13, 12, 11, 10]}
34
3 13 32
12 8 27
12 15 9
0 4 26
3 6 33
19 7 17
19 4 10
5 8 16
1 7 20
10 2 31
6 9 18
12 13 16
11 1 2
0 11 14
13 15 17
14 16 2
11 15 7
5 14 18
20 17 10
20 5 6
19 8 18
23 24 25
23 26 27
21 22 28
21 27 30
21 26 29
22 25 3
22 24 1
23 29 30
25 28 32
24 28 31
30 33 9
29 33 0
31 32 4
76
{[7, 5, 4, 3, 2]}
{[17, 16, 14, 12, 10]}
34
3 13 31
12 8 30
12 15 9
0 4 27
3 6 32
19 7 17
19 4 10
5 8 16
1 7 20
10 2 33
6 9 18
12 13 16
11 1 2
0 11 14
13 15 17
14 16 2
11 15 7
5 14 18
20 17 10
20 5 6
19 8 18
23 24 25
23 26 27
21 22 28
21 27 30
21 26 29
22 25 31
22 24 3
23 29 30
25 28 33
24 28 1
26 32 0
31 33 4
29 32 9
77
{[7, 5, 4, 3, 2]}
{[17, 16, 15, 13, 11]}
34
3 13 33
12 8 26
12 15 9
0 4 29
3 6 32
19 7 17
19 4 10
5 8 16
1 7 20
10 2 31
6 9 18
12 13 16
11 1 2
0 11 14
13 15 17
14 16 2
11 15 7
5 14 18
20 17 10
20 5 6
19 8 18
23 24 25
23 26 27
21 22 28
21 27 30
21 26 29
22 25 1
22 24 31
23 29 30
25 28 3
24 28 33
27 32 9
31 33 4
30 32 0
78
{[7, 5, 4, 3, 2]}
{[17, 16, 15, 13, 11]}
34
3 13 33
12 8 32
12 15 9
0 4 31
3 6 26
19 7 17
19 4 10
5 8 16
1 7 20
10 2 29
6 9 18
12 13 16
11 1 2
0 11 14
13 15 17
14 16 2
11 15 7
5 14 18
20 17 10
20 5 6
19 8 18
23 24 25
23 26 27
21 22 28
21 27 30
21 26 29
22 25 4
22 24 31
23 29 30
25 28 9
24 28 33
27 32 3
31 33 1
30 32 0
79
{[7, 5, 4, 3, 2]}
{[17, 15, 14, 13, 12]}
34
3 13 31
12 8 29
12 15 9
0 4 30
3 6 33
19 7 17
19 4 10
5 8 16
1 7 20
10 2 32
6 9 18
12 13 16
11 1 2
0 11 14
13 15 17
14 16 2
11 15 7
5 14 18
20 17 10
20 5 6
19 8 18
23 24 25
23 26 27
21 22 28
21 27 30
21 26 29
22 25 32
22 24 31
23 29 30
25 28 1
24 28 3
27 33 0
26 33 9
31 32 4
80
{[7, 5, 4, 3, 2]}
{[17, 15, 14, 13, 12]}
34
3 13 31
12 8 33
12 15 9
0 4 32
3 6 29
19 7 17
19 4 10
5 8 16
1 7 20
10 2 30
6 9 18
12 13 16
11 1 2
0 11 14
13 15 17
14 16 2
11 15 7
5 14 18
20 17 10
20 5 6
19 8 18
23 24 25
23 26 27
21 22 28
21 27 30
21 26 29
22 25 32
22 24 31
23 29 30
25 28 4
24 28 9
27 33 0
26 33 3
31 32 1
81
{[7, 5, 4, 3, 2]}
{[5, 4, 2, 1, 0]}
34
3 13 22
12 8 21
12 15 9
0 4 27
3 6 24
19 7 17
19 4 10
5 8 16
1 7 20
10 2 23
6 9 18
12 13 16
11 1 2
0 11 14
13 15 17
14 16 2
11 15 7
5 14 18
20 17 10
20 5 6
19 8 18
22 25 1
21 26 0
24 25 9
23 31 4
21 23 30
22 28 32
29 32 3
26 29 30
27 28 31
25 28 33
24 29 33
26 27 33
30 31 32
82
{[7, 5, 4, 3, 2]}
{[6, 3, 2, 1, 0]}
34
3 13 25
12 8 22
12 15 9
0 4 21
3 6 23
19 7 17
19 4 10
5 8 16
1 7 20
10 2 26
6 9 18
12 13 16
11 1 2
0 11 14
13 15 17
14 16 2
11 15 7
5 14 18
20 17 10
20 5 6
19 8 18
22 24 3
21 27 1
24 25 4
21 23 31
23 30 0
28 32 9
22 29 32
26 29 30
27 28 31
25 28 33
24 29 33
26 27 33
30 31 32
83
{[7, 5, 4, 3, 2]}
{[8, 7, 4, 2, 0]}
34
3 13 23
12 8 25
12 15 9
0 4 22
3 6 21
19 7 17
19 4 10
5 8 16
1 7 20
10 2 31
6 9 18
12 13 16
11 1 2
0 11 14
13 15 17
14 16 2
11 15 7
5 14 18
20 17 10
20 5 6
19 8 18
23 24 4
24 25 3
21 27 0
21 22 26
22 30 1
24 28 32
23 29 32
26 29 30
27 28 31
25 28 33
29 33 9
26 27 33
30 31 32
84
{[7, 5, 4, 3, 2]}
{[9, 7, 3, 2, 0]}
34
3 13 25
12 8 22
12 15 9
0 4 30
3 6 24
19 7 17
19 4 10
5 8 16
1 7 20
10 2 21
6 9 18
12 13 16
11 1 2
0 11 14
13 15 17
14 16 2
11 15 7
5 14 18
20 17 10
20 5 6
19 8 18
23 24 9
23 25 1
21 22 27
21 26 4
22 31 0
24 28 32
23 29 32
26 29 30
27 28 31
28 33 3
25 29 33
26 27 33
30 31 32
85
{[7, 5, 4, 3, 2]}
{[6, 3, 2, 1, 0]}
34
3 13 25
12 8 23
12 15 9
0 4 26
3 6 22
19 7 17
19 4 10
5 8 16
1 7 20
10 2 21
6 9 18
12 13 16
11 1 2
0 11 14
13 15 17
14 16 2
11 15 7
5 14 18
20 17 10
20 5 6
19 8 18
22 24 9
21 27 4
24 25 1
21 23 31
23 30 0
28 32 3
22 29 32
26 29 30
27 28 31
25 28 33
24 29 33
26 27 33
30 31 32
86
{[7, 5, 4, 3, 2]}
{[9, 7, 3, 2, 0]}
34
3 13 25
12 8 24
12 15 9
0 4 21
3 6 22
19 7 17
19 4 10
5 8 16
1 7 20
10 2 30
6 9 18
12 13 16
11 1 2
0 11 14
13 15 17
14 16 2
11 15 7
5 14 18
20 17 10
20 5 6
19 8 18
23 24 3
23 25 4
21 22 27
21 26 1
22 31 0
24 28 32
23 29 32
26 29 30
27 28 31
28 33 9
25 29 33
26 27 33
30 31 32
87
{[7, 5, 4, 3, 2]}
{[5, 4, 2, 1, 0]}
34
3 13 22
12 8 24
12 15 9
0 4 23
3 6 21
19 7 17
19 4 10
5 8 16
1 7 20
10 2 27
6 9 18
12 13 16
11 1 2
0 11 14
13 15 17
14 16 2
11 15 7
5 14 18
20 17 10
20 5 6
19 8 18
22 25 4
21 26 0
24 25 3
23 31 1
21 23 30
22 28 32
29 32 9
26 29 30
27 28 31
25 28 33
24 29 33
26 27 33
30 31 32
88
{[7, 5, 4, 3, 2]}
{[8, 7, 4, 2, 0]}
34
3 13 23
12 8 21
12 15 9
0 4 31
3 6 25
19 7 17
19 4 10
5 8 16
1 7 20
10 2 22
6 9 18
12 13 16
11 1 2
0 11 14
13 15 17
14 16 2
11 15 7
5 14 18
20 17 10
20 5 6
19 8 18
23 24 1
24 25 9
21 27 0
21 22 26
22 30 4
24 28 32
23 29 32
26 29 30
27 28 31
25 28 33
29 33 3
26 27 33
30 31 32
89
{[7, 5, 4, 3, 2]}
{[16, 13, 12, 11, 10]}
34
3 13 32
12 8 27
12 15 9
0 4 26
3 6 33
19 7 17
19 4 10
5 8 16
1 7 20
10 2 31
6 9 18
12 13 16
11 1 2
0 11 14
13 15 17
14 16 2
11 15 7
5 14 18
20 17 10
20 5 6
19 8 18
23 24 25
23 26 27
21 22 28
21 27 30
21 26 29
22 25 3
22 24 1
23 29 30
25 28 32
24 28 31
30 33 9
29 33 0
31 32 4
90
{[7, 5, 4, 3, 2]}
{[17, 16, 14, 12, 10]}
34
3 13 31
12 8 30
12 15 9
0 4 27
3 6 32
19 7 17
19 4 10
5 8 16
1 7 20
10 2 33
6 9 18
12 13 16
11 1 2
0 11 14
13 15 17
14 16 2
11 15 7
5 14 18
20 17 10
20 5 6
19 8 18
23 24 25
23 26 27
21 22 28
21 27 30
21 26 29
22 25 31
22 24 3
23 29 30
25 28 33
24 28 1
26 32 0
31 33 4
29 32 9
91
{[7, 5, 4, 3, 2]}
{[16, 13, 12, 11, 10]}
34
3 13 32
12 8 33
12 15 9
0 4 31
3 6 27
19 7 17
19 4 10
5 8 16
1 7 20
10 2 26
6 9 18
12 13 16
11 1 2
0 11 14
13 15 17
14 16 2
11 15 7
5 14 18
20 17 10
20 5 6
19 8 18
23 24 25
23 26 27
21 22 28
21 27 30
21 26 29
22 25 9
22 24 4
23 29 30
25 28 32
24 28 31
30 33 3
29 33 0
31 32 1
92
{[7, 5, 4, 3, 2]}
{[17, 16, 14, 12, 10]}
34
3 13 31
12 8 32
12 15 9
0 4 33
3 6 30
19 7 17
19 4 10
5 8 16
1 7 20
10 2 27
6 9 18
12 13 16
11 1 2
0 11 14
13 15 17
14 16 2
11 15 7
5 14 18
20 17 10
20 5 6
19 8 18
23 24 25
23 26 27
21 22 28
21 27 30
21 26 29
22 25 31
22 24 9
23 29 30
25 28 33
24 28 4
26 32 0
31 33 1
29 32 3
93
{[7, 5, 4, 3, 2]}
{[17, 16, 15, 13, 11]}
34
3 13 33
12 8 32
12 15 9
0 4 31
3 6 26
19 7 17
19 4 10
5 8 16
1 7 20
10 2 29
6 9 18
12 13 16
11 1 2
0 11 14
13 15 17
14 16 2
11 15 7
5 14 18
20 17 10
20 5 6
19 8 18
23 24 25
23 26 27
21 22 28
21 27 30
21 26 29
22 25 4
22 24 31
23 29 30
25 28 9
24 28 33
27 32 3
31 33 1
30 32 0
94
{[7, 5, 4, 3, 2]}
{[17, 16, 15, 13, 11]}
34
3 13 33
12 8 26
12 15 9
0 4 29
3 6 32
19 7 17
19 4 10
5 8 16
1 7 20
10 2 31
6 9 18
12 13 16
11 1 2
0 11 14
13 15 17
14 16 2
11 15 7
5 14 18
20 17 10
20 5 6
19 8 18
23 24 25
23 26 27
21 22 28
21 27 30
21 26 29
22 25 1
22 24 31
23 29 30
25 28 3
24 28 33
27 32 9
31 33 4
30 32 0
95
{[7, 5, 4, 3, 2]}
{[17, 15, 14, 13, 12]}
34
3 13 31
12 8 33
12 15 9
0 4 32
3 6 29
19 7 17
19 4 10
5 8 16
1 7 20
10 2 30
6 9 18
12 13 16
11 1 2
0 11 14
13 15 17
14 16 2
11 15 7
5 14 18
20 17 10
20 5 6
19 8 18
23 24 25
23 26 27
21 22 28
21 27 30
21 26 29
22 25 32
22 24 31
23 29 30
25 28 4
24 28 9
27 33 0
26 33 3
31 32 1
96
{[7, 5, 4, 3, 2]}
{[17, 15, 14, 13, 12]}
34
3 13 31
12 8 29
12 15 9
0 4 30
3 6 33
19 7 17
19 4 10
5 8 16
1 7 20
10 2 32
6 9 18
12 13 16
11 1 2
0 11 14
13 15 17
14 16 2
11 15 7
5 14 18
20 17 10
20 5 6
19 8 18
23 24 25
23 26 27
21 22 28
21 27 30
21 26 29
22 25 32
22 24 31
23 29 30
25 28 1
24 28 3
27 33 0
26 33 9
31 32 4
97
{[9, 8, 7, 3, 2]}
{[5, 4, 2, 1, 0]}
34
13 2 24
12 3 8
0 3 27
1 2 22
12 15 9
19 7 17
19 10 23
5 8 16
1 7 20
10 4 21
6 9 18
12 13 16
11 1 4
0 11 14
13 15 17
14 16 4
11 15 7
5 14 18
20 17 10
20 5 6
19 8 18
22 25 9
21 26 3
24 25 6
23 31 0
21 23 30
22 28 32
29 32 2
26 29 30
27 28 31
25 28 33
24 29 33
26 27 33
30 31 32
98
{[9, 8, 7, 3, 2]}
{[6, 3, 2, 1, 0]}
34
13 2 23
12 3 8
0 3 21
1 2 25
12 15 9
19 7 17
19 10 26
5 8 16
1 7 20
10 4 22
6 9 18
12 13 16
11 1 4
0 11 14
13 15 17
14 16 4
11 15 7
5 14 18
20 17 10
20 5 6
19 8 18
22 24 2
21 27 9
24 25 0
21 23 31
23 30 3
28 32 6
22 29 32
26 29 30
27 28 31
25 28 33
24 29 33
26 27 33
30 31 32
99
{[9, 8, 7, 3, 2]}
{[8, 7, 4, 2, 0]}
34
13 2 21
12 3 8
0 3 22
1 2 23
12 15 9
19 7 17
19 10 31
5 8 16
1 7 20
10 4 25
6 9 18
12 13 16
11 1 4
0 11 14
13 15 17
14 16 4
11 15 7
5 14 18
20 17 10
20 5 6
19 8 18
23 24 0
24 25 2
21 27 3
21 22 26
22 30 9
24 28 32
23 29 32
26 29 30
27 28 31
25 28 33
29 33 6
26 27 33
30 31 32
100
{[9, 8, 7, 3, 2]}
{[9, 7, 3, 2, 0]}
34
13 2 24
12 3 8
0 3 30
1 2 25
12 15 9
19 7 17
19 10 21
5 8 16
1 7 20
10 4 22
6 9 18
12 13 16
11 1 4
0 11 14
13 15 17
14 16 4
11 15 7
5 14 18
20 17 10
20 5 6
19 8 18
23 24 6
23 25 9
21 22 27
21 26 0
22 31 3
24 28 32
23 29 32
26 29 30
27 28 31
28 33 2
25 29 33
26 27 33
30 31 32
101
{[9, 8, 7, 3, 2]}
{[6, 3, 2, 1, 0]}
34
13 2 22
12 3 8
0 3 26
1 2 25
12 15 9
19 7 17
19 10 21
5 8 16
1 7 20
10 4 23
6 9 18
12 13 16
11 1 4
0 11 14
13 15 17
14 16 4
11 15 7
5 14 18
20 17 10
20 5 6
19 8 18
22 24 6
21 27 0
24 25 9
21 23 31
23 30 3
28 32 2
22 29 32
26 29 30
27 28 31
25 28 33
24 29 33
26 27 33
30 31 32
102
{[9, 8, 7, 3, 2]}
{[9, 7, 3, 2, 0]}
34
13 2 22
12 3 8
0 3 21
1 2 25
12 15 9
19 7 17
19 10 30
5 8 16
1 7 20
10 4 24
6 9 18
12 13 16
11 1 4
0 11 14
13 15 17
14 16 4
11 15 7
5 14 18
20 17 10
20 5 6
19 8 18
23 24 2
23 25 0
21 22 27
21 26 9
22 31 3
24 28 32
23 29 32
26 29 30
27 28 31
28 33 6
25 29 33
26 27 33
30 31 32
103
{[9, 8, 7, 3, 2]}
{[5, 4, 2, 1, 0]}
34
13 2 21
12 3 8
0 3 23
1 2 22
12 15 9
19 7 17
19 10 27
5 8 16
1 7 20
10 4 24
6 9 18
12 13 16
11 1 4
0 11 14
13 15 17
14 16 4
11 15 7
5 14 18
20 17 10
20 5 6
19 8 18
22 25 0
21 26 3
24 25 2
23 31 9
21 23 30
22 28 32
29 32 6
26 29 30
27 28 31
25 28 33
24 29 33
26 27 33
30 31 32
104
{[9, 8, 7, 3, 2]}
{[8, 7, 4, 2, 0]}
34
13 2 25
12 3 8
0 3 31
1 2 23
12 15 9
19 7 17
19 10 22
5 8 16
1 7 20
10 4 21
6 9 18
12 13 16
11 1 4
0 11 14
13 15 17
14 16 4
11 15 7
5 14 18
20 17 10
20 5 6
19 8 18
23 24 9
24 25 6
21 27 3
21 22 26
22 30 0
24 28 32
23 29 32
26 29 30
27 28 31
25 28 33
29 33 2
26 27 33
30 31 32
105
{[9, 8, 7, 3, 2]}
{[16, 13, 12, 11, 10]}
34
13 2 33
12 3 8
0 3 26
1 2 32
12 15 9
19 7 17
19 10 31
5 8 16
1 7 20
10 4 27
6 9 18
12 13 16
11 1 4
0 11 14
13 15 17
14 16 4
11 15 7
5 14 18
20 17 10
20 5 6
19 8 18
23 24 25
23 26 27
21 22 28
21 27 30
21 26 29
22 25 2
22 24 9
23 29 30
25 28 32
24 28 31
30 33 6
29 33 3
31 32 0
106
{[9, 8, 7, 3, 2]}
{[17, 16, 14, 12, 10]}
34
13 2 32
12 3 8
0 3 27
1 2 31
12 15 9
19 7 17
19 10 33
5 8 16
1 7 20
10 4 30
6 9 18
12 13 16
11 1 4
0 11 14
13 15 17
14 16 4
11 15 7
5 14 18
20 17 10
20 5 6
19 8 18
23 24 25
23 26 27
21 22 28
21 27 30
21 26 29
22 25 31
22 24 2
23 29 30
25 28 33
24 28 9
26 32 3
31 33 0
29 32 6
107
{[9, 8, 7, 3, 2]}
{[16, 13, 12, 11, 10]}
34
13 2 27
12 3 8
0 3 31
1 2 32
12 15 9
19 7 17
19 10 26
5 8 16
1 7 20
10 4 33
6 9 18
12 13 16
11 1 4
0 11 14
13 15 17
14 16 4
11 15 7
5 14 18
20 17 10
20 5 6
19 8 18
23 24 25
23 26 27
21 22 28
21 27 30
21 26 29
22 25 6
22 24 0
23 29 30
25 28 32
24 28 31
30 33 2
29 33 3
31 32 9
108
{[9, 8, 7, 3, 2]}
{[17, 16, 14, 12, 10]}
34
13 2 30
12 3 8
0 3 33
1 2 31
12 15 9
19 7 17
19 10 27
5 8 16
1 7 20
10 4 32
6 9 18
12 13 16
11 1 4
0 11 14
13 15 17
14 16 4
11 15 7
5 14 18
20 17 10
20 5 6
19 8 18
23 24 25
23 26 27
21 22 28
21 27 30
21 26 29
22 25 31
22 24 6
23 29 30
25 28 33
24 28 0
26 32 3
31 33 9
29 32 2
109
{[9, 8, 7, 3, 2]}
{[17, 16, 15, 13, 11]}
34
13 2 26
12 3 8
0 3 31
1 2 33
12 15 9
19 7 17
19 10 29
5 8 16
1 7 20
10 4 32
6 9 18
12 13 16
11 1 4
0 11 14
13 15 17
14 16 4
11 15 7
5 14 18
20 17 10
20 5 6
19 8 18
23 24 25
23 26 27
21 22 28
21 27 30
21 26 29
22 25 0
22 24 31
23 29 30
25 28 6
24 28 33
27 32 2
31 33 9
30 32 3
110
{[9, 8, 7, 3, 2]}
{[17, 16, 15, 13, 11]}
34
13 2 32
12 3 8
0 3 29
1 2 33
12 15 9
19 7 17
19 10 31
5 8 16
1 7 20
10 4 26
6 9 18
12 13 16
11 1 4
0 11 14
13 15 17
14 16 4
11 15 7
5 14 18
20 17 10
20 5 6
19 8 18
23 24 25
23 26 27
21 22 28
21 27 30
21 26 29
22 25 9
22 24 31
23 29 30
25 28 2
24 28 33
27 32 6
31 33 0
30 32 3
111
{[9, 8, 7, 3, 2]}
{[17, 15, 14, 13, 12]}
34
13 2 29
12 3 8
0 3 32
1 2 31
12 15 9
19 7 17
19 10 30
5 8 16
1 7 20
10 4 33
6 9 18
12 13 16
11 1 4
0 11 14
13 15 17
14 16 4
11 15 7
5 14 18
20 17 10
20 5 6
19 8 18
23 24 25
23 26 27
21 22 28
21 27 30
21 26 29
22 25 32
22 24 31
23 29 30
25 28 0
24 28 6
27 33 3
26 33 2
31 32 9
112
{[9, 8, 7, 3, 2]}
{[17, 15, 14, 13, 12]}
34
13 2 33
12 3 8
0 3 30
1 2 31
12 15 9
19 7 17
19 10 32
5 8 16
1 7 20
10 4 29
6 9 18
12 13 16
11 1 4
0 11 14
13 15 17
14 16 4
11 15 7
5 14 18
20 17 10
20 5 6
19 8 18
23 24 25
23 26 27
21 22 28
21 27 30
21 26 29
22 25 32
22 24 31
23 29 30
25 28 9
24 28 2
27 33 3
26 33 6
31 32 0
113
{[9, 8, 7, 3, 2]}
{[5, 4, 2, 1, 0]}
34
13 2 21
12 3 8
0 3 23
1 2 22
12 15 9
19 7 17
19 10 27
5 8 16
1 7 20
10 4 24
6 9 18
12 13 16
11 1 4
0 11 14
13 15 17
14 16 4
11 15 7
5 14 18
20 17 10
20 5 6
19 8 18
22 25 0
21 26 3
24 25 2
23 31 9
21 23 30
22 28 32
29 32 6
26 29 30
27 28 31
25 28 33
24 29 33
26 27 33
30 31 32
114
{[9, 8, 7, 3, 2]}
{[6, 3, 2, 1, 0]}
34
13 2 22
12 3 8
0 3 26
1 2 25
12 15 9
19 7 17
19 10 21
5 8 16
1 7 20
10 4 23
6 9 18
12 13 16
11 1 4
0 11 14
13 15 17
14 16 4
11 15 7
5 14 18
20 17 10
20 5 6
19 8 18
22 24 6
21 27 0
24 25 9
21 23 31
23 30 3
28 32 2
22 29 32
26 29 30
27 28 31
25 28 33
24 29 33
26 27 33
30 31 32
115
{[9, 8, 7, 3, 2]}
{[8, 7, 4, 2, 0]}
34
13 2 25
12 3 8
0 3 31
1 2 23
12 15 9
19 7 17
19 10 22
5 8 16
1 7 20
10 4 21
6 9 18
12 13 16
11 1 4
0 11 14
13 15 17
14 16 4
11 15 7
5 14 18
20 17 10
20 5 6
19 8 18
23 24 9
24 25 6
21 27 3
21 22 26
22 30 0
24 28 32
23 29 32
26 29 30
27 28 31
25 28 33
29 33 2
26 27 33
30 31 32
116
{[9, 8, 7, 3, 2]}
{[9, 7, 3, 2, 0]}
34
13 2 22
12 3 8
0 3 21
1 2 25
12 15 9
19 7 17
19 10 30
5 8 16
1 7 20
10 4 24
6 9 18
12 13 16
11 1 4
0 11 14
13 15 17
14 16 4
11 15 7
5 14 18
20 17 10
20 5 6
19 8 18
23 24 2
23 25 0
21 22 27
21 26 9
22 31 3
24 28 32
23 29 32
26 29 30
27 28 31
28 33 6
25 29 33
26 27 33
30 31 32
117
{[9, 8, 7, 3, 2]}
{[6, 3, 2, 1, 0]}
34
13 2 23
12 3 8
0 3 21
1 2 25
12 15 9
19 7 17
19 10 26
5 8 16
1 7 20
10 4 22
6 9 18
12 13 16
11 1 4
0 11 14
13 15 17
14 16 4
11 15 7
5 14 18
20 17 10
20 5 6
19 8 18
22 24 2
21 27 9
24 25 0
21 23 31
23 30 3
28 32 6
22 29 32
26 29 30
27 28 31
25 28 33
24 29 33
26 27 33
30 31 32
118
{[9, 8, 7, 3, 2]}
{[9, 7, 3, 2, 0]}
34
13 2 24
12 3 8
0 3 30
1 2 25
12 15 9
19 7 17
19 10 21
5 8 16
1 7 20
10 4 22
6 9 18
12 13 16
11 1 4
0 11 14
13 15 17
14 16 4
11 15 7
5 14 18
20 17 10
20 5 6
19 8 18
23 24 6
23 25 9
21 22 27
21 26 0
22 31 3
24 28 32
23 29 32
26 29 30
27 28 31
28 33 2
25 29 33
26 27 33
30 31 32
119
{[9, 8, 7, 3, 2]}
{[5, 4, 2, 1, 0]}
34
13 2 24
12 3 8
0 3 27
1 2 22
12 15 9
19 7 17
19 10 23
5 8 16
1 7 20
10 4 21
6 9 18
12 13 16
11 1 4
0 11 14
13 15 17
14 16 4
11 15 7
5 14 18
20 17 10
20 5 6
19 8 18
22 25 9
21 26 3
24 25 6
23 31 0
21 23 30
22 28 32
29 32 2
26 29 30
27 28 31
25 28 33
24 29 33
26 27 33
30 31 32
120
{[9, 8, 7, 3, 2]}
{[8, 7, 4, 2, 0]}
34
13 2 21
12 3 8
0 3 22
1 2 23
12 15 9
19 7 17
19 10 31
5 8 16
1 7 20
10 4 25
6 9 18
12 13 16
11 1 4
0 11 14
13 15 17
14 16 4
11 15 7
5 14 18
20 17 10
20 5 6
19 8 18
23 24 0
24 25 2
21 27 3
21 22 26
22 30 9
24 28 32
23 29 32
26 29 30
27 28 31
25 28 33
29 33 6
26 27 33
30 31 32
121
{[9, 8, 7, 3, 2]}
{[16, 13, 12, 11, 10]}
34
13 2 27
12 3 8
0 3 31
1 2 32
12 15 9
19 7 17
19 10 26
5 8 16
1 7 20
10 4 33
6 9 18
12 13 16
11 1 4
0 11 14
13 15 17
14 16 4
11 15 7
5 14 18
20 17 10
20 5 6
19 8 18
23 24 25
23 26 27
21 22 28
21 27 30
21 26 29
22 25 6
22 24 0
23 29 30
25 28 32
24 28 31
30 33 2
29 33 3
31 32 9
122
{[9, 8, 7, 3, 2]}
{[17, 16, 14, 12, 10]}
34
13 2 30
12 3 8
0 3 33
1 2 31
12 15 9
19 7 17
19 10 27
5 8 16
1 7 20
10 4 32
6 9 18
12 13 16
11 1 4
0 11 14
13 15 17
14 16 4
11 15 7
5 14 18
20 17 10
20 5 6
19 8 18
23 24 25
23 26 27
21 22 28
21 27 30
21 26 29
22 25 31
22 24 6
23 29 30
25 28 33
24 28 0
26 32 3
31 33 9
29 32 2
123
{[9, 8, 7, 3, 2]}
{[16, 13, 12, 11, 10]}
34
13 2 33
12 3 8
0 3 26
1 2 32
12 15 9
19 7 17
19 10 31
5 8 16
1 7 20
10 4 27
6 9 18
12 13 16
11 1 4
0 11 14
13 15 17
14 16 4
11 15 7
5 14 18
20 17 10
20 5 6
19 8 18
23 24 25
23 26 27
21 22 28
21 27 30
21 26 29
22 25 2
22 24 9
23 29 30
25 28 32
24 28 31
30 33 6
29 33 3
31 32 0
124
{[9, 8, 7, 3, 2]}
{[17, 16, 14, 12, 10]}
34
13 2 32
12 3 8
0 3 27
1 2 31
12 15 9
19 7 17
19 10 33
5 8 16
1 7 20
10 4 30
6 9 18
12 13 16
11 1 4
0 11 14
13 15 17
14 16 4
11 15 7
5 14 18
20 17 10
20 5 6
19 8 18
23 24 25
23 26 27
21 22 28
21 27 30
21 26 29
22 25 31
22 24 2
23 29 30
25 28 33
24 28 9
26 32 3
31 33 0
29 32 6
125
{[9, 8, 7, 3, 2]}
{[17, 16, 15, 13, 11]}
34
13 2 32
12 3 8
0 3 29
1 2 33
12 15 9
19 7 17
19 10 31
5 8 16
1 7 20
10 4 26
6 9 18
12 13 16
11 1 4
0 11 14
13 15 17
14 16 4
11 15 7
5 14 18
20 17 10
20 5 6
19 8 18
23 24 25
23 26 27
21 22 28
21 27 30
21 26 29
22 25 9
22 24 31
23 29 30
25 28 2
24 28 33
27 32 6
31 33 0
30 32 3
126
{[9, 8, 7, 3, 2]}
{[17, 16, 15, 13, 11]}
34
13 2 26
12 3 8
0 3 31
1 2 33
12 15 9
19 7 17
19 10 29
5 8 16
1 7 20
10 4 32
6 9 18
12 13 16
11 1 4
0 11 14
13 15 17
14 16 4
11 15 7
5 14 18
20 17 10
20 5 6
19 8 18
23 24 25
23 26 27
21 22 28
21 27 30
21 26 29
22 25 0
22 24 31
23 29 30
25 28 6
24 28 33
27 32 2
31 33 9
30 32 3
127
{[9, 8, 7, 3, 2]}
{[17, 15, 14, 13, 12]}
34
13 2 33
12 3 8
0 3 30
1 2 31
12 15 9
19 7 17
19 10 32
5 8 16
1 7 20
10 4 29
6 9 18
12 13 16
11 1 4
0 11 14
13 15 17
14 16 4
11 15 7
5 14 18
20 17 10
20 5 6
19 8 18
23 24 25
23 26 27
21 22 28
21 27 30
21 26 29
22 25 32
22 24 31
23 29 30
25 28 9
24 28 2
27 33 3
26 33 6
31 32 0
128
{[9, 8, 7, 3, 2]}
{[17, 15, 14, 13, 12]}
34
13 2 29
12 3 8
0 3 32
1 2 31
12 15 9
19 7 17
19 10 30
5 8 16
1 7 20
10 4 33
6 9 18
12 13 16
11 1 4
0 11 14
13 15 17
14 16 4
11 15 7
5 14 18
20 17 10
20 5 6
19 8 18
23 24 25
23 26 27
21 22 28
21 27 30
21 26 29
22 25 32
22 24 31
23 29 30
25 28 0
24 28 6
27 33 3
26 33 2
31 32 9
129
{[21, 20, 17, 16, 6]}
{[5, 4, 2, 1, 0]}
34
7 15 4
5 12 24
8 4 6
7 5 6
0 2 5
1 3 4
2 3 13
0 8 3
7 2 10
19 11 17
19 8 14
9 12 27
1 11 20
14 6 22
10 13 18
0 16 23
15 17 21
9 16 18
20 17 14
20 9 10
19 12 18
22 25 16
21 26 13
24 25 15
23 31 1
21 23 30
22 28 32
29 32 11
26 29 30
27 28 31
25 28 33
24 29 33
26 27 33
30 31 32
130
{[21, 20, 17, 16, 6]}
{[6, 3, 2, 1, 0]}
34
7 15 4
5 12 23
8 4 6
7 5 6
0 2 5
1 3 4
2 3 13
0 8 3
7 2 10
19 11 17
19 8 14
9 12 21
1 11 20
14 6 25
10 13 18
0 16 26
15 17 22
9 16 18
20 17 14
20 9 10
19 12 18
22 24 11
21 27 16
24 25 1
21 23 31
23 30 13
28 32 15
22 29 32
26 29 30
27 28 31
25 28 33
24 29 33
26 27 33
30 31 32
131
{[21, 20, 17, 16, 6]}
{[8, 7, 4, 2, 0]}
34
7 15 4
5 12 21
8 4 6
7 5 6
0 2 5
1 3 4
2 3 13
0 8 3
7 2 10
19 11 17
19 8 14
9 12 22
1 11 20
14 6 23
10 13 18
0 16 31
15 17 25
9 16 18
20 17 14
20 9 10
19 12 18
23 24 1
24 25 11
21 27 13
21 22 26
22 30 16
24 28 32
23 29 32
26 29 30
27 28 31
25 28 33
29 33 15
26 27 33
30 31 32
132
{[21, 20, 17, 16, 6]}
{[9, 7, 3, 2, 0]}
34
7 15 4
5 12 24
8 4 6
7 5 6
0 2 5
1 3 4
2 3 13
0 8 3
7 2 10
19 11 17
19 8 14
9 12 30
1 11 20
14 6 25
10 13 18
0 16 21
15 17 22
9 16 18
20 17 14
20 9 10
19 12 18
23 24 15
23 25 16
21 22 27
21 26 1
22 31 13
24 28 32
23 29 32
26 29 30
27 28 31
28 33 11
25 29 33
26 27 33
30 31 32
133
{[21, 20, 17, 16, 6]}
{[6, 3, 2, 1, 0]}
34
7 15 4
5 12 22
8 4 6
7 5 6
0 2 5
1 3 4
2 3 13
0 8 3
7 2 10
19 11 17
19 8 14
9 12 26
1 11 20
14 6 25
10 13 18
0 16 21
15 17 23
9 16 18
20 17 14
20 9 10
19 12 18
22 24 15
21 27 1
24 25 16
21 23 31
23 30 13
28 32 11
22 29 32
26 29 30
27 28 31
25 28 33
24 29 33
26 27 33
30 31 32
134
{[21, 20, 17, 16, 6]}
{[9, 7, 3, 2, 0]}
34
7 15 4
5 12 22
8 4 6
7 5 6
0 2 5
1 3 4
2 3 13
0 8 3
7 2 10
19 11 17
19 8 14
9 12 21
1 11 20
14 6 25
10 13 18
0 16 30
15 17 24
9 16 18
20 17 14
20 9 10
19 12 18
23 24 11
23 25 1
21 22 27
21 26 16
22 31 13
24 28 32
23 29 32
26 29 30
27 28 31
28 33 15
25 29 33
26 27 33
30 31 32
135
{[21, 20, 17, 16, 6]}
{[5, 4, 2, 1, 0]}
34
7 15 4
5 12 21
8 4 6
7 5 6
0 2 5
1 3 4
2 3 13
0 8 3
7 2 10
19 11 17
19 8 14
9 12 23
1 11 20
14 6 22
10 13 18
0 16 27
15 17 24
9 16 18
20 17 14
20 9 10
19 12 18
22 25 1
21 26 13
24 25 11
23 31 16
21 23 30
22 28 32
29 32 15
26 29 30
27 28 31
25 28 33
24 29 33
26 27 33
30 31 32
136
{[21, 20, 17, 16, 6]}
{[8, 7, 4, 2, 0]}
34
7 15 4
5 12 25
8 4 6
7 5 6
0 2 5
1 3 4
2 3 13
0 8 3
7 2 10
19 11 17
19 8 14
9 12 31
1 11 20
14 6 23
10 13 18
0 16 22
15 17 21
9 16 18
20 17 14
20 9 10
19 12 18
23 24 16
24 25 15
21 27 13
21 22 26
22 30 1
24 28 32
23 29 32
26 29 30
27 28 31
25 28 33
29 33 11
26 27 33
30 31 32
137
{[21, 20, 17, 16, 6]}
{[16, 13, 12, 11, 10]}
34
7 15 4
5 12 33
8 4 6
7 5 6
0 2 5
1 3 4
2 3 13
0 8 3
7 2 10
19 11 17
19 8 14
9 12 26
1 11 20
14 6 32
10 13 18
0 16 31
15 17 27
9 16 18
20 17 14
20 9 10
19 12 18
23 24 25
23 26 27
21 22 28
21 27 30
21 26 29
22 25 11
22 24 16
23 29 30
25 28 32
24 28 31
30 33 15
29 33 13
31 32 1
138
{[21, 20, 17, 16, 6]}
{[17, 16, 14, 12, 10]}
34
7 15 4
5 12 32
8 4 6
7 5 6
0 2 5
1 3 4
2 3 13
0 8 3
7 2 10
19 11 17
19 8 14
9 12 27
1 11 20
14 6 31
10 13 18
0 16 33
15 17 30
9 16 18
20 17 14
20 9 10
19 12 18
23 24 25
23 26 27
21 22 28
21 27 30
21 26 29
22 25 31
22 24 11
23 29 30
25 28 33
24 28 16
26 32 13
31 33 1
29 32 15
139
{[21, 20, 17, 16, 6]}
{[16, 13, 12, 11, 10]}
34
7 15 4
5 12 27
8 4 6
7 5 6
0 2 5
1 3 4
2 3 13
0 8 3
7 2 10
19 11 17
19 8 14
9 12 31
1 11 20
14 6 32
10 13 18
0 16 26
15 17 33
9 16 18
20 17 14
20 9 10
19 12 18
23 24 25
23 26 27
21 22 28
21 27 30
21 26 29
22 25 15
22 24 1
23 29 30
25 28 32
24 28 31
30 33 11
29 33 13
31 32 16
140
{[21, 20, 17, 16, 6]}
{[17, 16, 14, 12, 10]}
34
7 15 4
5 12 30
8 4 6
7 5 6
0 2 5
1 3 4
2 3 13
0 8 3
7 2 10
19 11 17
19 8 14
9 12 33
1 11 20
14 6 31
10 13 18
0 16 27
15 17 32
9 16 18
20 17 14
20 9 10
19 12 18
23 24 25
23 26 27
21 22 28
21 27 30
21 26 29
22 25 31
22 24 15
23 29 30
25 28 33
24 28 1
26 32 13
31 33 16
29 32 11
141
{[21, 20, 17, 16, 6]}
{[17, 16, 15, 13, 11]}
34
7 15 4
5 12 26
8 4 6
7 5 6
0 2 5
1 3 4
2 3 13
0 8 3
7 2 10
19 11 17
19 8 14
9 12 31
1 11 20
14 6 33
10 13 18
0 16 29
15 17 32
9 16 18
20 17 14
20 9 10
19 12 18
23 24 25
23 26 27
21 22 28
21 27 30
21 26 29
22 25 1
22 24 31
23 29 30
25 28 15
24 28 33
27 32 11
31 33 16
30 32 13
142
{[21, 20, 17, 16, 6]}
{[17, 16, 15, 13, 11]}
34
7 15 4
5 12 32
8 4 6
7 5 6
0 2 5
1 3 4
2 3 13
0 8 3
7 2 10
19 11 17
19 8 14
9 12 29
1 11 20
14 6 33
10 13 18
0 16 31
15 17 26
9 16 18
20 17 14
20 9 10
19 12 18
23 24 25
23 26 27
21 22 28
21 27 30
21 26 29
22 25 16
22 24 31
23 29 30
25 28 11
24 28 33
27 32 15
31 33 1
30 32 13
143
{[21, 20, 17, 16, 6]}
{[17, 15, 14, 13, 12]}
34
7 15 4
5 12 29
8 4 6
7 5 6
0 2 5
1 3 4
2 3 13
0 8 3
7 2 10
19 11 17
19 8 14
9 12 32
1 11 20
14 6 31
10 13 18
0 16 30
15 17 33
9 16 18
20 17 14
20 9 10
19 12 18
23 24 25
23 26 27
21 22 28
21 27 30
21 26 29
22 25 32
22 24 31
23 29 30
25 28 1
24 28 15
27 33 13
26 33 11
31 32 16
144
{[21, 20, 17, 16, 6]}
{[17, 15, 14, 13, 12]}
34
7 15 4
5 12 33
8 4 6
7 5 6
0 2 5
1 3 4
2 3 13
0 8 3
7 2 10
19 11 17
19 8 14
9 12 30
1 11 20
14 6 31
10 13 18
0 16 32
15 17 29
9 16 18
20 17 14
20 9 10
19 12 18
23 24 25
23 26 27
21 22 28
21 27 30
21 26 29
22 25 32
22 24 31
23 29 30
25 28 16
24 28 11
27 33 13
26 33 15
31 32 1
145
{[21, 20, 17, 16, 6]}
{[5, 4, 2, 1, 0]}
34
7 15 4
5 12 21
8 4 6
7 5 6
0 2 5
1 3 4
2 3 13
0 8 3
7 2 10
19 11 17
19 8 14
9 12 23
1 11 20
14 6 22
10 13 18
0 16 27
15 17 24
9 16 18
20 17 14
20 9 10
19 12 18
22 25 1
21 26 13
24 25 11
23 31 16
21 23 30
22 28 32
29 32 15
26 29 30
27 28 31
25 28 33
24 29 33
26 27 33
30 31 32
146
{[21, 20, 17, 16, 6]}
{[6, 3, 2, 1, 0]}
34
7 15 4
5 12 22
8 4 6
7 5 6
0 2 5
1 3 4
2 3 13
0 8 3
7 2 10
19 11 17
19 8 14
9 12 26
1 11 20
14 6 25
10 13 18
0 16 21
15 17 23
9 16 18
20 17 14
20 9 10
19 12 18
22 24 15
21 27 1
24 25 16
21 23 31
23 30 13
28 32 11
22 29 32
26 29 30
27 28 31
25 28 33
24 29 33
26 27 33
30 31 32
147
{[21, 20, 17, 16, 6]}
{[8, 7, 4, 2, 0]}
34
7 15 4
5 12 25
8 4 6
7 5 6
0 2 5
1 3 4
2 3 13
0 8 3
7 2 10
19 11 17
19 8 14
9 12 31
1 11 20
14 6 23
10 13 18
0 16 22
15 17 21
9 16 18
20 17 14
20 9 10
19 12 18
23 24 16
24 25 15
21 27 13
21 22 26
22 30 1
24 28 32
23 29 32
26 29 30
27 28 31
25 28 33
29 33 11
26 27 33
30 31 32
148
{[21, 20, 17, 16, 6]}
{[9, 7, 3, 2, 0]}
34
7 15 4
5 12 22
8 4 6
7 5 6
0 2 5
1 3 4
2 3 13
0 8 3
7 2 10
19 11 17
19 8 14
9 12 21
1 11 20
14 6 25
10 13 18
0 16 30
15 17 24
9 16 18
20 17 14
20 9 10
19 12 18
23 24 11
23 25 1
21 22 27
21 26 16
22 31 13
24 28 32
23 29 32
26 29 30
27 28 31
28 33 15
25 29 33
26 27 33
30 31 32
149
{[21, 20, 17, 16, 6]}
{[6, 3, 2, 1, 0]}
34
7 15 4
5 12 23
8 4 6
7 5 6
0 2 5
1 3 4
2 3 13
0 8 3
7 2 10
19 11 17
19 8 14
9 12 21
1 11 20
14 6 25
10 13 18
0 16 26
15 17 22
9 16 18
20 17 14
20 9 10
19 12 18
22 24 11
21 27 16
24 25 1
21 23 31
23 30 13
28 32 15
22 29 32
26 29 30
27 28 31
25 28 33
24 29 33
26 27 33
30 31 32
150
{[21, 20, 17, 16, 6]}
{[9, 7, 3, 2, 0]}
34
7 15 4
5 12 24
8 4 6
7 5 6
0 2 5
1 3 4
2 3 13
0 8 3
7 2 10
19 11 17
19 8 14
9 12 30
1 11 20
14 6 25
10 13 18
0 16 21
15 17 22
9 16 18
20 17 14
20 9 10
19 12 18
23 24 15
23 25 16
21 22 27
21 26 1
22 31 13
24 28 32
23 29 32
26 29 30
27 28 31
28 33 11
25 29 33
26 27 33
30 31 32
151
{[21, 20, 17, 16, 6]}
{[5, 4, 2, 1, 0]}
34
7 15 4
5 12 24
8 4 6
7 5 6
0 2 5
1 3 4
2 3 13
0 8 3
7 2 10
19 11 17
19 8 14
9 12 27
1 11 20
14 6 22
10 13 18
0 16 23
15 17 21
9 16 18
20 17 14
20 9 10
19 12 18
22 25 16
21 26 13
24 25 15
23 31 1
21 23 30
22 28 32
29 32 11
26 29 30
27 28 31
25 28 33
24 29 33
26 27 33
30 31 32
152
{[21, 20, 17, 16, 6]}
{[8, 7, 4, 2, 0]}
34
7 15 4
5 12 21
8 4 6
7 5 6
0 2 5
1 3 4
2 3 13
0 8 3
7 2 10
19 11 17
19 8 14
9 12 22
1 11 20
14 6 23
10 13 18
0 16 31
15 17 25
9 16 18
20 17 14
20 9 10
19 12 18
23 24 1
24 25 11
21 27 13
21 22 26
22 30 16
24 28 32
23 29 32
26 29 30
27 28 31
25 28 33
29 33 15
26 27 33
30 31 32
153
{[21, 20, 17, 16, 6]}
{[16, 13, 12, 11, 10]}
34
7 15 4
5 12 27
8 4 6
7 5 6
0 2 5
1 3 4
2 3 13
0 8 3
7 2 10
19 11 17
19 8 14
9 12 31
1 11 20
14 6 32
10 13 18
0 16 26
15 17 33
9 16 18
20 17 14
20 9 10
19 12 18
23 24 25
23 26 27
21 22 28
21 27 30
21 26 29
22 25 15
22 24 1
23 29 30
25 28 32
24 28 31
30 33 11
29 33 13
31 32 16
154
{[21, 20, 17, 16, 6]}
{[17, 16, 14, 12, 10]}
34
7 15 4
5 12 30
8 4 6
7 5 6
0 2 5
1 3 4
2 3 13
0 8 3
7 2 10
19 11 17
19 8 14
9 12 33
1 11 20
14 6 31
10 13 18
0 16 27
15 17 32
9 16 18
20 17 14
20 9 10
19 12 18
23 24 25
23 26 27
21 22 28
21 27 30
21 26 29
22 25 31
22 24 15
23 29 30
25 28 33
24 28 1
26 32 13
31 33 16
29 32 11
155
{[21, 20, 17, 16, 6]}
{[16, 13, 12, 11, 10]}
34
7 15 4
5 12 33
8 4 6
7 5 6
0 2 5
1 3 4
2 3 13
0 8 3
7 2 10
19 11 17
19 8 14
9 12 26
1 11 20
14 6 32
10 13 18
0 16 31
15 17 27
9 16 18
20 17 14
20 9 10
19 12 18
23 24 25
23 26 27
21 22 28
21 27 30
21 26 29
22 25 11
22 24 16
23 29 30
25 28 32
24 28 31
30 33 15
29 33 13
31 32 1
156
{[21, 20, 17, 16, 6]}
{[17, 16, 14, 12, 10]}
34
7 15 4
5 12 32
8 4 6
7 5 6
0 2 5
1 3 4
2 3 13
0 8 3
7 2 10
19 11 17
19 8 14
9 12 27
1 11 20
14 6 31
10 13 18
0 16 33
15 17 30
9 16 18
20 17 14
20 9 10
19 12 18
23 24 25
23 26 27
21 22 28
21 27 30
21 26 29
22 25 31
22 24 11
23 29 30
25 28 33
24 28 16
26 32 13
31 33 1
29 32 15
157
{[21, 20, 17, 16, 6]}
{[17, 16, 15, 13, 11]}
34
7 15 4
5 12 32
8 4 6
7 5 6
0 2 5
1 3 4
2 3 13
0 8 3
7 2 10
19 11 17
19 8 14
9 12 29
1 11 20
14 6 33
10 13 18
0 16 31
15 17 26
9 16 18
20 17 14
20 9 10
19 12 18
23 24 25
23 26 27
21 22 28
21 27 30
21 26 29
22 25 16
22 24 31
23 29 30
25 28 11
24 28 33
27 32 15
31 33 1
30 32 13
158
{[21, 20, 17, 16, 6]}
{[17, 16, 15, 13, 11]}
34
7 15 4
5 12 26
8 4 6
7 5 6
0 2 5
1 3 4
2 3 13
0 8 3
7 2 10
19 11 17
19 8 14
9 12 31
1 11 20
14 6 33
10 13 18
0 16 29
15 17 32
9 16 18
20 17 14
20 9 10
19 12 18
23 24 25
23 26 27
21 22 28
21 27 30
21 26 29
22 25 1
22 24 31
23 29 30
25 28 15
24 28 33
27 32 11
31 33 16
30 32 13
159
{[21, 20, 17, 16, 6]}
{[17, 15, 14, 13, 12]}
34
7 15 4
5 12 33
8 4 6
7 5 6
0 2 5
1 3 4
2 3 13
0 8 3
7 2 10
19 11 17
19 8 14
9 12 30
1 11 20
14 6 31
10 13 18
0 16 32
15 17 29
9 16 18
20 17 14
20 9 10
19 12 18
23 24 25
23 26 27
21 22 28
21 27 30
21 26 29
22 25 32
22 24 31
23 29 30
25 28 16
24 28 11
27 33 13
26 33 15
31 32 1
160
{[21, 20, 17, 16, 6]}
{[17, 15, 14, 13, 12]}
34
7 15 4
5 12 29
8 4 6
7 5 6
0 2 5
1 3 4
2 3 13
0 8 3
7 2 10
19 11 17
19 8 14
9 12 32
1 11 20
14 6 31
10 13 18
0 16 30
15 17 33
9 16 18
20 17 14
20 9 10
19 12 18
23 24 25
23 26 27
21 22 28
21 27 30
21 26 29
22 25 32
22 24 31
23 29 30
25 28 1
24 28 15
27 33 13
26 33 11
31 32 16
161
{[25, 24, 13, 12, 10]}
{[5, 4, 2, 1, 0]}
34
8 15 4
14 5 22
9 4 7
8 5 7
0 2 5
1 3 4
14 17 11
2 3 11
0 9 3
8 2 10
9 12 23
12 6 7
10 11 20
14 15 18
13 1 6
0 13 16
15 17 19
16 18 6
13 17 21
16 20 27
19 12 24
22 25 18
21 26 1
24 25 10
23 31 20
21 23 30
22 28 32
29 32 19
26 29 30
27 28 31
25 28 33
24 29 33
26 27 33
30 31 32
162
{[25, 24, 13, 12, 10]}
{[6, 3, 2, 1, 0]}
34
8 15 4
14 5 25
9 4 7
8 5 7
0 2 5
1 3 4
14 17 11
2 3 11
0 9 3
8 2 10
9 12 26
12 6 7
10 11 20
14 15 18
13 1 6
0 13 16
15 17 19
16 18 6
13 17 22
16 20 21
19 12 23
22 24 19
21 27 18
24 25 20
21 23 31
23 30 1
28 32 10
22 29 32
26 29 30
27 28 31
25 28 33
24 29 33
26 27 33
30 31 32
163
{[25, 24, 13, 12, 10]}
{[8, 7, 4, 2, 0]}
34
8 15 4
14 5 23
9 4 7
8 5 7
0 2 5
1 3 4
14 17 11
2 3 11
0 9 3
8 2 10
9 12 31
12 6 7
10 11 20
14 15 18
13 1 6
0 13 16
15 17 19
16 18 6
13 17 25
16 20 22
19 12 21
23 24 20
24 25 19
21 27 1
21 22 26
22 30 18
24 28 32
23 29 32
26 29 30
27 28 31
25 28 33
29 33 10
26 27 33
30 31 32
164
{[25, 24, 13, 12, 10]}
{[9, 7, 3, 2, 0]}
34
8 15 4
14 5 25
9 4 7
8 5 7
0 2 5
1 3 4
14 17 11
2 3 11
0 9 3
8 2 10
9 12 21
12 6 7
10 11 20
14 15 18
13 1 6
0 13 16
15 17 19
16 18 6
13 17 22
16 20 30
19 12 24
23 24 10
23 25 18
21 22 27
21 26 20
22 31 1
24 28 32
23 29 32
26 29 30
27 28 31
28 33 19
25 29 33
26 27 33
30 31 32
165
{[25, 24, 13, 12, 10]}
{[6, 3, 2, 1, 0]}
34
8 15 4
14 5 25
9 4 7
8 5 7
0 2 5
1 3 4
14 17 11
2 3 11
0 9 3
8 2 10
9 12 21
12 6 7
10 11 20
14 15 18
13 1 6
0 13 16
15 17 19
16 18 6
13 17 23
16 20 26
19 12 22
22 24 10
21 27 20
24 25 18
21 23 31
23 30 1
28 32 19
22 29 32
26 29 30
27 28 31
25 28 33
24 29 33
26 27 33
30 31 32
166
{[25, 24, 13, 12, 10]}
{[9, 7, 3, 2, 0]}
34
8 15 4
14 5 25
9 4 7
8 5 7
0 2 5
1 3 4
14 17 11
2 3 11
0 9 3
8 2 10
9 12 30
12 6 7
10 11 20
14 15 18
13 1 6
0 13 16
15 17 19
16 18 6
13 17 24
16 20 21
19 12 22
23 24 19
23 25 20
21 22 27
21 26 18
22 31 1
24 28 32
23 29 32
26 29 30
27 28 31
28 33 10
25 29 33
26 27 33
30 31 32
167
{[25, 24, 13, 12, 10]}
{[5, 4, 2, 1, 0]}
34
8 15 4
14 5 22
9 4 7
8 5 7
0 2 5
1 3 4
14 17 11
2 3 11
0 9 3
8 2 10
9 12 27
12 6 7
10 11 20
14 15 18
13 1 6
0 13 16
15 17 19
16 18 6
13 17 24
16 20 23
19 12 21
22 25 20
21 26 1
24 25 19
23 31 18
21 23 30
22 28 32
29 32 10
26 29 30
27 28 31
25 28 33
24 29 33
26 27 33
30 31 32
168
{[25, 24, 13, 12, 10]}
{[8, 7, 4, 2, 0]}
34
8 15 4
14 5 23
9 4 7
8 5 7
0 2 5
1 3 4
14 17 11
2 3 11
0 9 3
8 2 10
9 12 22
12 6 7
10 11 20
14 15 18
13 1 6
0 13 16
15 17 19
16 18 6
13 17 21
16 20 31
19 12 25
23 24 18
24 25 10
21 27 1
21 22 26
22 30 20
24 28 32
23 29 32
26 29 30
27 28 31
25 28 33
29 33 19
26 27 33
30 31 32
169
{[25, 24, 13, 12, 10]}
{[16, 13, 12, 11, 10]}
34
8 15 4
14 5 32
9 4 7
8 5 7
0 2 5
1 3 4
14 17 11
2 3 11
0 9 3
8 2 10
9 12 31
12 6 7
10 11 20
14 15 18
13 1 6
0 13 16
15 17 19
16 18 6
13 17 27
16 20 26
19 12 33
23 24 25
23 26 27
21 22 28
21 27 30
21 26 29
22 25 19
22 24 18
23 29 30
25 28 32
24 28 31
30 33 10
29 33 1
31 32 20
170
{[25, 24, 13, 12, 10]}
{[17, 16, 14, 12, 10]}
34
8 15 4
14 5 31
9 4 7
8 5 7
0 2 5
1 3 4
14 17 11
2 3 11
0 9 3
8 2 10
9 12 33
12 6 7
10 11 20
14 15 18
13 1 6
0 13 16
15 17 19
16 18 6
13 17 30
16 20 27
19 12 32
23 24 25
23 26 27
21 22 28
21 27 30
21 26 29
22 25 31
22 24 19
23 29 30
25 28 33
24 28 18
26 32 1
31 33 20
29 32 10
171
{[25, 24, 13, 12, 10]}
{[16, 13, 12, 11, 10]}
34
8 15 4
14 5 32
9 4 7
8 5 7
0 2 5
1 3 4
14 17 11
2 3 11
0 9 3
8 2 10
9 12 26
12 6 7
10 11 20
14 15 18
13 1 6
0 13 16
15 17 19
16 18 6
13 17 33
16 20 31
19 12 27
23 24 25
23 26 27
21 22 28
21 27 30
21 26 29
22 25 10
22 24 20
23 29 30
25 28 32
24 28 31
30 33 19
29 33 1
31 32 18
172
{[25, 24, 13, 12, 10]}
{[17, 16, 14, 12, 10]}
34
8 15 4
14 5 31
9 4 7
8 5 7
0 2 5
1 3 4
14 17 11
2 3 11
0 9 3
8 2 10
9 12 27
12 6 7
10 11 20
14 15 18
13 1 6
0 13 16
15 17 19
16 18 6
13 17 32
16 20 33
19 12 30
23 24 25
23 26 27
21 22 28
21 27 30
21 26 29
22 25 31
22 24 10
23 29 30
25 28 33
24 28 20
26 32 1
31 33 18
29 32 19
173
{[25, 24, 13, 12, 10]}
{[17, 16, 15, 13, 11]}
34
8 15 4
14 5 33
9 4 7
8 5 7
0 2 5
1 3 4
14 17 11
2 3 11
0 9 3
8 2 10
9 12 29
12 6 7
10 11 20
14 15 18
13 1 6
0 13 16
15 17 19
16 18 6
13 17 32
16 20 31
19 12 26
23 24 25
23 26 27
21 22 28
21 27 30
21 26 29
22 25 20
22 24 31
23 29 30
25 28 10
24 28 33
27 32 19
31 33 18
30 32 1
174
{[25, 24, 13, 12, 10]}
{[17, 16, 15, 13, 11]}
34
8 15 4
14 5 33
9 4 7
8 5 7
0 2 5
1 3 4
14 17 11
2 3 11
0 9 3
8 2 10
9 12 31
12 6 7
10 11 20
14 15 18
13 1 6
0 13 16
15 17 19
16 18 6
13 17 26
16 20 29
19 12 32
23 24 25
23 26 27
21 22 28
21 27 30
21 26 29
22 25 18
22 24 31
23 29 30
25 28 19
24 28 33
27 32 10
31 33 20
30 32 1
175
{[25, 24, 13, 12, 10]}
{[17, 15, 14, 13, 12]}
34
8 15 4
14 5 31
9 4 7
8 5 7
0 2 5
1 3 4
14 17 11
2 3 11
0 9 3
8 2 10
9 12 30
12 6 7
10 11 20
14 15 18
13 1 6
0 13 16
15 17 19
16 18 6
13 17 33
16 20 32
19 12 29
23 24 25
23 26 27
21 22 28
21 27 30
21 26 29
22 25 32
22 24 31
23 29 30
25 28 20
24 28 10
27 33 1
26 33 19
31 32 18
176
{[25, 24, 13, 12, 10]}
{[17, 15, 14, 13, 12]}
34
8 15 4
14 5 31
9 4 7
8 5 7
0 2 5
1 3 4
14 17 11
2 3 11
0 9 3
8 2 10
9 12 32
12 6 7
10 11 20
14 15 18
13 1 6
0 13 16
15 17 19
16 18 6
13 17 29
16 20 30
19 12 33
23 24 25
23 26 27
21 22 28
21 27 30
21 26 29
22 25 32
22 24 31
23 29 30
25 28 18
24 28 19
27 33 1
26 33 10
31 32 20
177
{[25, 24, 23, 22, 10]}
{[5, 4, 2, 1, 0]}
34
8 17 4
16 5 12
9 4 7
8 5 7
0 2 5
1 3 4
16 19 13
2 3 13
0 9 3
8 2 10
9 14 21
12 20 22
1 11 27
14 6 7
10 13 23
16 17 20
15 1 6
0 15 18
17 19 24
18 20 6
15 19 11
22 25 10
21 26 11
24 25 14
23 31 18
21 23 30
22 28 32
29 32 12
26 29 30
27 28 31
25 28 33
24 29 33
26 27 33
30 31 32
178
{[25, 24, 23, 22, 10]}
{[6, 3, 2, 1, 0]}
34
8 17 4
16 5 12
9 4 7
8 5 7
0 2 5
1 3 4
16 19 13
2 3 13
0 9 3
8 2 10
9 14 22
12 20 25
1 11 21
14 6 7
10 13 26
16 17 20
15 1 6
0 15 18
17 19 23
18 20 6
15 19 11
22 24 12
21 27 10
24 25 18
21 23 31
23 30 11
28 32 14
22 29 32
26 29 30
27 28 31
25 28 33
24 29 33
26 27 33
30 31 32
179
{[25, 24, 23, 22, 10]}
{[8, 7, 4, 2, 0]}
34
8 17 4
16 5 12
9 4 7
8 5 7
0 2 5
1 3 4
16 19 13
2 3 13
0 9 3
8 2 10
9 14 25
12 20 23
1 11 22
14 6 7
10 13 31
16 17 20
15 1 6
0 15 18
17 19 21
18 20 6
15 19 11
23 24 18
24 25 12
21 27 11
21 22 26
22 30 10
24 28 32
23 29 32
26 29 30
27 28 31
25 28 33
29 33 14
26 27 33
30 31 32
180
{[25, 24, 23, 22, 10]}
{[9, 7, 3, 2, 0]}
34
8 17 4
16 5 12
9 4 7
8 5 7
0 2 5
1 3 4
16 19 13
2 3 13
0 9 3
8 2 10
9 14 22
12 20 25
1 11 30
14 6 7
10 13 21
16 17 20
15 1 6
0 15 18
17 19 24
18 20 6
15 19 11
23 24 14
23 25 10
21 22 27
21 26 18
22 31 11
24 28 32
23 29 32
26 29 30
27 28 31
28 33 12
25 29 33
26 27 33
30 31 32
181
{[25, 24, 23, 22, 10]}
{[6, 3, 2, 1, 0]}
34
8 17 4
16 5 12
9 4 7
8 5 7
0 2 5
1 3 4
16 19 13
2 3 13
0 9 3
8 2 10
9 14 23
12 20 25
1 11 26
14 6 7
10 13 21
16 17 20
15 1 6
0 15 18
17 19 22
18 20 6
15 19 11
22 24 14
21 27 18
24 25 10
21 23 31
23 30 11
28 32 12
22 29 32
26 29 30
27 28 31
25 28 33
24 29 33
26 27 33
30 31 32
182
{[25, 24, 23, 22, 10]}
{[9, 7, 3, 2, 0]}
34
8 17 4
16 5 12
9 4 7
8 5 7
0 2 5
1 3 4
16 19 13
2 3 13
0 9 3
8 2 10
9 14 24
12 20 25
1 11 21
14 6 7
10 13 30
16 17 20
15 1 6
0 15 18
17 19 22
18 20 6
15 19 11
23 24 12
23 25 18
21 22 27
21 26 10
22 31 11
24 28 32
23 29 32
26 29 30
27 28 31
28 33 14
25 29 33
26 27 33
30 31 32
183
{[25, 24, 23, 22, 10]}
{[5, 4, 2, 1, 0]}
34
8 17 4
16 5 12
9 4 7
8 5 7
0 2 5
1 3 4
16 19 13
2 3 13
0 9 3
8 2 10
9 14 24
12 20 22
1 11 23
14 6 7
10 13 27
16 17 20
15 1 6
0 15 18
17 19 21
18 20 6
15 19 11
22 25 18
21 26 11
24 25 12
23 31 10
21 23 30
22 28 32
29 32 14
26 29 30
27 28 31
25 28 33
24 29 33
26 27 33
30 31 32
184
{[25, 24, 23, 22, 10]}
{[8, 7, 4, 2, 0]}
34
8 17 4
16 5 12
9 4 7
8 5 7
0 2 5
1 3 4
16 19 13
2 3 13
0 9 3
8 2 10
9 14 21
12 20 23
1 11 31
14 6 7
10 13 22
16 17 20
15 1 6
0 15 18
17 19 25
18 20 6
15 19 11
23 24 10
24 25 14
21 27 11
21 22 26
22 30 18
24 28 32
23 29 32
26 29 30
27 28 31
25 28 33
29 33 12
26 27 33
30 31 32
185
{[25, 24, 23, 22, 10]}
{[16, 13, 12, 11, 10]}
34
8 17 4
16 5 12
9 4 7
8 5 7
0 2 5
1 3 4
16 19 13
2 3 13
0 9 3
8 2 10
9 14 27
12 20 32
1 11 26
14 6 7
10 13 31
16 17 20
15 1 6
0 15 18
17 19 33
18 20 6
15 19 11
23 24 25
23 26 27
21 22 28
21 27 30
21 26 29
22 25 12
22 24 10
23 29 30
25 28 32
24 28 31
30 33 14
29 33 11
31 32 18
186
{[25, 24, 23, 22, 10]}
{[17, 16, 14, 12, 10]}
34
8 17 4
16 5 12
9 4 7
8 5 7
0 2 5
1 3 4
16 19 13
2 3 13
0 9 3
8 2 10
9 14 30
12 20 31
1 11 27
14 6 7
10 13 33
16 17 20
15 1 6
0 15 18
17 19 32
18 20 6
15 19 11
23 24 25
23 26 27
21 22 28
21 27 30
21 26 29
22 25 31
22 24 12
23 29 30
25 28 33
24 28 10
26 32 11
31 33 18
29 32 14
187
{[25, 24, 23, 22, 10]}
{[16, 13, 12, 11, 10]}
34
8 17 4
16 5 12
9 4 7
8 5 7
0 2 5
1 3 4
16 19 13
2 3 13
0 9 3
8 2 10
9 14 33
12 20 32
1 11 31
14 6 7
10 13 26
16 17 20
15 1 6
0 15 18
17 19 27
18 20 6
15 19 11
23 24 25
23 26 27
21 22 28
21 27 30
21 26 29
22 25 14
22 24 18
23 29 30
25 28 32
24 28 31
30 33 12
29 33 11
31 32 10
188
{[25, 24, 23, 22, 10]}
{[17, 16, 14, 12, 10]}
34
8 17 4
16 5 12
9 4 7
8 5 7
0 2 5
1 3 4
16 19 13
2 3 13
0 9 3
8 2 10
9 14 32
12 20 31
1 11 33
14 6 7
10 13 27
16 17 20
15 1 6
0 15 18
17 19 30
18 20 6
15 19 11
23 24 25
23 26 27
21 22 28
21 27 30
21 26 29
22 25 31
22 24 14
23 29 30
25 28 33
24 28 18
26 32 11
31 33 10
29 32 12
189
{[25, 24, 23, 22, 10]}
{[17, 16, 15, 13, 11]}
34
8 17 4
16 5 12
9 4 7
8 5 7
0 2 5
1 3 4
16 19 13
2 3 13
0 9 3
8 2 10
9 14 32
12 20 33
1 11 31
14 6 7
10 13 29
16 17 20
15 1 6
0 15 18
17 19 26
18 20 6
15 19 11
23 24 25
23 26 27
21 22 28
21 27 30
21 26 29
22 25 18
22 24 31
23 29 30
25 28 14
24 28 33
27 32 12
31 33 10
30 32 11
190
{[25, 24, 23, 22, 10]}
{[17, 16, 15, 13, 11]}
34
8 17 4
16 5 12
9 4 7
8 5 7
0 2 5
1 3 4
16 19 13
2 3 13
0 9 3
8 2 10
9 14 26
12 20 33
1 11 29
14 6 7
10 13 31
16 17 20
15 1 6
0 15 18
17 19 32
18 20 6
15 19 11
23 24 25
23 26 27
21 22 28
21 27 30
21 26 29
22 25 10
22 24 31
23 29 30
25 28 12
24 28 33
27 32 14
31 33 18
30 32 11
191
{[25, 24, 23, 22, 10]}
{[17, 15, 14, 13, 12]}
34
8 17 4
16 5 12
9 4 7
8 5 7
0 2 5
1 3 4
16 19 13
2 3 13
0 9 3
8 2 10
9 14 33
12 20 31
1 11 32
14 6 7
10 13 30
16 17 20
15 1 6
0 15 18
17 19 29
18 20 6
15 19 11
23 24 25
23 26 27
21 22 28
21 27 30
21 26 29
22 25 32
22 24 31
23 29 30
25 28 18
24 28 14
27 33 11
26 33 12
31 32 10
192
{[25, 24, 23, 22, 10]}
{[17, 15, 14, 13, 12]}
34
8 17 4
16 5 12
9 4 7
8 5 7
0 2 5
1 3 4
16 19 13
2 3 13
0 9 3
8 2 10
9 14 29
12 20 31
1 11 30
14 6 7
10 13 32
16 17 20
15 1 6
0 15 18
17 19 33
18 20 6
15 19 11
23 24 25
23 26 27
21 22 28
21 27 30
21 26 29
22 25 32
22 24 31
23 29 30
25 28 10
24 28 12
27 33 11
26 33 14
31 32 18
193
{[25, 24, 13, 12, 10]}
{[5, 4, 2, 1, 0]}
34
8 15 4
14 5 22
9 4 7
8 5 7
0 2 5
1 3 4
14 17 11
2 3 11
0 9 3
8 2 10
9 12 27
12 6 7
10 11 20
14 15 18
13 1 6
0 13 16
15 17 19
16 18 6
13 17 24
16 20 23
19 12 21
22 25 20
21 26 1
24 25 19
23 31 18
21 23 30
22 28 32
29 32 10
26 29 30
27 28 31
25 28 33
24 29 33
26 27 33
30 31 32
194
{[25, 24, 13, 12, 10]}
{[6, 3, 2, 1, 0]}
34
8 15 4
14 5 25
9 4 7
8 5 7
0 2 5
1 3 4
14 17 11
2 3 11
0 9 3
8 2 10
9 12 21
12 6 7
10 11 20
14 15 18
13 1 6
0 13 16
15 17 19
16 18 6
13 17 23
16 20 26
19 12 22
22 24 10
21 27 20
24 25 18
21 23 31
23 30 1
28 32 19
22 29 32
26 29 30
27 28 31
25 28 33
24 29 33
26 27 33
30 31 32
195
{[25, 24, 13, 12, 10]}
{[8, 7, 4, 2, 0]}
34
8 15 4
14 5 23
9 4 7
8 5 7
0 2 5
1 3 4
14 17 11
2 3 11
0 9 3
8 2 10
9 12 22
12 6 7
10 11 20
14 15 18
13 1 6
0 13 16
15 17 19
16 18 6
13 17 21
16 20 31
19 12 25
23 24 18
24 25 10
21 27 1
21 22 26
22 30 20
24 28 32
23 29 32
26 29 30
27 28 31
25 28 33
29 33 19
26 27 33
30 31 32
196
{[25, 24, 13, 12, 10]}
{[9, 7, 3, 2, 0]}
34
8 15 4
14 5 25
9 4 7
8 5 7
0 2 5
1 3 4
14 17 11
2 3 11
0 9 3
8 2 10
9 12 30
12 6 7
10 11 20
14 15 18
13 1 6
0 13 16
15 17 19
16 18 6
13 17 24
16 20 21
19 12 22
23 24 19
23 25 20
21 22 27
21 26 18
22 31 1
24 28 32
23 29 32
26 29 30
27 28 31
28 33 10
25 29 33
26 27 33
30 31 32
197
{[25, 24, 13, 12, 10]}
{[6, 3, 2, 1, 0]}
34
8 15 4
14 5 25
9 4 7
8 5 7
0 2 5
1 3 4
14 17 11
2 3 11
0 9 3
8 2 10
9 12 26
12 6 7
10 11 20
14 15 18
13 1 6
0 13 16
15 17 19
16 18 6
13 17 22
16 20 21
19 12 23
22 24 19
21 27 18
24 25 20
21 23 31
23 30 1
28 32 10
22 29 32
26 29 30
27 28 31
25 28 33
24 29 33
26 27 33
30 31 32
198
{[25, 24, 13, 12, 10]}
{[9, 7, 3, 2, 0]}
34
8 15 4
14 5 25
9 4 7
8 5 7
0 2 5
1 3 4
14 17 11
2 3 11
0 9 3
8 2 10
9 12 21
12 6 7
10 11 20
14 15 18
13 1 6
0 13 16
15 17 19
16 18 6
13 17 22
16 20 30
19 12 24
23 24 10
23 25 18
21 22 27
21 26 20
22 31 1
24 28 32
23 29 32
26 29 30
27 28 31
28 33 19
25 29 33
26 27 33
30 31 32
199
{[25, 24, 13, 12, 10]}
{[5, 4, 2, 1, 0]}
34
8 15 4
14 5 22
9 4 7
8 5 7
0 2 5
1 3 4
14 17 11
2 3 11
0 9 3
8 2 10
9 12 23
12 6 7
10 11 20
14 15 18
13 1 6
0 13 16
15 17 19
16 18 6
13 17 21
16 20 27
19 12 24
22 25 18
21 26 1
24 25 10
23 31 20
21 23 30
22 28 32
29 32 19
26 29 30
27 28 31
25 28 33
24 29 33
26 27 33
30 31 32
200
{[25, 24, 13, 12, 10]}
{[8, 7, 4, 2, 0]}
34
8 15 4
14 5 23
9 4 7
8 5 7
0 2 5
1 3 4
14 17 11
2 3 11
0 9 3
8 2 10
9 12 31
12 6 7
10 11 20
14 15 18
13 1 6
0 13 16
15 17 19
16 18 6
13 17 25
16 20 22
19 12 21
23 24 20
24 25 19
21 27 1
21 22 26
22 30 18
24 28 32
23 29 32
26 29 30
27 28 31
25 28 33
29 33 10
26 27 33
30 31 32
201
{[25, 24, 13, 12, 10]}
{[16, 13, 12, 11, 10]}
34
8 15 4
14 5 32
9 4 7
8 5 7
0 2 5
1 3 4
14 17 11
2 3 11
0 9 3
8 2 10
9 12 26
12 6 7
10 11 20
14 15 18
13 1 6
0 13 16
15 17 19
16 18 6
13 17 33
16 20 31
19 12 27
23 24 25
23 26 27
21 22 28
21 27 30
21 26 29
22 25 10
22 24 20
23 29 30
25 28 32
24 28 31
30 33 19
29 33 1
31 32 18
202
{[25, 24, 13, 12, 10]}
{[17, 16, 14, 12, 10]}
34
8 15 4
14 5 31
9 4 7
8 5 7
0 2 5
1 3 4
14 17 11
2 3 11
0 9 3
8 2 10
9 12 27
12 6 7
10 11 20
14 15 18
13 1 6
0 13 16
15 17 19
16 18 6
13 17 32
16 20 33
19 12 30
23 24 25
23 26 27
21 22 28
21 27 30
21 26 29
22 25 31
22 24 10
23 29 30
25 28 33
24 28 20
26 32 1
31 33 18
29 32 19
203
{[25, 24, 13, 12, 10]}
{[16, 13, 12, 11, 10]}
34
8 15 4
14 5 32
9 4 7
8 5 7
0 2 5
1 3 4
14 17 11
2 3 11
0 9 3
8 2 10
9 12 31
12 6 7
10 11 20
14 15 18
13 1 6
0 13 16
15 17 19
16 18 6
13 17 27
16 20 26
19 12 33
23 24 25
23 26 27
21 22 28
21 27 30
21 26 29
22 25 19
22 24 18
23 29 30
25 28 32
24 28 31
30 33 10
29 33 1
31 32 20
204
{[25, 24, 13, 12, 10]}
{[17, 16, 14, 12, 10]}
34
8 15 4
14 5 31
9 4 7
8 5 7
0 2 5
1 3 4
14 17 11
2 3 11
0 9 3
8 2 10
9 12 33
12 6 7
10 11 20
14 15 18
13 1 6
0 13 16
15 17 19
16 18 6
13 17 30
16 20 27
19 12 32
23 24 25
23 26 27
21 22 28
21 27 30
21 26 29
22 25 31
22 24 19
23 29 30
25 28 33
24 28 18
26 32 1
31 33 20
29 32 10
205
{[25, 24, 13, 12, 10]}
{[17, 16, 15, 13, 11]}
34
8 15 4
14 5 33
9 4 7
8 5 7
0 2 5
1 3 4
14 17 11
2 3 11
0 9 3
8 2 10
9 12 31
12 6 7
10 11 20
14 15 18
13 1 6
0 13 16
15 17 19
16 18 6
13 17 26
16 20 29
19 12 32
23 24 25
23 26 27
21 22 28
21 27 30
21 26 29
22 25 18
22 24 31
23 29 30
25 28 19
24 28 33
27 32 10
31 33 20
30 32 1
206
{[25, 24, 13, 12, 10]}
{[17, 16, 15, 13, 11]}
34
8 15 4
14 5 33
9 4 7
8 5 7
0 2 5
1 3 4
14 17 11
2 3 11
0 9 3
8 2 10
9 12 29
12 6 7
10 11 20
14 15 18
13 1 6
0 13 16
15 17 19
16 18 6
13 17 32
16 20 31
19 12 26
23 24 25
23 26 27
21 22 28
21 27 30
21 26 29
22 25 20
22 24 31
23 29 30
25 28 10
24 28 33
27 32 19
31 33 18
30 32 1
207
{[25, 24, 13, 12, 10]}
{[17, 15, 14, 13, 12]}
34
8 15 4
14 5 31
9 4 7
8 5 7
0 2 5
1 3 4
14 17 11
2 3 11
0 9 3
8 2 10
9 12 32
12 6 7
10 11 20
14 15 18
13 1 6
0 13 16
15 17 19
16 18 6
13 17 29
16 20 30
19 12 33
23 24 25
23 26 27
21 22 28
21 27 30
21 26 29
22 25 32
22 24 31
23 29 30
25 28 18
24 28 19
27 33 1
26 33 10
31 32 20
208
{[25, 24, 13, 12, 10]}
{[17, 15, 14, 13, 12]}
34
8 15 4
14 5 31
9 4 7
8 5 7
0 2 5
1 3 4
14 17 11
2 3 11
0 9 3
8 2 10
9 12 30
12 6 7
10 11 20
14 15 18
13 1 6
0 13 16
15 17 19
16 18 6
13 17 33
16 20 32
19 12 29
23 24 25
23 26 27
21 22 28
21 27 30
21 26 29
22 25 32
22 24 31
23 29 30
25 28 20
24 28 10
27 33 1
26 33 19
31 32 18
209
{[25, 24, 23, 22, 10]}
{[5, 4, 2, 1, 0]}
34
8 17 4
16 5 12
9 4 7
8 5 7
0 2 5
1 3 4
16 19 13
2 3 13
0 9 3
8 2 10
9 14 24
12 20 22
1 11 23
14 6 7
10 13 27
16 17 20
15 1 6
0 15 18
17 19 21
18 20 6
15 19 11
22 25 18
21 26 11
24 25 12
23 31 10
21 23 30
22 28 32
29 32 14
26 29 30
27 28 31
25 28 33
24 29 33
26 27 33
30 31 32
210
{[25, 24, 23, 22, 10]}
{[6, 3, 2, 1, 0]}
34
8 17 4
16 5 12
9 4 7
8 5 7
0 2 5
1 3 4
16 19 13
2 3 13
0 9 3
8 2 10
9 14 23
12 20 25
1 11 26
14 6 7
10 13 21
16 17 20
15 1 6
0 15 18
17 19 22
18 20 6
15 19 11
22 24 14
21 27 18
24 25 10
21 23 31
23 30 11
28 32 12
22 29 32
26 29 30
27 28 31
25 28 33
24 29 33
26 27 33
30 31 32
211
{[25, 24, 23, 22, 10]}
{[8, 7, 4, 2, 0]}
34
8 17 4
16 5 12
9 4 7
8 5 7
0 2 5
1 3 4
16 19 13
2 3 13
0 9 3
8 2 10
9 14 21
12 20 23
1 11 31
14 6 7
10 13 22
16 17 20
15 1 6
0 15 18
17 19 25
18 20 6
15 19 11
23 24 10
24 25 14
21 27 11
21 22 26
22 30 18
24 28 32
23 29 32
26 29 30
27 28 31
25 28 33
29 33 12
26 27 33
30 31 32
212
{[25, 24, 23, 22, 10]}
{[9, 7, 3, 2, 0]}
34
8 17 4
16 5 12
9 4 7
8 5 7
0 2 5
1 3 4
16 19 13
2 3 13
0 9 3
8 2 10
9 14 24
12 20 25
1 11 21
14 6 7
10 13 30
16 17 20
15 1 6
0 15 18
17 19 22
18 20 6
15 19 11
23 24 12
23 25 18
21 22 27
21 26 10
22 31 11
24 28 32
23 29 32
26 29 30
27 28 31
28 33 14
25 29 33
26 27 33
30 31 32
213
{[25, 24, 23, 22, 10]}
{[6, 3, 2, 1, 0]}
34
8 17 4
16 5 12
9 4 7
8 5 7
0 2 5
1 3 4
16 19 13
2 3 13
0 9 3
8 2 10
9 14 22
12 20 25
1 11 21
14 6 7
10 13 26
16 17 20
15 1 6
0 15 18
17 19 23
18 20 6
15 19 11
22 24 12
21 27 10
24 25 18
21 23 31
23 30 11
28 32 14
22 29 32
26 29 30
27 28 31
25 28 33
24 29 33
26 27 33
30 31 32
214
{[25, 24, 23, 22, 10]}
{[9, 7, 3, 2, 0]}
34
8 17 4
16 5 12
9 4 7
8 5 7
0 2 5
1 3 4
16 19 13
2 3 13
0 9 3
8 2 10
9 14 22
12 20 25
1 11 30
14 6 7
10 13 21
16 17 20
15 1 6
0 15 18
17 19 24
18 20 6
15 19 11
23 24 14
23 25 10
21 22 27
21 26 18
22 31 11
24 28 32
23 29 32
26 29 30
27 28 31
28 33 12
25 29 33
26 27 33
30 31 32
215
{[25, 24, 23, 22, 10]}
{[5, 4, 2, 1, 0]}
34
8 17 4
16 5 12
9 4 7
8 5 7
0 2 5
1 3 4
16 19 13
2 3 13
0 9 3
8 2 10
9 14 21
12 20 22
1 11 27
14 6 7
10 13 23
16 17 20
15 1 6
0 15 18
17 19 24
18 20 6
15 19 11
22 25 10
21 26 11
24 25 14
23 31 18
21 23 30
22 28 32
29 32 12
26 29 30
27 28 31
25 28 33
24 29 33
26 27 33
30 31 32
216
{[25, 24, 23, 22, 10]}
{[8, 7, 4, 2, 0]}
34
8 17 4
16 5 12
9 4 7
8 5 7
0 2 5
1 3 4
16 19 13
2 3 13
0 9 3
8 2 10
9 14 25
12 20 23
1 11 22
14 6 7
10 13 31
16 17 20
15 1 6
0 15 18
17 19 21
18 20 6
15 19 11
23 24 18
24 25 12
21 27 11
21 22 26
22 30 10
24 28 32
23 29 32
26 29 30
27 28 31
25 28 33
29 33 14
26 27 33
30 31 32
217
{[25, 24, 23, 22, 10]}
{[16, 13, 12, 11, 10]}
34
8 17 4
16 5 12
9 4 7
8 5 7
0 2 5
1 3 4
16 19 13
2 3 13
0 9 3
8 2 10
9 14 33
12 20 32
1 11 31
14 6 7
10 13 26
16 17 20
15 1 6
0 15 18
17 19 27
18 20 6
15 19 11
23 24 25
23 26 27
21 22 28
21 27 30
21 26 29
22 25 14
22 24 18
23 29 30
25 28 32
24 28 31
30 33 12
29 33 11
31 32 10
218
{[25, 24, 23, 22, 10]}
{[17, 16, 14, 12, 10]}
34
8 17 4
16 5 12
9 4 7
8 5 7
0 2 5
1 3 4
16 19 13
2 3 13
0 9 3
8 2 10
9 14 32
12 20 31
1 11 33
14 6 7
10 13 27
16 17 20
15 1 6
0 15 18
17 19 30
18 20 6
15 19 11
23 24 25
23 26 27
21 22 28
21 27 30
21 26 29
22 25 31
22 24 14
23 29 30
25 28 33
24 28 18
26 32 11
31 33 10
29 32 12
219
{[25, 24, 23, 22, 10]}
{[16, 13, 12, 11, 10]}
34
8 17 4
16 5 12
9 4 7
8 5 7
0 2 5
1 3 4
16 19 13
2 3 13
0 9 3
8 2 10
9 14 27
12 20 32
1 11 26
14 6 7
10 13 31
16 17 20
15 1 6
0 15 18
17 19 33
18 20 6
15 19 11
23 24 25
23 26 27
21 22 28
21 27 30
21 26 29
22 25 12
22 24 10
23 29 30
25 28 32
24 28 31
30 33 14
29 33 11
31 32 18
220
{[25, 24, 23, 22, 10]}
{[17, 16, 14, 12, 10]}
34
8 17 4
16 5 12
9 4 7
8 5 7
0 2 5
1 3 4
16 19 13
2 3 13
0 9 3
8 2 10
9 14 30
12 20 31
1 11 27
14 6 7
10 13 33
16 17 20
15 1 6
0 15 18
17 19 32
18 20 6
15 19 11
23 24 25
23 26 27
21 22 28
21 27 30
21 26 29
22 25 31
22 24 12
23 29 30
25 28 33
24 28 10
26 32 11
31 33 18
29 32 14
221
{[25, 24, 23, 22, 10]}
{[17, 16, 15, 13, 11]}
34
8 17 4
16 5 12
9 4 7
8 5 7
0 2 5
1 3 4
16 19 13
2 3 13
0 9 3
8 2 10
9 14 26
12 20 33
1 11 29
14 6 7
10 13 31
16 17 20
15 1 6
0 15 18
17 19 32
18 20 6
15 19 11
23 24 25
23 26 27
21 22 28
21 27 30
21 26 29
22 25 10
22 24 31
23 29 30
25 28 12
24 28 33
27 32 14
31 33 18
30 32 11
222
{[25, 24, 23, 22, 10]}
{[17, 16, 15, 13, 11]}
34
8 17 4
16 5 12
9 4 7
8 5 7
0 2 5
1 3 4
16 19 13
2 3 13
0 9 3
8 2 10
9 14 32
12 20 33
1 11 31
14 6 7
10 13 29
16 17 20
15 1 6
0 15 18
17 19 26
18 20 6
15 19 11
23 24 25
23 26 27
21 22 28
21 27 30
21 26 29
22 25 18
22 24 31
23 29 30
25 28 14
24 28 33
27 32 12
31 33 10
30 32 11
223
{[25, 24, 23, 22, 10]}
{[17, 15, 14, 13, 12]}
34
8 17 4
16 5 12
9 4 7
8 5 7
0 2 5
1 3 4
16 19 13
2 3 13
0 9 3
8 2 10
9 14 29
12 20 31
1 11 30
14 6 7
10 13 32
16 17 20
15 1 6
0 15 18
17 19 33
18 20 6
15 19 11
23 24 25
23 26 27
21 22 28
21 27 30
21 26 29
22 25 32
22 24 31
23 29 30
25 28 10
24 28 12
27 33 11
26 33 14
31 32 18
224
{[25, 24, 23, 22, 10]}
{[17, 15, 14, 13, 12]}
34
8 17 4
16 5 12
9 4 7
8 5 7
0 2 5
1 3 4
16 19 13
2 3 13
0 9 3
8 2 10
9 14 33
12 20 31
1 11 32
14 6 7
10 13 30
16 17 20
15 1 6
0 15 18
17 19 29
18 20 6
15 19 11
23 24 25
23 26 27
21 22 28
21 27 30
21 26 29
22 25 32
22 24 31
23 29 30
25 28 18
24 28 14
27 33 11
26 33 12
31 32 10
225
{[25, 24, 23, 15, 11]}
{[5, 4, 2, 1, 0]}
34
8 16 4
15 5 12
9 4 7
8 5 7
0 2 5
1 3 4
15 18 13
2 3 13
0 9 3
8 2 27
11 20 23
10 12 19
1 11 24
6 7 21
15 16 19
14 1 6
0 14 17
16 18 20
17 19 6
14 18 11
10 17 22
22 25 13
21 26 20
24 25 10
23 31 12
21 23 30
22 28 32
29 32 9
26 29 30
27 28 31
25 28 33
24 29 33
26 27 33
30 31 32
226
{[25, 24, 23, 15, 11]}
{[6, 3, 2, 1, 0]}
34
8 16 4
15 5 12
9 4 7
8 5 7
0 2 5
1 3 4
15 18 13
2 3 13
0 9 3
8 2 21
11 20 26
10 12 19
1 11 23
6 7 22
15 16 19
14 1 6
0 14 17
16 18 20
17 19 6
14 18 11
10 17 25
22 24 9
21 27 13
24 25 12
21 23 31
23 30 20
28 32 10
22 29 32
26 29 30
27 28 31
25 28 33
24 29 33
26 27 33
30 31 32
227
{[25, 24, 23, 15, 11]}
{[8, 7, 4, 2, 0]}
34
8 16 4
15 5 12
9 4 7
8 5 7
0 2 5
1 3 4
15 18 13
2 3 13
0 9 3
8 2 22
11 20 31
10 12 19
1 11 21
6 7 25
15 16 19
14 1 6
0 14 17
16 18 20
17 19 6
14 18 11
10 17 23
23 24 12
24 25 9
21 27 20
21 22 26
22 30 13
24 28 32
23 29 32
26 29 30
27 28 31
25 28 33
29 33 10
26 27 33
30 31 32
228
{[25, 24, 23, 15, 11]}
{[9, 7, 3, 2, 0]}
34
8 16 4
15 5 12
9 4 7
8 5 7
0 2 5
1 3 4
15 18 13
2 3 13
0 9 3
8 2 30
11 20 21
10 12 19
1 11 24
6 7 22
15 16 19
14 1 6
0 14 17
16 18 20
17 19 6
14 18 11
10 17 25
23 24 10
23 25 13
21 22 27
21 26 12
22 31 20
24 28 32
23 29 32
26 29 30
27 28 31
28 33 9
25 29 33
26 27 33
30 31 32
229
{[25, 24, 23, 15, 11]}
{[6, 3, 2, 1, 0]}
34
8 16 4
15 5 12
9 4 7
8 5 7
0 2 5
1 3 4
15 18 13
2 3 13
0 9 3
8 2 26
11 20 21
10 12 19
1 11 22
6 7 23
15 16 19
14 1 6
0 14 17
16 18 20
17 19 6
14 18 11
10 17 25
22 24 10
21 27 12
24 25 13
21 23 31
23 30 20
28 32 9
22 29 32
26 29 30
27 28 31
25 28 33
24 29 33
26 27 33
30 31 32
230
{[25, 24, 23, 15, 11]}
{[9, 7, 3, 2, 0]}
34
8 16 4
15 5 12
9 4 7
8 5 7
0 2 5
1 3 4
15 18 13
2 3 13
0 9 3
8 2 21
11 20 30
10 12 19
1 11 22
6 7 24
15 16 19
14 1 6
0 14 17
16 18 20
17 19 6
14 18 11
10 17 25
23 24 9
23 25 12
21 22 27
21 26 13
22 31 20
24 28 32
23 29 32
26 29 30
27 28 31
28 33 10
25 29 33
26 27 33
30 31 32
231
{[25, 24, 23, 15, 11]}
{[5, 4, 2, 1, 0]}
34
8 16 4
15 5 12
9 4 7
8 5 7
0 2 5
1 3 4
15 18 13
2 3 13
0 9 3
8 2 23
11 20 27
10 12 19
1 11 21
6 7 24
15 16 19
14 1 6
0 14 17
16 18 20
17 19 6
14 18 11
10 17 22
22 25 12
21 26 20
24 25 9
23 31 13
21 23 30
22 28 32
29 32 10
26 29 30
27 28 31
25 28 33
24 29 33
26 27 33
30 31 32
232
{[25, 24, 23, 15, 11]}
{[8, 7, 4, 2, 0]}
34
8 16 4
15 5 12
9 4 7
8 5 7
0 2 5
1 3 4
15 18 13
2 3 13
0 9 3
8 2 31
11 20 22
10 12 19
1 11 25
6 7 21
15 16 19
14 1 6
0 14 17
16 18 20
17 19 6
14 18 11
10 17 23
23 24 13
24 25 10
21 27 20
21 22 26
22 30 12
24 28 32
23 29 32
26 29 30
27 28 31
25 28 33
29 33 9
26 27 33
30 31 32
233
{[25, 24, 23, 15, 11]}
{[16, 13, 12, 11, 10]}
34
8 16 4
15 5 12
9 4 7
8 5 7
0 2 5
1 3 4
15 18 13
2 3 13
0 9 3
8 2 26
11 20 31
10 12 19
1 11 33
6 7 27
15 16 19
14 1 6
0 14 17
16 18 20
17 19 6
14 18 11
10 17 32
23 24 25
23 26 27
21 22 28
21 27 30
21 26 29
22 25 9
22 24 13
23 29 30
25 28 32
24 28 31
30 33 10
29 33 20
31 32 12
234
{[25, 24, 23, 15, 11]}
{[17, 16, 14, 12, 10]}
34
8 16 4
15 5 12
9 4 7
8 5 7
0 2 5
1 3 4
15 18 13
2 3 13
0 9 3
8 2 27
11 20 33
10 12 19
1 11 32
6 7 30
15 16 19
14 1 6
0 14 17
16 18 20
17 19 6
14 18 11
10 17 31
23 24 25
23 26 27
21 22 28
21 27 30
21 26 29
22 25 31
22 24 9
23 29 30
25 28 33
24 28 13
26 32 20
31 33 12
29 32 10
235
{[25, 24, 23, 15, 11]}
{[16, 13, 12, 11, 10]}
34
8 16 4
15 5 12
9 4 7
8 5 7
0 2 5
1 3 4
15 18 13
2 3 13
0 9 3
8 2 31
11 20 26
10 12 19
1 11 27
6 7 33
15 16 19
14 1 6
0 14 17
16 18 20
17 19 6
14 18 11
10 17 32
23 24 25
23 26 27
21 22 28
21 27 30
21 26 29
22 25 10
22 24 12
23 29 30
25 28 32
24 28 31
30 33 9
29 33 20
31 32 13
236
{[25, 24, 23, 15, 11]}
{[17, 16, 14, 12, 10]}
34
8 16 4
15 5 12
9 4 7
8 5 7
0 2 5
1 3 4
15 18 13
2 3 13
0 9 3
8 2 33
11 20 27
10 12 19
1 11 30
6 7 32
15 16 19
14 1 6
0 14 17
16 18 20
17 19 6
14 18 11
10 17 31
23 24 25
23 26 27
21 22 28
21 27 30
21 26 29
22 25 31
22 24 10
23 29 30
25 28 33
24 28 12
26 32 20
31 33 13
29 32 9
237
{[25, 24, 23, 15, 11]}
{[17, 16, 15, 13, 11]}
34
8 16 4
15 5 12
9 4 7
8 5 7
0 2 5
1 3 4
15 18 13
2 3 13
0 9 3
8 2 31
11 20 29
10 12 19
1 11 26
6 7 32
15 16 19
14 1 6
0 14 17
16 18 20
17 19 6
14 18 11
10 17 33
23 24 25
23 26 27
21 22 28
21 27 30
21 26 29
22 25 12
22 24 31
23 29 30
25 28 10
24 28 33
27 32 9
31 33 13
30 32 20
238
{[25, 24, 23, 15, 11]}
{[17, 16, 15, 13, 11]}
34
8 16 4
15 5 12
9 4 7
8 5 7
0 2 5
1 3 4
15 18 13
2 3 13
0 9 3
8 2 29
11 20 31
10 12 19
1 11 32
6 7 26
15 16 19
14 1 6
0 14 17
16 18 20
17 19 6
14 18 11
10 17 33
23 24 25
23 26 27
21 22 28
21 27 30
21 26 29
22 25 13
22 24 31
23 29 30
25 28 9
24 28 33
27 32 10
31 33 12
30 32 20
239
{[25, 24, 23, 15, 11]}
{[17, 15, 14, 13, 12]}
34
8 16 4
15 5 12
9 4 7
8 5 7
0 2 5
1 3 4
15 18 13
2 3 13
0 9 3
8 2 32
11 20 30
10 12 19
1 11 29
6 7 33
15 16 19
14 1 6
0 14 17
16 18 20
17 19 6
14 18 11
10 17 31
23 24 25
23 26 27
21 22 28
21 27 30
21 26 29
22 25 32
22 24 31
23 29 30
25 28 12
24 28 10
27 33 20
26 33 9
31 32 13
240
{[25, 24, 23, 15, 11]}
{[17, 15, 14, 13, 12]}
34
8 16 4
15 5 12
9 4 7
8 5 7
0 2 5
1 3 4
15 18 13
2 3 13
0 9 3
8 2 30
11 20 32
10 12 19
1 11 33
6 7 29
15 16 19
14 1 6
0 14 17
16 18 20
17 19 6
14 18 11
10 17 31
23 24 25
23 26 27
21 22 28
21 27 30
21 26 29
22 25 32
22 24 31
23 29 30
25 28 13
24 28 9
27 33 20
26 33 10
31 32 12
241
{[25, 24, 23, 15, 11]}
{[5, 4, 2, 1, 0]}
34
8 16 4
15 5 12
9 4 7
8 5 7
0 2 5
1 3 4
15 18 13
2 3 13
0 9 3
8 2 23
11 20 27
10 12 19
1 11 21
6 7 24
15 16 19
14 1 6
0 14 17
16 18 20
17 19 6
14 18 11
10 17 22
22 25 12
21 26 20
24 25 9
23 31 13
21 23 30
22 28 32
29 32 10
26 29 30
27 28 31
25 28 33
24 29 33
26 27 33
30 31 32
242
{[25, 24, 23, 15, 11]}
{[6, 3, 2, 1, 0]}
34
8 16 4
15 5 12
9 4 7
8 5 7
0 2 5
1 3 4
15 18 13
2 3 13
0 9 3
8 2 26
11 20 21
10 12 19
1 11 22
6 7 23
15 16 19
14 1 6
0 14 17
16 18 20
17 19 6
14 18 11
10 17 25
22 24 10
21 27 12
24 25 13
21 23 31
23 30 20
28 32 9
22 29 32
26 29 30
27 28 31
25 28 33
24 29 33
26 27 33
30 31 32
243
{[25, 24, 23, 15, 11]}
{[8, 7, 4, 2, 0]}
34
8 16 4
15 5 12
9 4 7
8 5 7
0 2 5
1 3 4
15 18 13
2 3 13
0 9 3
8 2 31
11 20 22
10 12 19
1 11 25
6 7 21
15 16 19
14 1 6
0 14 17
16 18 20
17 19 6
14 18 11
10 17 23
23 24 13
24 25 10
21 27 20
21 22 26
22 30 12
24 28 32
23 29 32
26 29 30
27 28 31
25 28 33
29 33 9
26 27 33
30 31 32
244
{[25, 24, 23, 15, 11]}
{[9, 7, 3, 2, 0]}
34
8 16 4
15 5 12
9 4 7
8 5 7
0 2 5
1 3 4
15 18 13
2 3 13
0 9 3
8 2 21
11 20 30
10 12 19
1 11 22
6 7 24
15 16 19
14 1 6
0 14 17
16 18 20
17 19 6
14 18 11
10 17 25
23 24 9
23 25 12
21 22 27
21 26 13
22 31 20
24 28 32
23 29 32
26 29 30
27 28 31
28 33 10
25 29 33
26 27 33
30 31 32
245
{[25, 24, 23, 15, 11]}
{[6, 3, 2, 1, 0]}
34
8 16 4
15 5 12
9 4 7
8 5 7
0 2 5
1 3 4
15 18 13
2 3 13
0 9 3
8 2 21
11 20 26
10 12 19
1 11 23
6 7 22
15 16 19
14 1 6
0 14 17
16 18 20
17 19 6
14 18 11
10 17 25
22 24 9
21 27 13
24 25 12
21 23 31
23 30 20
28 32 10
22 29 32
26 29 30
27 28 31
25 28 33
24 29 33
26 27 33
30 31 32
246
{[25, 24, 23, 15, 11]}
{[9, 7, 3, 2, 0]}
34
8 16 4
15 5 12
9 4 7
8 5 7
0 2 5
1 3 4
15 18 13
2 3 13
0 9 3
8 2 30
11 20 21
10 12 19
1 11 24
6 7 22
15 16 19
14 1 6
0 14 17
16 18 20
17 19 6
14 18 11
10 17 25
23 24 10
23 25 13
21 22 27
21 26 12
22 31 20
24 28 32
23 29 32
26 29 30
27 28 31
28 33 9
25 29 33
26 27 33
30 31 32
247
{[25, 24, 23, 15, 11]}
{[5, 4, 2, 1, 0]}
34
8 16 4
15 5 12
9 4 7
8 5 7
0 2 5
1 3 4
15 18 13
2 3 13
0 9 3
8 2 27
11 20 23
10 12 19
1 11 24
6 7 21
15 16 19
14 1 6
0 14 17
16 18 20
17 19 6
14 18 11
10 17 22
22 25 13
21 26 20
24 25 10
23 31 12
21 23 30
22 28 32
29 32 9
26 29 30
27 28 31
25 28 33
24 29 33
26 27 33
30 31 32
248
{[25, 24, 23, 15, 11]}
{[8, 7, 4, 2, 0]}
34
8 16 4
15 5 12
9 4 7
8 5 7
0 2 5
1 3 4
15 18 13
2 3 13
0 9 3
8 2 22
11 20 31
10 12 19
1 11 21
6 7 25
15 16 19
14 1 6
0 14 17
16 18 20
17 19 6
14 18 11
10 17 23
23 24 12
24 25 9
21 27 20
21 22 26
22 30 13
24 28 32
23 29 32
26 29 30
27 28 31
25 28 33
29 33 10
26 27 33
30 31 32
249
{[25, 24, 23, 15, 11]}
{[16, 13, 12, 11, 10]}
34
8 16 4
15 5 12
9 4 7
8 5 7
0 2 5
1 3 4
15 18 13
2 3 13
0 9 3
8 2 31
11 20 26
10 12 19
1 11 27
6 7 33
15 16 19
14 1 6
0 14 17
16 18 20
17 19 6
14 18 11
10 17 32
23 24 25
23 26 27
21 22 28
21 27 30
21 26 29
22 25 10
22 24 12
23 29 30
25 28 32
24 28 31
30 33 9
29 33 20
31 32 13
250
{[25, 24, 23, 15, 11]}
{[17, 16, 14, 12, 10]}
34
8 16 4
15 5 12
9 4 7
8 5 7
0 2 5
1 3 4
15 18 13
2 3 13
0 9 3
8 2 33
11 20 27
10 12 19
1 11 30
6 7 32
15 16 19
14 1 6
0 14 17
16 18 20
17 19 6
14 18 11
10 17 31
23 24 25
23 26 27
21 22 28
21 27 30
21 26 29
22 25 31
22 24 10
23 29 30
25 28 33
24 28 12
26 32 20
31 33 13
29 32 9
251
{[25, 24, 23, 15, 11]}
{[16, 13, 12, 11, 10]}
34
8 16 4
15 5 12
9 4 7
8 5 7
0 2 5
1 3 4
15 18 13
2 3 13
0 9 3
8 2 26
11 20 31
10 12 19
1 11 33
6 7 27
15 16 19
14 1 6
0 14 17
16 18 20
17 19 6
14 18 11
10 17 32
23 24 25
23 26 27
21 22 28
21 27 30
21 26 29
22 25 9
22 24 13
23 29 30
25 28 32
24 28 31
30 33 10
29 33 20
31 32 12
252
{[25, 24, 23, 15, 11]}
{[17, 16, 14, 12, 10]}
34
8 16 4
15 5 12
9 4 7
8 5 7
0 2 5
1 3 4
15 18 13
2 3 13
0 9 3
8 2 27
11 20 33
10 12 19
1 11 32
6 7 30
15 16 19
14 1 6
0 14 17
16 18 20
17 19 6
14 18 11
10 17 31
23 24 25
23 26 27
21 22 28
21 27 30
21 26 29
22 25 31
22 24 9
23 29 30
25 28 33
24 28 13
26 32 20
31 33 12
29 32 10
253
{[25, 24, 23, 15, 11]}
{[17, 16, 15, 13, 11]}
34
8 16 4
15 5 12
9 4 7
8 5 7
0 2 5
1 3 4
15 18 13
2 3 13
0 9 3
8 2 29
11 20 31
10 12 19
1 11 32
6 7 26
15 16 19
14 1 6
0 14 17
16 18 20
17 19 6
14 18 11
10 17 33
23 24 25
23 26 27
21 22 28
21 27 30
21 26 29
22 25 13
22 24 31
23 29 30
25 28 9
24 28 33
27 32 10
31 33 12
30 32 20
254
{[25, 24, 23, 15, 11]}
{[17, 16, 15, 13, 11]}
34
8 16 4
15 5 12
9 4 7
8 5 7
0 2 5
1 3 4
15 18 13
2 3 13
0 9 3
8 2 31
11 20 29
10 12 19
1 11 26
6 7 32
15 16 19
14 1 6
0 14 17
16 18 20
17 19 6
14 18 11
10 17 33
23 24 25
23 26 27
21 22 28
21 27 30
21 26 29
22 25 12
22 24 31
23 29 30
25 28 10
24 28 33
27 32 9
31 33 13
30 32 20
255
{[25, 24, 23, 15, 11]}
{[17, 15, 14, 13, 12]}
34
8 16 4
15 5 12
9 4 7
8 5 7
0 2 5
1 3 4
15 18 13
2 3 13
0 9 3
8 2 30
11 20 32
10 12 19
1 11 33
6 7 29
15 16 19
14 1 6
0 14 17
16 18 20
17 19 6
14 18 11
10 17 31
23 24 25
23 26 27
21 22 28
21 27 30
21 26 29
22 25 32
22 24 31
23 29 30
25 28 13
24 28 9
27 33 20
26 33 10
31 32 12
256
{[25, 24, 23, 15, 11]}
{[17, 15, 14, 13, 12]}
34
8 16 4
15 5 12
9 4 7
8 5 7
0 2 5
1 3 4
15 18 13
2 3 13
0 9 3
8 2 32
11 20 30
10 12 19
1 11 29
6 7 33
15 16 19
14 1 6
0 14 17
16 18 20
17 19 6
14 18 11
10 17 31
23 24 25
23 26 27
21 22 28
21 27 30
21 26 29
22 25 32
22 24 31
23 29 30
25 28 12
24 28 10
27 33 20
26 33 9
31 32 13
257
{[21, 20, 19, 18, 16]}
{[5, 4, 2, 1, 0]}
34
8 4 24
16 5 13
9 4 7
8 5 7
0 2 5
1 3 4
16 14 27
2 3 14
0 9 3
8 2 11
19 12 17
19 9 15
10 13 21
1 12 20
15 6 7
11 14 18
1 6 22
10 18 23
20 17 15
20 10 11
19 13 18
22 25 12
21 26 16
24 25 17
23 31 0
21 23 30
22 28 32
29 32 6
26 29 30
27 28 31
25 28 33
24 29 33
26 27 33
30 31 32
258
{[21, 20, 19, 18, 16]}
{[6, 3, 2, 1, 0]}
34
8 4 23
16 5 13
9 4 7
8 5 7
0 2 5
1 3 4
16 14 21
2 3 14
0 9 3
8 2 11
19 12 17
19 9 15
10 13 22
1 12 20
15 6 7
11 14 18
1 6 25
10 18 26
20 17 15
20 10 11
19 13 18
22 24 6
21 27 12
24 25 0
21 23 31
23 30 16
28 32 17
22 29 32
26 29 30
27 28 31
25 28 33
24 29 33
26 27 33
30 31 32
259
{[21, 20, 19, 18, 16]}
{[8, 7, 4, 2, 0]}
34
8 4 21
16 5 13
9 4 7
8 5 7
0 2 5
1 3 4
16 14 22
2 3 14
0 9 3
8 2 11
19 12 17
19 9 15
10 13 25
1 12 20
15 6 7
11 14 18
1 6 23
10 18 31
20 17 15
20 10 11
19 13 18
23 24 0
24 25 6
21 27 16
21 22 26
22 30 12
24 28 32
23 29 32
26 29 30
27 28 31
25 28 33
29 33 17
26 27 33
30 31 32
260
{[21, 20, 19, 18, 16]}
{[9, 7, 3, 2, 0]}
34
8 4 24
16 5 13
9 4 7
8 5 7
0 2 5
1 3 4
16 14 30
2 3 14
0 9 3
8 2 11
19 12 17
19 9 15
10 13 22
1 12 20
15 6 7
11 14 18
1 6 25
10 18 21
20 17 15
20 10 11
19 13 18
23 24 17
23 25 12
21 22 27
21 26 0
22 31 16
24 28 32
23 29 32
26 29 30
27 28 31
28 33 6
25 29 33
26 27 33
30 31 32
261
{[21, 20, 19, 18, 16]}
{[6, 3, 2, 1, 0]}
34
8 4 22
16 5 13
9 4 7
8 5 7
0 2 5
1 3 4
16 14 26
2 3 14
0 9 3
8 2 11
19 12 17
19 9 15
10 13 23
1 12 20
15 6 7
11 14 18
1 6 25
10 18 21
20 17 15
20 10 11
19 13 18
22 24 17
21 27 0
24 25 12
21 23 31
23 30 16
28 32 6
22 29 32
26 29 30
27 28 31
25 28 33
24 29 33
26 27 33
30 31 32
262
{[21, 20, 19, 18, 16]}
{[9, 7, 3, 2, 0]}
34
8 4 22
16 5 13
9 4 7
8 5 7
0 2 5
1 3 4
16 14 21
2 3 14
0 9 3
8 2 11
19 12 17
19 9 15
10 13 24
1 12 20
15 6 7
11 14 18
1 6 25
10 18 30
20 17 15
20 10 11
19 13 18
23 24 6
23 25 0
21 22 27
21 26 12
22 31 16
24 28 32
23 29 32
26 29 30
27 28 31
28 33 17
25 29 33
26 27 33
30 31 32
263
{[21, 20, 19, 18, 16]}
{[5, 4, 2, 1, 0]}
34
8 4 21
16 5 13
9 4 7
8 5 7
0 2 5
1 3 4
16 14 23
2 3 14
0 9 3
8 2 11
19 12 17
19 9 15
10 13 24
1 12 20
15 6 7
11 14 18
1 6 22
10 18 27
20 17 15
20 10 11
19 13 18
22 25 0
21 26 16
24 25 6
23 31 12
21 23 30
22 28 32
29 32 17
26 29 30
27 28 31
25 28 33
24 29 33
26 27 33
30 31 32
264
{[21, 20, 19, 18, 16]}
{[8, 7, 4, 2, 0]}
34
8 4 25
16 5 13
9 4 7
8 5 7
0 2 5
1 3 4
16 14 31
2 3 14
0 9 3
8 2 11
19 12 17
19 9 15
10 13 21
1 12 20
15 6 7
11 14 18
1 6 23
10 18 22
20 17 15
20 10 11
19 13 18
23 24 12
24 25 17
21 27 16
21 22 26
22 30 0
24 28 32
23 29 32
26 29 30
27 28 31
25 28 33
29 33 6
26 27 33
30 31 32
265
{[21, 20, 19, 18, 16]}
{[16, 13, 12, 11, 10]}
34
8 4 33
16 5 13
9 4 7
8 5 7
0 2 5
1 3 4
16 14 26
2 3 14
0 9 3
8 2 11
19 12 17
19 9 15
10 13 27
1 12 20
15 6 7
11 14 18
1 6 32
10 18 31
20 17 15
20 10 11
19 13 18
23 24 25
23 26 27
21 22 28
21 27 30
21 26 29
22 25 6
22 24 12
23 29 30
25 28 32
24 28 31
30 33 17
29 33 16
31 32 0
266
{[21, 20, 19, 18, 16]}
{[17, 16, 14, 12, 10]}
34
8 4 32
16 5 13
9 4 7
8 5 7
0 2 5
1 3 4
16 14 27
2 3 14
0 9 3
8 2 11
19 12 17
19 9 15
10 13 30
1 12 20
15 6 7
11 14 18
1 6 31
10 18 33
20 17 15
20 10 11
19 13 18
23 24 25
23 26 27
21 22 28
21 27 30
21 26 29
22 25 31
22 24 6
23 29 30
25 28 33
24 28 12
26 32 16
31 33 0
29 32 17
267
{[21, 20, 19, 18, 16]}
{[16, 13, 12, 11, 10]}
34
8 4 27
16 5 13
9 4 7
8 5 7
0 2 5
1 3 4
16 14 31
2 3 14
0 9 3
8 2 11
19 12 17
19 9 15
10 13 33
1 12 20
15 6 7
11 14 18
1 6 32
10 18 26
20 17 15
20 10 11
19 13 18
23 24 25
23 26 27
21 22 28
21 27 30
21 26 29
22 25 17
22 24 0
23 29 30
25 28 32
24 28 31
30 33 6
29 33 16
31 32 12
268
{[21, 20, 19, 18, 16]}
{[17, 16, 14, 12, 10]}
34
8 4 30
16 5 13
9 4 7
8 5 7
0 2 5
1 3 4
16 14 33
2 3 14
0 9 3
8 2 11
19 12 17
19 9 15
10 13 32
1 12 20
15 6 7
11 14 18
1 6 31
10 18 27
20 17 15
20 10 11
19 13 18
23 24 25
23 26 27
21 22 28
21 27 30
21 26 29
22 25 31
22 24 17
23 29 30
25 28 33
24 28 0
26 32 16
31 33 12
29 32 6
269
{[21, 20, 19, 18, 16]}
{[17, 16, 15, 13, 11]}
34
8 4 26
16 5 13
9 4 7
8 5 7
0 2 5
1 3 4
16 14 31
2 3 14
0 9 3
8 2 11
19 12 17
19 9 15
10 13 32
1 12 20
15 6 7
11 14 18
1 6 33
10 18 29
20 17 15
20 10 11
19 13 18
23 24 25
23 26 27
21 22 28
21 27 30
21 26 29
22 25 0
22 24 31
23 29 30
25 28 17
24 28 33
27 32 6
31 33 12
30 32 16
270
{[21, 20, 19, 18, 16]}
{[17, 16, 15, 13, 11]}
34
8 4 32
16 5 13
9 4 7
8 5 7
0 2 5
1 3 4
16 14 29
2 3 14
0 9 3
8 2 11
19 12 17
19 9 15
10 13 26
1 12 20
15 6 7
11 14 18
1 6 33
10 18 31
20 17 15
20 10 11
19 13 18
23 24 25
23 26 27
21 22 28
21 27 30
21 26 29
22 25 12
22 24 31
23 29 30
25 28 6
24 28 33
27 32 17
31 33 0
30 32 16
271
{[21, 20, 19, 18, 16]}
{[17, 15, 14, 13, 12]}
34
8 4 29
16 5 13
9 4 7
8 5 7
0 2 5
1 3 4
16 14 32
2 3 14
0 9 3
8 2 11
19 12 17
19 9 15
10 13 33
1 12 20
15 6 7
11 14 18
1 6 31
10 18 30
20 17 15
20 10 11
19 13 18
23 24 25
23 26 27
21 22 28
21 27 30
21 26 29
22 25 32
22 24 31
23 29 30
25 28 0
24 28 17
27 33 16
26 33 6
31 32 12
272
{[21, 20, 19, 18, 16]}
{[17, 15, 14, 13, 12]}
34
8 4 33
16 5 13
9 4 7
8 5 7
0 2 5
1 3 4
16 14 30
2 3 14
0 9 3
8 2 11
19 12 17
19 9 15
10 13 29
1 12 20
15 6 7
11 14 18
1 6 31
10 18 32
20 17 15
20 10 11
19 13 18
23 24 25
23 26 27
21 22 28
21 27 30
21 26 29
22 25 32
22 24 31
23 29 30
25 28 12
24 28 6
27 33 16
26 33 17
31 32 0
273
{[21, 20, 19, 18, 16]}
{[5, 4, 2, 1, 0]}
34
8 4 21
16 5 13
9 4 7
8 5 7
0 2 5
1 3 4
16 14 23
2 3 14
0 9 3
8 2 11
19 12 17
19 9 15
10 13 24
1 12 20
15 6 7
11 14 18
1 6 22
10 18 27
20 17 15
20 10 11
19 13 18
22 25 0
21 26 16
24 25 6
23 31 12
21 23 30
22 28 32
29 32 17
26 29 30
27 28 31
25 28 33
24 29 33
26 27 33
30 31 32
274
{[21, 20, 19, 18, 16]}
{[6, 3, 2, 1, 0]}
34
8 4 22
16 5 13
9 4 7
8 5 7
0 2 5
1 3 4
16 14 26
2 3 14
0 9 3
8 2 11
19 12 17
19 9 15
10 13 23
1 12 20
15 6 7
11 14 18
1 6 25
10 18 21
20 17 15
20 10 11
19 13 18
22 24 17
21 27 0
24 25 12
21 23 31
23 30 16
28 32 6
22 29 32
26 29 30
27 28 31
25 28 33
24 29 33
26 27 33
30 31 32
275
{[21, 20, 19, 18, 16]}
{[8, 7, 4, 2, 0]}
34
8 4 25
16 5 13
9 4 7
8 5 7
0 2 5
1 3 4
16 14 31
2 3 14
0 9 3
8 2 11
19 12 17
19 9 15
10 13 21
1 12 20
15 6 7
11 14 18
1 6 23
10 18 22
20 17 15
20 10 11
19 13 18
23 24 12
24 25 17
21 27 16
21 22 26
22 30 0
24 28 32
23 29 32
26 29 30
27 28 31
25 28 33
29 33 6
26 27 33
30 31 32
276
{[21, 20, 19, 18, 16]}
{[9, 7, 3, 2, 0]}
34
8 4 22
16 5 13
9 4 7
8 5 7
0 2 5
1 3 4
16 14 21
2 3 14
0 9 3
8 2 11
19 12 17
19 9 15
10 13 24
1 12 20
15 6 7
11 14 18
1 6 25
10 18 30
20 17 15
20 10 11
19 13 18
23 24 6
23 25 0
21 22 27
21 26 12
22 31 16
24 28 32
23 29 32
26 29 30
27 28 31
28 33 17
25 29 33
26 27 33
30 31 32
277
{[21, 20, 19, 18, 16]}
{[6, 3, 2, 1, 0]}
34
8 4 23
16 5 13
9 4 7
8 5 7
0 2 5
1 3 4
16 14 21
2 3 14
0 9 3
8 2 11
19 12 17
19 9 15
10 13 22
1 12 20
15 6 7
11 14 18
1 6 25
10 18 26
20 17 15
20 10 11
19 13 18
22 24 6
21 27 12
24 25 0
21 23 31
23 30 16
28 32 17
22 29 32
26 29 30
27 28 31
25 28 33
24 29 33
26 27 33
30 31 32
278
{[21, 20, 19, 18, 16]}
{[9, 7, 3, 2, 0]}
34
8 4 24
16 5 13
9 4 7
8 5 7
0 2 5
1 3 4
16 14 30
2 3 14
0 9 3
8 2 11
19 12 17
19 9 15
10 13 22
1 12 20
15 6 7
11 14 18
1 6 25
10 18 21
20 17 15
20 10 11
19 13 18
23 24 17
23 25 12
21 22 27
21 26 0
22 31 16
24 28 32
23 29 32
26 29 30
27 28 31
28 33 6
25 29 33
26 27 33
30 31 32
279
{[21, 20, 19, 18, 16]}
{[5, 4, 2, 1, 0]}
34
8 4 24
16 5 13
9 4 7
8 5 7
0 2 5
1 3 4
16 14 27
2 3 14
0 9 3
8 2 11
19 12 17
19 9 15
10 13 21
1 12 20
15 6 7
11 14 18
1 6 22
10 18 23
20 17 15
20 10 11
19 13 18
22 25 12
21 26 16
24 25 17
23 31 0
21 23 30
22 28 32
29 32 6
26 29 30
27 28 31
25 28 33
24 29 33
26 27 33
30 31 32
280
{[21, 20, 19, 18, 16]}
{[8, 7, 4, 2, 0]}
34
8 4 21
16 5 13
9 4 7
8 5 7
0 2 5
1 3 4
16 14 22
2 3 14
0 9 3
8 2 11
19 12 17
19 9 15
10 13 25
1 12 20
15 6 7
11 14 18
1 6 23
10 18 31
20 17 15
20 10 11
19 13 18
23 24 0
24 25 6
21 27 16
21 22 26
22 30 12
24 28 32
23 29 32
26 29 30
27 28 31
25 28 33
29 33 17
26 27 33
30 31 32
281
{[21, 20, 19, 18, 16]}
{[16, 13, 12, 11, 10]}
34
8 4 27
16 5 13
9 4 7
8 5 7
0 2 5
1 3 4
16 14 31
2 3 14
0 9 3
8 2 11
19 12 17
19 9 15
10 13 33
1 12 20
15 6 7
11 14 18
1 6 32
10 18 26
20 17 15
20 10 11
19 13 18
23 24 25
23 26 27
21 22 28
21 27 30
21 26 29
22 25 17
22 24 0
23 29 30
25 28 32
24 28 31
30 33 6
29 33 16
31 32 12
282
{[21, 20, 19, 18, 16]}
{[17, 16, 14, 12, 10]}
34
8 4 30
16 5 13
9 4 7
8 5 7
0 2 5
1 3 4
16 14 33
2 3 14
0 9 3
8 2 11
19 12 17
19 9 15
10 13 32
1 12 20
15 6 7
11 14 18
1 6 31
10 18 27
20 17 15
20 10 11
19 13 18
23 24 25
23 26 27
21 22 28
21 27 30
21 26 29
22 25 31
22 24 17
23 29 30
25 28 33
24 28 0
26 32 16
31 33 12
29 32 6
283
{[21, 20, 19, 18, 16]}
{[16, 13, 12, 11, 10]}
34
8 4 33
16 5 13
9 4 7
8 5 7
0 2 5
1 3 4
16 14 26
2 3 14
0 9 3
8 2 11
19 12 17
19 9 15
10 13 27
1 12 20
15 6 7
11 14 18
1 6 32
10 18 31
20 17 15
20 10 11
19 13 18
23 24 25
23 26 27
21 22 28
21 27 30
21 26 29
22 25 6
22 24 12
23 29 30
25 28 32
24 28 31
30 33 17
29 33 16
31 32 0
284
{[21, 20, 19, 18, 16]}
{[17, 16, 14, 12, 10]}
34
8 4 32
16 5 13
9 4 7
8 5 7
0 2 5
1 3 4
16 14 27
2 3 14
0 9 3
8 2 11
19 12 17
19 9 15
10 13 30
1 12 20
15 6 7
11 14 18
1 6 31
10 18 33
20 17 15
20 10 11
19 13 18
23 24 25
23 26 27
21 22 28
21 27 30
21 26 29
22 25 31
22 24 6
23 29 30
25 28 33
24 28 12
26 32 16
31 33 0
29 32 17
285
{[21, 20, 19, 18, 16]}
{[17, 16, 15, 13, 11]}
34
8 4 32
16 5 13
9 4 7
8 5 7
0 2 5
1 3 4
16 14 29
2 3 14
0 9 3
8 2 11
19 12 17
19 9 15
10 13 26
1 12 20
15 6 7
11 14 18
1 6 33
10 18 31
20 17 15
20 10 11
19 13 18
23 24 25
23 26 27
21 22 28
21 27 30
21 26 29
22 25 12
22 24 31
23 29 30
25 28 6
24 28 33
27 32 17
31 33 0
30 32 16
286
{[21, 20, 19, 18, 16]}
{[17, 16, 15, 13, 11]}
34
8 4 26
16 5 13
9 4 7
8 5 7
0 2 5
1 3 4
16 14 31
2 3 14
0 9 3
8 2 11
19 12 17
19 9 15
10 13 32
1 12 20
15 6 7
11 14 18
1 6 33
10 18 29
20 17 15
20 10 11
19 13 18
23 24 25
23 26 27
21 22 28
21 27 30
21 26 29
22 25 0
22 24 31
23 29 30
25 28 17
24 28 33
27 32 6
31 33 12
30 32 16
287
{[21, 20, 19, 18, 16]}
{[17, 15, 14, 13, 12]}
34
8 4 33
16 5 13
9 4 7
8 5 7
0 2 5
1 3 4
16 14 30
2 3 14
0 9 3
8 2 11
19 12 17
19 9 15
10 13 29
1 12 20
15 6 7
11 14 18
1 6 31
10 18 32
20 17 15
20 10 11
19 13 18
23 24 25
23 26 27
21 22 28
21 27 30
21 26 29
22 25 32
22 24 31
23 29 30
25 28 12
24 28 6
27 33 16
26 33 17
31 32 0
288
{[21, 20, 19, 18, 16]}
{[17, 15, 14, 13, 12]}
34
8 4 29
16 5 13
9 4 7
8 5 7
0 2 5
1 3 4
16 14 32
2 3 14
0 9 3
8 2 11
19 12 17
19 9 15
10 13 33
1 12 20
15 6 7
11 14 18
1 6 31
10 18 30
20 17 15
20 10 11
19 13 18
23 24 25
23 26 27
21 22 28
21 27 30
21 26 29
22 25 32
22 24 31
23 29 30
25 28 0
24 28 17
27 33 16
26 33 6
31 32 12
