288
1
{[19, 18, 5, 4, 0]}
{[5, 4, 2, 1, 0]}
34
8 10 11
19 14 4
5 15 23
12 10 4
1 15 3
6 2 17
5 8 16
8 9 12
0 7 6
20 7 10
0 9 3
0 12 27
7 11 3
14 20 22
13 1 16
18 2 4
6 18 14
5 18 21
15 16 17
20 1 24
13 19 9
22 25 17
21 26 13
24 25 2
23 31 19
21 23 30
22 28 32
29 32 11
26 29 30
27 28 31
25 28 33
24 29 33
26 27 33
30 31 32
2
{[19, 18, 5, 4, 0]}
{[6, 3, 2, 1, 0]}
34
8 10 11
19 14 4
5 15 26
12 10 4
1 15 3
6 2 17
5 8 16
8 9 12
0 7 6
20 7 10
0 9 3
0 12 21
7 11 3
14 20 25
13 1 16
18 2 4
6 18 14
5 18 22
15 16 17
20 1 23
13 19 9
22 24 11
21 27 17
24 25 19
21 23 31
23 30 13
28 32 2
22 29 32
26 29 30
27 28 31
25 28 33
24 29 33
26 27 33
30 31 32
3
{[19, 18, 5, 4, 0]}
{[8, 7, 4, 2, 0]}
34
8 10 11
19 14 4
5 15 31
12 10 4
1 15 3
6 2 17
5 8 16
8 9 12
0 7 6
20 7 10
0 9 3
0 12 22
7 11 3
14 20 23
13 1 16
18 2 4
6 18 14
5 18 25
15 16 17
20 1 21
13 19 9
23 24 19
24 25 11
21 27 13
21 22 26
22 30 17
24 28 32
23 29 32
26 29 30
27 28 31
25 28 33
29 33 2
26 27 33
30 31 32
4
{[19, 18, 5, 4, 0]}
{[9, 7, 3, 2, 0]}
34
8 10 11
19 14 4
5 15 21
12 10 4
1 15 3
6 2 17
5 8 16
8 9 12
0 7 6
20 7 10
0 9 3
0 12 30
7 11 3
14 20 25
13 1 16
18 2 4
6 18 14
5 18 22
15 16 17
20 1 24
13 19 9
23 24 2
23 25 17
21 22 27
21 26 19
22 31 13
24 28 32
23 29 32
26 29 30
27 28 31
28 33 11
25 29 33
26 27 33
30 31 32
5
{[19, 18, 5, 4, 0]}
{[6, 3, 2, 1, 0]}
34
8 10 11
19 14 4
5 15 21
12 10 4
1 15 3
6 2 17
5 8 16
8 9 12
0 7 6
20 7 10
0 9 3
0 12 26
7 11 3
14 20 25
13 1 16
18 2 4
6 18 14
5 18 23
15 16 17
20 1 22
13 19 9
22 24 2
21 27 19
24 25 17
21 23 31
23 30 13
28 32 11
22 29 32
26 29 30
27 28 31
25 28 33
24 29 33
26 27 33
30 31 32
6
{[19, 18, 5, 4, 0]}
{[9, 7, 3, 2, 0]}
34
8 10 11
19 14 4
5 15 30
12 10 4
1 15 3
6 2 17
5 8 16
8 9 12
0 7 6
20 7 10
0 9 3
0 12 21
7 11 3
14 20 25
13 1 16
18 2 4
6 18 14
5 18 24
15 16 17
20 1 22
13 19 9
23 24 11
23 25 19
21 22 27
21 26 17
22 31 13
24 28 32
23 29 32
26 29 30
27 28 31
28 33 2
25 29 33
26 27 33
30 31 32
7
{[19, 18, 5, 4, 0]}
{[5, 4, 2, 1, 0]}
34
8 10 11
19 14 4
5 15 27
12 10 4
1 15 3
6 2 17
5 8 16
8 9 12
0 7 6
20 7 10
0 9 3
0 12 23
7 11 3
14 20 22
13 1 16
18 2 4
6 18 14
5 18 24
15 16 17
20 1 21
13 19 9
22 25 19
21 26 13
24 25 11
23 31 17
21 23 30
22 28 32
29 32 2
26 29 30
27 28 31
25 28 33
24 29 33
26 27 33
30 31 32
8
{[19, 18, 5, 4, 0]}
{[8, 7, 4, 2, 0]}
34
8 10 11
19 14 4
5 15 22
12 10 4
1 15 3
6 2 17
5 8 16
8 9 12
0 7 6
20 7 10
0 9 3
0 12 31
7 11 3
14 20 23
13 1 16
18 2 4
6 18 14
5 18 21
15 16 17
20 1 25
13 19 9
23 24 17
24 25 2
21 27 13
21 22 26
22 30 19
24 28 32
23 29 32
26 29 30
27 28 31
25 28 33
29 33 11
26 27 33
30 31 32
9
{[19, 18, 5, 4, 0]}
{[16, 13, 12, 11, 10]}
34
8 10 11
19 14 4
5 15 31
12 10 4
1 15 3
6 2 17
5 8 16
8 9 12
0 7 6
20 7 10
0 9 3
0 12 26
7 11 3
14 20 32
13 1 16
18 2 4
6 18 14
5 18 27
15 16 17
20 1 33
13 19 9
23 24 25
23 26 27
21 22 28
21 27 30
21 26 29
22 25 11
22 24 17
23 29 30
25 28 32
24 28 31
30 33 2
29 33 13
31 32 19
10
{[19, 18, 5, 4, 0]}
{[17, 16, 14, 12, 10]}
34
8 10 11
19 14 4
5 15 33
12 10 4
1 15 3
6 2 17
5 8 16
8 9 12
0 7 6
20 7 10
0 9 3
0 12 27
7 11 3
14 20 31
13 1 16
18 2 4
6 18 14
5 18 30
15 16 17
20 1 32
13 19 9
23 24 25
23 26 27
21 22 28
21 27 30
21 26 29
22 25 31
22 24 11
23 29 30
25 28 33
24 28 17
26 32 13
31 33 19
29 32 2
11
{[19, 18, 5, 4, 0]}
{[16, 13, 12, 11, 10]}
34
8 10 11
19 14 4
5 15 26
12 10 4
1 15 3
6 2 17
5 8 16
8 9 12
0 7 6
20 7 10
0 9 3
0 12 31
7 11 3
14 20 32
13 1 16
18 2 4
6 18 14
5 18 33
15 16 17
20 1 27
13 19 9
23 24 25
23 26 27
21 22 28
21 27 30
21 26 29
22 25 2
22 24 19
23 29 30
25 28 32
24 28 31
30 33 11
29 33 13
31 32 17
12
{[19, 18, 5, 4, 0]}
{[17, 16, 14, 12, 10]}
34
8 10 11
19 14 4
5 15 27
12 10 4
1 15 3
6 2 17
5 8 16
8 9 12
0 7 6
20 7 10
0 9 3
0 12 33
7 11 3
14 20 31
13 1 16
18 2 4
6 18 14
5 18 32
15 16 17
20 1 30
13 19 9
23 24 25
23 26 27
21 22 28
21 27 30
21 26 29
22 25 31
22 24 2
23 29 30
25 28 33
24 28 19
26 32 13
31 33 17
29 32 11
13
{[19, 18, 5, 4, 0]}
{[17, 16, 15, 13, 11]}
34
8 10 11
19 14 4
5 15 29
12 10 4
1 15 3
6 2 17
5 8 16
8 9 12
0 7 6
20 7 10
0 9 3
0 12 31
7 11 3
14 20 33
13 1 16
18 2 4
6 18 14
5 18 32
15 16 17
20 1 26
13 19 9
23 24 25
23 26 27
21 22 28
21 27 30
21 26 29
22 25 19
22 24 31
23 29 30
25 28 2
24 28 33
27 32 11
31 33 17
30 32 13
14
{[19, 18, 5, 4, 0]}
{[17, 16, 15, 13, 11]}
34
8 10 11
19 14 4
5 15 31
12 10 4
1 15 3
6 2 17
5 8 16
8 9 12
0 7 6
20 7 10
0 9 3
0 12 29
7 11 3
14 20 33
13 1 16
18 2 4
6 18 14
5 18 26
15 16 17
20 1 32
13 19 9
23 24 25
23 26 27
21 22 28
21 27 30
21 26 29
22 25 17
22 24 31
23 29 30
25 28 11
24 28 33
27 32 2
31 33 19
30 32 13
15
{[19, 18, 5, 4, 0]}
{[17, 15, 14, 13, 12]}
34
8 10 11
19 14 4
5 15 30
12 10 4
1 15 3
6 2 17
5 8 16
8 9 12
0 7 6
20 7 10
0 9 3
0 12 32
7 11 3
14 20 31
13 1 16
18 2 4
6 18 14
5 18 33
15 16 17
20 1 29
13 19 9
23 24 25
23 26 27
21 22 28
21 27 30
21 26 29
22 25 32
22 24 31
23 29 30
25 28 19
24 28 2
27 33 13
26 33 11
31 32 17
16
{[19, 18, 5, 4, 0]}
{[17, 15, 14, 13, 12]}
34
8 10 11
19 14 4
5 15 32
12 10 4
1 15 3
6 2 17
5 8 16
8 9 12
0 7 6
20 7 10
0 9 3
0 12 30
7 11 3
14 20 31
13 1 16
18 2 4
6 18 14
5 18 29
15 16 17
20 1 33
13 19 9
23 24 25
23 26 27
21 22 28
21 27 30
21 26 29
22 25 32
22 24 31
23 29 30
25 28 17
24 28 11
27 33 13
26 33 2
31 32 19
17
{[25, 24, 16, 4, 0]}
{[5, 4, 2, 1, 0]}
34
9 11 12
14 5 24
6 17 3
16 2 22
13 11 5
1 17 4
7 2 19
6 9 18
9 10 13
0 8 7
8 11 23
0 10 4
0 16 13
8 12 4
1 18 27
16 19 21
15 3 12
20 2 5
7 20 14
6 15 20
17 18 19
22 25 15
21 26 3
24 25 10
23 31 1
21 23 30
22 28 32
29 32 14
26 29 30
27 28 31
25 28 33
24 29 33
26 27 33
30 31 32
18
{[25, 24, 16, 4, 0]}
{[6, 3, 2, 1, 0]}
34
9 11 12
14 5 23
6 17 3
16 2 25
13 11 5
1 17 4
7 2 19
6 9 18
9 10 13
0 8 7
8 11 26
0 10 4
0 16 13
8 12 4
1 18 21
16 19 22
15 3 12
20 2 5
7 20 14
6 15 20
17 18 19
22 24 14
21 27 15
24 25 1
21 23 31
23 30 3
28 32 10
22 29 32
26 29 30
27 28 31
25 28 33
24 29 33
26 27 33
30 31 32
19
{[25, 24, 16, 4, 0]}
{[8, 7, 4, 2, 0]}
34
9 11 12
14 5 21
6 17 3
16 2 23
13 11 5
1 17 4
7 2 19
6 9 18
9 10 13
0 8 7
8 11 31
0 10 4
0 16 13
8 12 4
1 18 22
16 19 25
15 3 12
20 2 5
7 20 14
6 15 20
17 18 19
23 24 1
24 25 14
21 27 3
21 22 26
22 30 15
24 28 32
23 29 32
26 29 30
27 28 31
25 28 33
29 33 10
26 27 33
30 31 32
20
{[25, 24, 16, 4, 0]}
{[9, 7, 3, 2, 0]}
34
9 11 12
14 5 24
6 17 3
16 2 25
13 11 5
1 17 4
7 2 19
6 9 18
9 10 13
0 8 7
8 11 21
0 10 4
0 16 13
8 12 4
1 18 30
16 19 22
15 3 12
20 2 5
7 20 14
6 15 20
17 18 19
23 24 10
23 25 15
21 22 27
21 26 1
22 31 3
24 28 32
23 29 32
26 29 30
27 28 31
28 33 14
25 29 33
26 27 33
30 31 32
21
{[25, 24, 16, 4, 0]}
{[6, 3, 2, 1, 0]}
34
9 11 12
14 5 22
6 17 3
16 2 25
13 11 5
1 17 4
7 2 19
6 9 18
9 10 13
0 8 7
8 11 21
0 10 4
0 16 13
8 12 4
1 18 26
16 19 23
15 3 12
20 2 5
7 20 14
6 15 20
17 18 19
22 24 10
21 27 1
24 25 15
21 23 31
23 30 3
28 32 14
22 29 32
26 29 30
27 28 31
25 28 33
24 29 33
26 27 33
30 31 32
22
{[25, 24, 16, 4, 0]}
{[9, 7, 3, 2, 0]}
34
9 11 12
14 5 22
6 17 3
16 2 25
13 11 5
1 17 4
7 2 19
6 9 18
9 10 13
0 8 7
8 11 30
0 10 4
0 16 13
8 12 4
1 18 21
16 19 24
15 3 12
20 2 5
7 20 14
6 15 20
17 18 19
23 24 14
23 25 1
21 22 27
21 26 15
22 31 3
24 28 32
23 29 32
26 29 30
27 28 31
28 33 10
25 29 33
26 27 33
30 31 32
23
{[25, 24, 16, 4, 0]}
{[5, 4, 2, 1, 0]}
34
9 11 12
14 5 21
6 17 3
16 2 22
13 11 5
1 17 4
7 2 19
6 9 18
9 10 13
0 8 7
8 11 27
0 10 4
0 16 13
8 12 4
1 18 23
16 19 24
15 3 12
20 2 5
7 20 14
6 15 20
17 18 19
22 25 1
21 26 3
24 25 14
23 31 15
21 23 30
22 28 32
29 32 10
26 29 30
27 28 31
25 28 33
24 29 33
26 27 33
30 31 32
24
{[25, 24, 16, 4, 0]}
{[8, 7, 4, 2, 0]}
34
9 11 12
14 5 25
6 17 3
16 2 23
13 11 5
1 17 4
7 2 19
6 9 18
9 10 13
0 8 7
8 11 22
0 10 4
0 16 13
8 12 4
1 18 31
16 19 21
15 3 12
20 2 5
7 20 14
6 15 20
17 18 19
23 24 15
24 25 10
21 27 3
21 22 26
22 30 1
24 28 32
23 29 32
26 29 30
27 28 31
25 28 33
29 33 14
26 27 33
30 31 32
25
{[25, 24, 16, 4, 0]}
{[16, 13, 12, 11, 10]}
34
9 11 12
14 5 33
6 17 3
16 2 32
13 11 5
1 17 4
7 2 19
6 9 18
9 10 13
0 8 7
8 11 31
0 10 4
0 16 13
8 12 4
1 18 26
16 19 27
15 3 12
20 2 5
7 20 14
6 15 20
17 18 19
23 24 25
23 26 27
21 22 28
21 27 30
21 26 29
22 25 14
22 24 15
23 29 30
25 28 32
24 28 31
30 33 10
29 33 3
31 32 1
26
{[25, 24, 16, 4, 0]}
{[17, 16, 14, 12, 10]}
34
9 11 12
14 5 32
6 17 3
16 2 31
13 11 5
1 17 4
7 2 19
6 9 18
9 10 13
0 8 7
8 11 33
0 10 4
0 16 13
8 12 4
1 18 27
16 19 30
15 3 12
20 2 5
7 20 14
6 15 20
17 18 19
23 24 25
23 26 27
21 22 28
21 27 30
21 26 29
22 25 31
22 24 14
23 29 30
25 28 33
24 28 15
26 32 3
31 33 1
29 32 10
27
{[25, 24, 16, 4, 0]}
{[16, 13, 12, 11, 10]}
34
9 11 12
14 5 27
6 17 3
16 2 32
13 11 5
1 17 4
7 2 19
6 9 18
9 10 13
0 8 7
8 11 26
0 10 4
0 16 13
8 12 4
1 18 31
16 19 33
15 3 12
20 2 5
7 20 14
6 15 20
17 18 19
23 24 25
23 26 27
21 22 28
21 27 30
21 26 29
22 25 10
22 24 1
23 29 30
25 28 32
24 28 31
30 33 14
29 33 3
31 32 15
28
{[25, 24, 16, 4, 0]}
{[17, 16, 14, 12, 10]}
34
9 11 12
14 5 30
6 17 3
16 2 31
13 11 5
1 17 4
7 2 19
6 9 18
9 10 13
0 8 7
8 11 27
0 10 4
0 16 13
8 12 4
1 18 33
16 19 32
15 3 12
20 2 5
7 20 14
6 15 20
17 18 19
23 24 25
23 26 27
21 22 28
21 27 30
21 26 29
22 25 31
22 24 10
23 29 30
25 28 33
24 28 1
26 32 3
31 33 15
29 32 14
29
{[25, 24, 16, 4, 0]}
{[17, 16, 15, 13, 11]}
34
9 11 12
14 5 26
6 17 3
16 2 33
13 11 5
1 17 4
7 2 19
6 9 18
9 10 13
0 8 7
8 11 29
0 10 4
0 16 13
8 12 4
1 18 31
16 19 32
15 3 12
20 2 5
7 20 14
6 15 20
17 18 19
23 24 25
23 26 27
21 22 28
21 27 30
21 26 29
22 25 1
22 24 31
23 29 30
25 28 10
24 28 33
27 32 14
31 33 15
30 32 3
30
{[25, 24, 16, 4, 0]}
{[17, 16, 15, 13, 11]}
34
9 11 12
14 5 32
6 17 3
16 2 33
13 11 5
1 17 4
7 2 19
6 9 18
9 10 13
0 8 7
8 11 31
0 10 4
0 16 13
8 12 4
1 18 29
16 19 26
15 3 12
20 2 5
7 20 14
6 15 20
17 18 19
23 24 25
23 26 27
21 22 28
21 27 30
21 26 29
22 25 15
22 24 31
23 29 30
25 28 14
24 28 33
27 32 10
31 33 1
30 32 3
31
{[25, 24, 16, 4, 0]}
{[17, 15, 14, 13, 12]}
34
9 11 12
14 5 29
6 17 3
16 2 31
13 11 5
1 17 4
7 2 19
6 9 18
9 10 13
0 8 7
8 11 30
0 10 4
0 16 13
8 12 4
1 18 32
16 19 33
15 3 12
20 2 5
7 20 14
6 15 20
17 18 19
23 24 25
23 26 27
21 22 28
21 27 30
21 26 29
22 25 32
22 24 31
23 29 30
25 28 1
24 28 10
27 33 3
26 33 14
31 32 15
32
{[25, 24, 16, 4, 0]}
{[17, 15, 14, 13, 12]}
34
9 11 12
14 5 33
6 17 3
16 2 31
13 11 5
1 17 4
7 2 19
6 9 18
9 10 13
0 8 7
8 11 32
0 10 4
0 16 13
8 12 4
1 18 30
16 19 29
15 3 12
20 2 5
7 20 14
6 15 20
17 18 19
23 24 25
23 26 27
21 22 28
21 27 30
21 26 29
22 25 32
22 24 31
23 29 30
25 28 15
24 28 14
27 33 3
26 33 10
31 32 1
33
{[25, 24, 16, 4, 0]}
{[5, 4, 2, 1, 0]}
34
9 11 12
14 5 21
6 17 3
16 2 22
13 11 5
1 17 4
7 2 19
6 9 18
9 10 13
0 8 7
8 11 27
0 10 4
0 16 13
8 12 4
1 18 23
16 19 24
15 3 12
20 2 5
7 20 14
6 15 20
17 18 19
22 25 1
21 26 3
24 25 14
23 31 15
21 23 30
22 28 32
29 32 10
26 29 30
27 28 31
25 28 33
24 29 33
26 27 33
30 31 32
34
{[25, 24, 16, 4, 0]}
{[6, 3, 2, 1, 0]}
34
9 11 12
14 5 22
6 17 3
16 2 25
13 11 5
1 17 4
7 2 19
6 9 18
9 10 13
0 8 7
8 11 21
0 10 4
0 16 13
8 12 4
1 18 26
16 19 23
15 3 12
20 2 5
7 20 14
6 15 20
17 18 19
22 24 10
21 27 1
24 25 15
21 23 31
23 30 3
28 32 14
22 29 32
26 29 30
27 28 31
25 28 33
24 29 33
26 27 33
30 31 32
35
{[25, 24, 16, 4, 0]}
{[8, 7, 4, 2, 0]}
34
9 11 12
14 5 25
6 17 3
16 2 23
13 11 5
1 17 4
7 2 19
6 9 18
9 10 13
0 8 7
8 11 22
0 10 4
0 16 13
8 12 4
1 18 31
16 19 21
15 3 12
20 2 5
7 20 14
6 15 20
17 18 19
23 24 15
24 25 10
21 27 3
21 22 26
22 30 1
24 28 32
23 29 32
26 29 30
27 28 31
25 28 33
29 33 14
26 27 33
30 31 32
36
{[25, 24, 16, 4, 0]}
{[9, 7, 3, 2, 0]}
34
9 11 12
14 5 22
6 17 3
16 2 25
13 11 5
1 17 4
7 2 19
6 9 18
9 10 13
0 8 7
8 11 30
0 10 4
0 16 13
8 12 4
1 18 21
16 19 24
15 3 12
20 2 5
7 20 14
6 15 20
17 18 19
23 24 14
23 25 1
21 22 27
21 26 15
22 31 3
24 28 32
23 29 32
26 29 30
27 28 31
28 33 10
25 29 33
26 27 33
30 31 32
37
{[25, 24, 16, 4, 0]}
{[6, 3, 2, 1, 0]}
34
9 11 12
14 5 23
6 17 3
16 2 25
13 11 5
1 17 4
7 2 19
6 9 18
9 10 13
0 8 7
8 11 26
0 10 4
0 16 13
8 12 4
1 18 21
16 19 22
15 3 12
20 2 5
7 20 14
6 15 20
17 18 19
22 24 14
21 27 15
24 25 1
21 23 31
23 30 3
28 32 10
22 29 32
26 29 30
27 28 31
25 28 33
24 29 33
26 27 33
30 31 32
38
{[25, 24, 16, 4, 0]}
{[9, 7, 3, 2, 0]}
34
9 11 12
14 5 24
6 17 3
16 2 25
13 11 5
1 17 4
7 2 19
6 9 18
9 10 13
0 8 7
8 11 21
0 10 4
0 16 13
8 12 4
1 18 30
16 19 22
15 3 12
20 2 5
7 20 14
6 15 20
17 18 19
23 24 10
23 25 15
21 22 27
21 26 1
22 31 3
24 28 32
23 29 32
26 29 30
27 28 31
28 33 14
25 29 33
26 27 33
30 31 32
39
{[25, 24, 16, 4, 0]}
{[5, 4, 2, 1, 0]}
34
9 11 12
14 5 24
6 17 3
16 2 22
13 11 5
1 17 4
7 2 19
6 9 18
9 10 13
0 8 7
8 11 23
0 10 4
0 16 13
8 12 4
1 18 27
16 19 21
15 3 12
20 2 5
7 20 14
6 15 20
17 18 19
22 25 15
21 26 3
24 25 10
23 31 1
21 23 30
22 28 32
29 32 14
26 29 30
27 28 31
25 28 33
24 29 33
26 27 33
30 31 32
40
{[25, 24, 16, 4, 0]}
{[8, 7, 4, 2, 0]}
34
9 11 12
14 5 21
6 17 3
16 2 23
13 11 5
1 17 4
7 2 19
6 9 18
9 10 13
0 8 7
8 11 31
0 10 4
0 16 13
8 12 4
1 18 22
16 19 25
15 3 12
20 2 5
7 20 14
6 15 20
17 18 19
23 24 1
24 25 14
21 27 3
21 22 26
22 30 15
24 28 32
23 29 32
26 29 30
27 28 31
25 28 33
29 33 10
26 27 33
30 31 32
41
{[25, 24, 16, 4, 0]}
{[16, 13, 12, 11, 10]}
34
9 11 12
14 5 27
6 17 3
16 2 32
13 11 5
1 17 4
7 2 19
6 9 18
9 10 13
0 8 7
8 11 26
0 10 4
0 16 13
8 12 4
1 18 31
16 19 33
15 3 12
20 2 5
7 20 14
6 15 20
17 18 19
23 24 25
23 26 27
21 22 28
21 27 30
21 26 29
22 25 10
22 24 1
23 29 30
25 28 32
24 28 31
30 33 14
29 33 3
31 32 15
42
{[25, 24, 16, 4, 0]}
{[17, 16, 14, 12, 10]}
34
9 11 12
14 5 30
6 17 3
16 2 31
13 11 5
1 17 4
7 2 19
6 9 18
9 10 13
0 8 7
8 11 27
0 10 4
0 16 13
8 12 4
1 18 33
16 19 32
15 3 12
20 2 5
7 20 14
6 15 20
17 18 19
23 24 25
23 26 27
21 22 28
21 27 30
21 26 29
22 25 31
22 24 10
23 29 30
25 28 33
24 28 1
26 32 3
31 33 15
29 32 14
43
{[25, 24, 16, 4, 0]}
{[16, 13, 12, 11, 10]}
34
9 11 12
14 5 33
6 17 3
16 2 32
13 11 5
1 17 4
7 2 19
6 9 18
9 10 13
0 8 7
8 11 31
0 10 4
0 16 13
8 12 4
1 18 26
16 19 27
15 3 12
20 2 5
7 20 14
6 15 20
17 18 19
23 24 25
23 26 27
21 22 28
21 27 30
21 26 29
22 25 14
22 24 15
23 29 30
25 28 32
24 28 31
30 33 10
29 33 3
31 32 1
44
{[25, 24, 16, 4, 0]}
{[17, 16, 14, 12, 10]}
34
9 11 12
14 5 32
6 17 3
16 2 31
13 11 5
1 17 4
7 2 19
6 9 18
9 10 13
0 8 7
8 11 33
0 10 4
0 16 13
8 12 4
1 18 27
16 19 30
15 3 12
20 2 5
7 20 14
6 15 20
17 18 19
23 24 25
23 26 27
21 22 28
21 27 30
21 26 29
22 25 31
22 24 14
23 29 30
25 28 33
24 28 15
26 32 3
31 33 1
29 32 10
45
{[25, 24, 16, 4, 0]}
{[17, 16, 15, 13, 11]}
34
9 11 12
14 5 32
6 17 3
16 2 33
13 11 5
1 17 4
7 2 19
6 9 18
9 10 13
0 8 7
8 11 31
0 10 4
0 16 13
8 12 4
1 18 29
16 19 26
15 3 12
20 2 5
7 20 14
6 15 20
17 18 19
23 24 25
23 26 27
21 22 28
21 27 30
21 26 29
22 25 15
22 24 31
23 29 30
25 28 14
24 28 33
27 32 10
31 33 1
30 32 3
46
{[25, 24, 16, 4, 0]}
{[17, 16, 15, 13, 11]}
34
9 11 12
14 5 26
6 17 3
16 2 33
13 11 5
1 17 4
7 2 19
6 9 18
9 10 13
0 8 7
8 11 29
0 10 4
0 16 13
8 12 4
1 18 31
16 19 32
15 3 12
20 2 5
7 20 14
6 15 20
17 18 19
23 24 25
23 26 27
21 22 28
21 27 30
21 26 29
22 25 1
22 24 31
23 29 30
25 28 10
24 28 33
27 32 14
31 33 15
30 32 3
47
{[25, 24, 16, 4, 0]}
{[17, 15, 14, 13, 12]}
34
9 11 12
14 5 33
6 17 3
16 2 31
13 11 5
1 17 4
7 2 19
6 9 18
9 10 13
0 8 7
8 11 32
0 10 4
0 16 13
8 12 4
1 18 30
16 19 29
15 3 12
20 2 5
7 20 14
6 15 20
17 18 19
23 24 25
23 26 27
21 22 28
21 27 30
21 26 29
22 25 32
22 24 31
23 29 30
25 28 15
24 28 14
27 33 3
26 33 10
31 32 1
48
{[25, 24, 16, 4, 0]}
{[17, 15, 14, 13, 12]}
34
9 11 12
14 5 29
6 17 3
16 2 31
13 11 5
1 17 4
7 2 19
6 9 18
9 10 13
0 8 7
8 11 30
0 10 4
0 16 13
8 12 4
1 18 32
16 19 33
15 3 12
20 2 5
7 20 14
6 15 20
17 18 19
23 24 25
23 26 27
21 22 28
21 27 30
21 26 29
22 25 32
22 24 31
23 29 30
25 28 1
24 28 10
27 33 3
26 33 14
31 32 15
49
{[19, 18, 5, 4, 0]}
{[5, 4, 2, 1, 0]}
34
8 10 11
19 14 4
5 15 27
12 10 4
1 15 3
6 2 17
5 8 16
8 9 12
0 7 6
20 7 10
0 9 3
0 12 23
7 11 3
14 20 22
13 1 16
18 2 4
6 18 14
5 18 24
15 16 17
20 1 21
13 19 9
22 25 19
21 26 13
24 25 11
23 31 17
21 23 30
22 28 32
29 32 2
26 29 30
27 28 31
25 28 33
24 29 33
26 27 33
30 31 32
50
{[19, 18, 5, 4, 0]}
{[6, 3, 2, 1, 0]}
34
8 10 11
19 14 4
5 15 21
12 10 4
1 15 3
6 2 17
5 8 16
8 9 12
0 7 6
20 7 10
0 9 3
0 12 26
7 11 3
14 20 25
13 1 16
18 2 4
6 18 14
5 18 23
15 16 17
20 1 22
13 19 9
22 24 2
21 27 19
24 25 17
21 23 31
23 30 13
28 32 11
22 29 32
26 29 30
27 28 31
25 28 33
24 29 33
26 27 33
30 31 32
51
{[19, 18, 5, 4, 0]}
{[8, 7, 4, 2, 0]}
34
8 10 11
19 14 4
5 15 22
12 10 4
1 15 3
6 2 17
5 8 16
8 9 12
0 7 6
20 7 10
0 9 3
0 12 31
7 11 3
14 20 23
13 1 16
18 2 4
6 18 14
5 18 21
15 16 17
20 1 25
13 19 9
23 24 17
24 25 2
21 27 13
21 22 26
22 30 19
24 28 32
23 29 32
26 29 30
27 28 31
25 28 33
29 33 11
26 27 33
30 31 32
52
{[19, 18, 5, 4, 0]}
{[9, 7, 3, 2, 0]}
34
8 10 11
19 14 4
5 15 30
12 10 4
1 15 3
6 2 17
5 8 16
8 9 12
0 7 6
20 7 10
0 9 3
0 12 21
7 11 3
14 20 25
13 1 16
18 2 4
6 18 14
5 18 24
15 16 17
20 1 22
13 19 9
23 24 11
23 25 19
21 22 27
21 26 17
22 31 13
24 28 32
23 29 32
26 29 30
27 28 31
28 33 2
25 29 33
26 27 33
30 31 32
53
{[19, 18, 5, 4, 0]}
{[6, 3, 2, 1, 0]}
34
8 10 11
19 14 4
5 15 26
12 10 4
1 15 3
6 2 17
5 8 16
8 9 12
0 7 6
20 7 10
0 9 3
0 12 21
7 11 3
14 20 25
13 1 16
18 2 4
6 18 14
5 18 22
15 16 17
20 1 23
13 19 9
22 24 11
21 27 17
24 25 19
21 23 31
23 30 13
28 32 2
22 29 32
26 29 30
27 28 31
25 28 33
24 29 33
26 27 33
30 31 32
54
{[19, 18, 5, 4, 0]}
{[9, 7, 3, 2, 0]}
34
8 10 11
19 14 4
5 15 21
12 10 4
1 15 3
6 2 17
5 8 16
8 9 12
0 7 6
20 7 10
0 9 3
0 12 30
7 11 3
14 20 25
13 1 16
18 2 4
6 18 14
5 18 22
15 16 17
20 1 24
13 19 9
23 24 2
23 25 17
21 22 27
21 26 19
22 31 13
24 28 32
23 29 32
26 29 30
27 28 31
28 33 11
25 29 33
26 27 33
30 31 32
55
{[19, 18, 5, 4, 0]}
{[5, 4, 2, 1, 0]}
34
8 10 11
19 14 4
5 15 23
12 10 4
1 15 3
6 2 17
5 8 16
8 9 12
0 7 6
20 7 10
0 9 3
0 12 27
7 11 3
14 20 22
13 1 16
18 2 4
6 18 14
5 18 21
15 16 17
20 1 24
13 19 9
22 25 17
21 26 13
24 25 2
23 31 19
21 23 30
22 28 32
29 32 11
26 29 30
27 28 31
25 28 33
24 29 33
26 27 33
30 31 32
56
{[19, 18, 5, 4, 0]}
{[8, 7, 4, 2, 0]}
34
8 10 11
19 14 4
5 15 31
12 10 4
1 15 3
6 2 17
5 8 16
8 9 12
0 7 6
20 7 10
0 9 3
0 12 22
7 11 3
14 20 23
13 1 16
18 2 4
6 18 14
5 18 25
15 16 17
20 1 21
13 19 9
23 24 19
24 25 11
21 27 13
21 22 26
22 30 17
24 28 32
23 29 32
26 29 30
27 28 31
25 28 33
29 33 2
26 27 33
30 31 32
57
{[19, 18, 5, 4, 0]}
{[16, 13, 12, 11, 10]}
34
8 10 11
19 14 4
5 15 26
12 10 4
1 15 3
6 2 17
5 8 16
8 9 12
0 7 6
20 7 10
0 9 3
0 12 31
7 11 3
14 20 32
13 1 16
18 2 4
6 18 14
5 18 33
15 16 17
20 1 27
13 19 9
23 24 25
23 26 27
21 22 28
21 27 30
21 26 29
22 25 2
22 24 19
23 29 30
25 28 32
24 28 31
30 33 11
29 33 13
31 32 17
58
{[19, 18, 5, 4, 0]}
{[17, 16, 14, 12, 10]}
34
8 10 11
19 14 4
5 15 27
12 10 4
1 15 3
6 2 17
5 8 16
8 9 12
0 7 6
20 7 10
0 9 3
0 12 33
7 11 3
14 20 31
13 1 16
18 2 4
6 18 14
5 18 32
15 16 17
20 1 30
13 19 9
23 24 25
23 26 27
21 22 28
21 27 30
21 26 29
22 25 31
22 24 2
23 29 30
25 28 33
24 28 19
26 32 13
31 33 17
29 32 11
59
{[19, 18, 5, 4, 0]}
{[16, 13, 12, 11, 10]}
34
8 10 11
19 14 4
5 15 31
12 10 4
1 15 3
6 2 17
5 8 16
8 9 12
0 7 6
20 7 10
0 9 3
0 12 26
7 11 3
14 20 32
13 1 16
18 2 4
6 18 14
5 18 27
15 16 17
20 1 33
13 19 9
23 24 25
23 26 27
21 22 28
21 27 30
21 26 29
22 25 11
22 24 17
23 29 30
25 28 32
24 28 31
30 33 2
29 33 13
31 32 19
60
{[19, 18, 5, 4, 0]}
{[17, 16, 14, 12, 10]}
34
8 10 11
19 14 4
5 15 33
12 10 4
1 15 3
6 2 17
5 8 16
8 9 12
0 7 6
20 7 10
0 9 3
0 12 27
7 11 3
14 20 31
13 1 16
18 2 4
6 18 14
5 18 30
15 16 17
20 1 32
13 19 9
23 24 25
23 26 27
21 22 28
21 27 30
21 26 29
22 25 31
22 24 11
23 29 30
25 28 33
24 28 17
26 32 13
31 33 19
29 32 2
61
{[19, 18, 5, 4, 0]}
{[17, 16, 15, 13, 11]}
34
8 10 11
19 14 4
5 15 31
12 10 4
1 15 3
6 2 17
5 8 16
8 9 12
0 7 6
20 7 10
0 9 3
0 12 29
7 11 3
14 20 33
13 1 16
18 2 4
6 18 14
5 18 26
15 16 17
20 1 32
13 19 9
23 24 25
23 26 27
21 22 28
21 27 30
21 26 29
22 25 17
22 24 31
23 29 30
25 28 11
24 28 33
27 32 2
31 33 19
30 32 13
62
{[19, 18, 5, 4, 0]}
{[17, 16, 15, 13, 11]}
34
8 10 11
19 14 4
5 15 29
12 10 4
1 15 3
6 2 17
5 8 16
8 9 12
0 7 6
20 7 10
0 9 3
0 12 31
7 11 3
14 20 33
13 1 16
18 2 4
6 18 14
5 18 32
15 16 17
20 1 26
13 19 9
23 24 25
23 26 27
21 22 28
21 27 30
21 26 29
22 25 19
22 24 31
23 29 30
25 28 2
24 28 33
27 32 11
31 33 17
30 32 13
63
{[19, 18, 5, 4, 0]}
{[17, 15, 14, 13, 12]}
34
8 10 11
19 14 4
5 15 32
12 10 4
1 15 3
6 2 17
5 8 16
8 9 12
0 7 6
20 7 10
0 9 3
0 12 30
7 11 3
14 20 31
13 1 16
18 2 4
6 18 14
5 18 29
15 16 17
20 1 33
13 19 9
23 24 25
23 26 27
21 22 28
21 27 30
21 26 29
22 25 32
22 24 31
23 29 30
25 28 17
24 28 11
27 33 13
26 33 2
31 32 19
64
{[19, 18, 5, 4, 0]}
{[17, 15, 14, 13, 12]}
34
8 10 11
19 14 4
5 15 30
12 10 4
1 15 3
6 2 17
5 8 16
8 9 12
0 7 6
20 7 10
0 9 3
0 12 32
7 11 3
14 20 31
13 1 16
18 2 4
6 18 14
5 18 33
15 16 17
20 1 29
13 19 9
23 24 25
23 26 27
21 22 28
21 27 30
21 26 29
22 25 32
22 24 31
23 29 30
25 28 19
24 28 2
27 33 13
26 33 11
31 32 17
65
{[13, 12, 11, 10, 1]}
{[5, 4, 2, 1, 0]}
34
11 13 3
19 12 6
7 15 4
0 19 4
14 2 3
10 6 21
1 15 5
8 2 17
7 16 24
14 10 22
9 5 23
0 12 20
11 1 16
0 14 17
13 4 9
18 2 6
8 18 12
7 13 18
15 16 17
20 1 3
11 19 27
22 25 5
21 26 9
24 25 10
23 31 8
21 23 30
22 28 32
29 32 20
26 29 30
27 28 31
25 28 33
24 29 33
26 27 33
30 31 32
66
{[13, 12, 11, 10, 1]}
{[6, 3, 2, 1, 0]}
34
11 13 3
19 12 6
7 15 4
0 19 4
14 2 3
10 6 22
1 15 5
8 2 17
7 16 23
14 10 25
9 5 26
0 12 20
11 1 16
0 14 17
13 4 9
18 2 6
8 18 12
7 13 18
15 16 17
20 1 3
11 19 21
22 24 20
21 27 5
24 25 8
21 23 31
23 30 9
28 32 10
22 29 32
26 29 30
27 28 31
25 28 33
24 29 33
26 27 33
30 31 32
67
{[13, 12, 11, 10, 1]}
{[8, 7, 4, 2, 0]}
34
11 13 3
19 12 6
7 15 4
0 19 4
14 2 3
10 6 25
1 15 5
8 2 17
7 16 21
14 10 23
9 5 31
0 12 20
11 1 16
0 14 17
13 4 9
18 2 6
8 18 12
7 13 18
15 16 17
20 1 3
11 19 22
23 24 8
24 25 20
21 27 9
21 22 26
22 30 5
24 28 32
23 29 32
26 29 30
27 28 31
25 28 33
29 33 10
26 27 33
30 31 32
68
{[13, 12, 11, 10, 1]}
{[9, 7, 3, 2, 0]}
34
11 13 3
19 12 6
7 15 4
0 19 4
14 2 3
10 6 22
1 15 5
8 2 17
7 16 24
14 10 25
9 5 21
0 12 20
11 1 16
0 14 17
13 4 9
18 2 6
8 18 12
7 13 18
15 16 17
20 1 3
11 19 30
23 24 10
23 25 5
21 22 27
21 26 8
22 31 9
24 28 32
23 29 32
26 29 30
27 28 31
28 33 20
25 29 33
26 27 33
30 31 32
69
{[13, 12, 11, 10, 1]}
{[6, 3, 2, 1, 0]}
34
11 13 3
19 12 6
7 15 4
0 19 4
14 2 3
10 6 23
1 15 5
8 2 17
7 16 22
14 10 25
9 5 21
0 12 20
11 1 16
0 14 17
13 4 9
18 2 6
8 18 12
7 13 18
15 16 17
20 1 3
11 19 26
22 24 10
21 27 8
24 25 5
21 23 31
23 30 9
28 32 20
22 29 32
26 29 30
27 28 31
25 28 33
24 29 33
26 27 33
30 31 32
70
{[13, 12, 11, 10, 1]}
{[9, 7, 3, 2, 0]}
34
11 13 3
19 12 6
7 15 4
0 19 4
14 2 3
10 6 24
1 15 5
8 2 17
7 16 22
14 10 25
9 5 30
0 12 20
11 1 16
0 14 17
13 4 9
18 2 6
8 18 12
7 13 18
15 16 17
20 1 3
11 19 21
23 24 20
23 25 8
21 22 27
21 26 5
22 31 9
24 28 32
23 29 32
26 29 30
27 28 31
28 33 10
25 29 33
26 27 33
30 31 32
71
{[13, 12, 11, 10, 1]}
{[5, 4, 2, 1, 0]}
34
11 13 3
19 12 6
7 15 4
0 19 4
14 2 3
10 6 24
1 15 5
8 2 17
7 16 21
14 10 22
9 5 27
0 12 20
11 1 16
0 14 17
13 4 9
18 2 6
8 18 12
7 13 18
15 16 17
20 1 3
11 19 23
22 25 8
21 26 9
24 25 20
23 31 5
21 23 30
22 28 32
29 32 10
26 29 30
27 28 31
25 28 33
24 29 33
26 27 33
30 31 32
72
{[13, 12, 11, 10, 1]}
{[8, 7, 4, 2, 0]}
34
11 13 3
19 12 6
7 15 4
0 19 4
14 2 3
10 6 21
1 15 5
8 2 17
7 16 25
14 10 23
9 5 22
0 12 20
11 1 16
0 14 17
13 4 9
18 2 6
8 18 12
7 13 18
15 16 17
20 1 3
11 19 31
23 24 5
24 25 10
21 27 9
21 22 26
22 30 8
24 28 32
23 29 32
26 29 30
27 28 31
25 28 33
29 33 20
26 27 33
30 31 32
73
{[13, 12, 11, 10, 1]}
{[16, 13, 12, 11, 10]}
34
11 13 3
19 12 6
7 15 4
0 19 4
14 2 3
10 6 27
1 15 5
8 2 17
7 16 33
14 10 32
9 5 31
0 12 20
11 1 16
0 14 17
13 4 9
18 2 6
8 18 12
7 13 18
15 16 17
20 1 3
11 19 26
23 24 25
23 26 27
21 22 28
21 27 30
21 26 29
22 25 20
22 24 5
23 29 30
25 28 32
24 28 31
30 33 10
29 33 9
31 32 8
74
{[13, 12, 11, 10, 1]}
{[17, 16, 14, 12, 10]}
34
11 13 3
19 12 6
7 15 4
0 19 4
14 2 3
10 6 30
1 15 5
8 2 17
7 16 32
14 10 31
9 5 33
0 12 20
11 1 16
0 14 17
13 4 9
18 2 6
8 18 12
7 13 18
15 16 17
20 1 3
11 19 27
23 24 25
23 26 27
21 22 28
21 27 30
21 26 29
22 25 31
22 24 20
23 29 30
25 28 33
24 28 5
26 32 9
31 33 8
29 32 10
75
{[13, 12, 11, 10, 1]}
{[16, 13, 12, 11, 10]}
34
11 13 3
19 12 6
7 15 4
0 19 4
14 2 3
10 6 33
1 15 5
8 2 17
7 16 27
14 10 32
9 5 26
0 12 20
11 1 16
0 14 17
13 4 9
18 2 6
8 18 12
7 13 18
15 16 17
20 1 3
11 19 31
23 24 25
23 26 27
21 22 28
21 27 30
21 26 29
22 25 10
22 24 8
23 29 30
25 28 32
24 28 31
30 33 20
29 33 9
31 32 5
76
{[13, 12, 11, 10, 1]}
{[17, 16, 14, 12, 10]}
34
11 13 3
19 12 6
7 15 4
0 19 4
14 2 3
10 6 32
1 15 5
8 2 17
7 16 30
14 10 31
9 5 27
0 12 20
11 1 16
0 14 17
13 4 9
18 2 6
8 18 12
7 13 18
15 16 17
20 1 3
11 19 33
23 24 25
23 26 27
21 22 28
21 27 30
21 26 29
22 25 31
22 24 10
23 29 30
25 28 33
24 28 8
26 32 9
31 33 5
29 32 20
77
{[13, 12, 11, 10, 1]}
{[17, 16, 15, 13, 11]}
34
11 13 3
19 12 6
7 15 4
0 19 4
14 2 3
10 6 32
1 15 5
8 2 17
7 16 26
14 10 33
9 5 29
0 12 20
11 1 16
0 14 17
13 4 9
18 2 6
8 18 12
7 13 18
15 16 17
20 1 3
11 19 31
23 24 25
23 26 27
21 22 28
21 27 30
21 26 29
22 25 8
22 24 31
23 29 30
25 28 10
24 28 33
27 32 20
31 33 5
30 32 9
78
{[13, 12, 11, 10, 1]}
{[17, 16, 15, 13, 11]}
34
11 13 3
19 12 6
7 15 4
0 19 4
14 2 3
10 6 26
1 15 5
8 2 17
7 16 32
14 10 33
9 5 31
0 12 20
11 1 16
0 14 17
13 4 9
18 2 6
8 18 12
7 13 18
15 16 17
20 1 3
11 19 29
23 24 25
23 26 27
21 22 28
21 27 30
21 26 29
22 25 5
22 24 31
23 29 30
25 28 20
24 28 33
27 32 10
31 33 8
30 32 9
79
{[13, 12, 11, 10, 1]}
{[17, 15, 14, 13, 12]}
34
11 13 3
19 12 6
7 15 4
0 19 4
14 2 3
10 6 33
1 15 5
8 2 17
7 16 29
14 10 31
9 5 30
0 12 20
11 1 16
0 14 17
13 4 9
18 2 6
8 18 12
7 13 18
15 16 17
20 1 3
11 19 32
23 24 25
23 26 27
21 22 28
21 27 30
21 26 29
22 25 32
22 24 31
23 29 30
25 28 8
24 28 10
27 33 9
26 33 20
31 32 5
80
{[13, 12, 11, 10, 1]}
{[17, 15, 14, 13, 12]}
34
11 13 3
19 12 6
7 15 4
0 19 4
14 2 3
10 6 29
1 15 5
8 2 17
7 16 33
14 10 31
9 5 32
0 12 20
11 1 16
0 14 17
13 4 9
18 2 6
8 18 12
7 13 18
15 16 17
20 1 3
11 19 30
23 24 25
23 26 27
21 22 28
21 27 30
21 26 29
22 25 32
22 24 31
23 29 30
25 28 5
24 28 20
27 33 9
26 33 10
31 32 8
81
{[15, 14, 11, 10, 1]}
{[5, 4, 2, 1, 0]}
34
11 13 3
19 12 6
7 15 4
0 19 4
14 2 3
10 6 22
1 15 5
8 2 17
7 16 27
20 10 21
9 5 23
0 12 20
11 1 16
0 14 17
13 4 24
18 2 6
8 18 12
7 13 18
15 16 17
20 1 3
11 19 9
22 25 9
21 26 5
24 25 10
23 31 14
21 23 30
22 28 32
29 32 8
26 29 30
27 28 31
25 28 33
24 29 33
26 27 33
30 31 32
82
{[15, 14, 11, 10, 1]}
{[6, 3, 2, 1, 0]}
34
11 13 3
19 12 6
7 15 4
0 19 4
14 2 3
10 6 25
1 15 5
8 2 17
7 16 21
20 10 22
9 5 26
0 12 20
11 1 16
0 14 17
13 4 23
18 2 6
8 18 12
7 13 18
15 16 17
20 1 3
11 19 9
22 24 8
21 27 9
24 25 14
21 23 31
23 30 5
28 32 10
22 29 32
26 29 30
27 28 31
25 28 33
24 29 33
26 27 33
30 31 32
83
{[15, 14, 11, 10, 1]}
{[8, 7, 4, 2, 0]}
34
11 13 3
19 12 6
7 15 4
0 19 4
14 2 3
10 6 23
1 15 5
8 2 17
7 16 22
20 10 25
9 5 31
0 12 20
11 1 16
0 14 17
13 4 21
18 2 6
8 18 12
7 13 18
15 16 17
20 1 3
11 19 9
23 24 14
24 25 8
21 27 5
21 22 26
22 30 9
24 28 32
23 29 32
26 29 30
27 28 31
25 28 33
29 33 10
26 27 33
30 31 32
84
{[15, 14, 11, 10, 1]}
{[9, 7, 3, 2, 0]}
34
11 13 3
19 12 6
7 15 4
0 19 4
14 2 3
10 6 25
1 15 5
8 2 17
7 16 30
20 10 22
9 5 21
0 12 20
11 1 16
0 14 17
13 4 24
18 2 6
8 18 12
7 13 18
15 16 17
20 1 3
11 19 9
23 24 10
23 25 9
21 22 27
21 26 14
22 31 5
24 28 32
23 29 32
26 29 30
27 28 31
28 33 8
25 29 33
26 27 33
30 31 32
85
{[15, 14, 11, 10, 1]}
{[6, 3, 2, 1, 0]}
34
11 13 3
19 12 6
7 15 4
0 19 4
14 2 3
10 6 25
1 15 5
8 2 17
7 16 26
20 10 23
9 5 21
0 12 20
11 1 16
0 14 17
13 4 22
18 2 6
8 18 12
7 13 18
15 16 17
20 1 3
11 19 9
22 24 10
21 27 14
24 25 9
21 23 31
23 30 5
28 32 8
22 29 32
26 29 30
27 28 31
25 28 33
24 29 33
26 27 33
30 31 32
86
{[15, 14, 11, 10, 1]}
{[9, 7, 3, 2, 0]}
34
11 13 3
19 12 6
7 15 4
0 19 4
14 2 3
10 6 25
1 15 5
8 2 17
7 16 21
20 10 24
9 5 30
0 12 20
11 1 16
0 14 17
13 4 22
18 2 6
8 18 12
7 13 18
15 16 17
20 1 3
11 19 9
23 24 8
23 25 14
21 22 27
21 26 9
22 31 5
24 28 32
23 29 32
26 29 30
27 28 31
28 33 10
25 29 33
26 27 33
30 31 32
87
{[15, 14, 11, 10, 1]}
{[5, 4, 2, 1, 0]}
34
11 13 3
19 12 6
7 15 4
0 19 4
14 2 3
10 6 22
1 15 5
8 2 17
7 16 23
20 10 24
9 5 27
0 12 20
11 1 16
0 14 17
13 4 21
18 2 6
8 18 12
7 13 18
15 16 17
20 1 3
11 19 9
22 25 14
21 26 5
24 25 8
23 31 9
21 23 30
22 28 32
29 32 10
26 29 30
27 28 31
25 28 33
24 29 33
26 27 33
30 31 32
88
{[15, 14, 11, 10, 1]}
{[8, 7, 4, 2, 0]}
34
11 13 3
19 12 6
7 15 4
0 19 4
14 2 3
10 6 23
1 15 5
8 2 17
7 16 31
20 10 21
9 5 22
0 12 20
11 1 16
0 14 17
13 4 25
18 2 6
8 18 12
7 13 18
15 16 17
20 1 3
11 19 9
23 24 9
24 25 10
21 27 5
21 22 26
22 30 14
24 28 32
23 29 32
26 29 30
27 28 31
25 28 33
29 33 8
26 27 33
30 31 32
89
{[15, 14, 11, 10, 1]}
{[16, 13, 12, 11, 10]}
34
11 13 3
19 12 6
7 15 4
0 19 4
14 2 3
10 6 32
1 15 5
8 2 17
7 16 26
20 10 27
9 5 31
0 12 20
11 1 16
0 14 17
13 4 33
18 2 6
8 18 12
7 13 18
15 16 17
20 1 3
11 19 9
23 24 25
23 26 27
21 22 28
21 27 30
21 26 29
22 25 8
22 24 9
23 29 30
25 28 32
24 28 31
30 33 10
29 33 5
31 32 14
90
{[15, 14, 11, 10, 1]}
{[17, 16, 14, 12, 10]}
34
11 13 3
19 12 6
7 15 4
0 19 4
14 2 3
10 6 31
1 15 5
8 2 17
7 16 27
20 10 30
9 5 33
0 12 20
11 1 16
0 14 17
13 4 32
18 2 6
8 18 12
7 13 18
15 16 17
20 1 3
11 19 9
23 24 25
23 26 27
21 22 28
21 27 30
21 26 29
22 25 31
22 24 8
23 29 30
25 28 33
24 28 9
26 32 5
31 33 14
29 32 10
91
{[15, 14, 11, 10, 1]}
{[16, 13, 12, 11, 10]}
34
11 13 3
19 12 6
7 15 4
0 19 4
14 2 3
10 6 32
1 15 5
8 2 17
7 16 31
20 10 33
9 5 26
0 12 20
11 1 16
0 14 17
13 4 27
18 2 6
8 18 12
7 13 18
15 16 17
20 1 3
11 19 9
23 24 25
23 26 27
21 22 28
21 27 30
21 26 29
22 25 10
22 24 14
23 29 30
25 28 32
24 28 31
30 33 8
29 33 5
31 32 9
92
{[15, 14, 11, 10, 1]}
{[17, 16, 14, 12, 10]}
34
11 13 3
19 12 6
7 15 4
0 19 4
14 2 3
10 6 31
1 15 5
8 2 17
7 16 33
20 10 32
9 5 27
0 12 20
11 1 16
0 14 17
13 4 30
18 2 6
8 18 12
7 13 18
15 16 17
20 1 3
11 19 9
23 24 25
23 26 27
21 22 28
21 27 30
21 26 29
22 25 31
22 24 10
23 29 30
25 28 33
24 28 14
26 32 5
31 33 9
29 32 8
93
{[15, 14, 11, 10, 1]}
{[17, 16, 15, 13, 11]}
34
11 13 3
19 12 6
7 15 4
0 19 4
14 2 3
10 6 33
1 15 5
8 2 17
7 16 31
20 10 32
9 5 29
0 12 20
11 1 16
0 14 17
13 4 26
18 2 6
8 18 12
7 13 18
15 16 17
20 1 3
11 19 9
23 24 25
23 26 27
21 22 28
21 27 30
21 26 29
22 25 14
22 24 31
23 29 30
25 28 10
24 28 33
27 32 8
31 33 9
30 32 5
94
{[15, 14, 11, 10, 1]}
{[17, 16, 15, 13, 11]}
34
11 13 3
19 12 6
7 15 4
0 19 4
14 2 3
10 6 33
1 15 5
8 2 17
7 16 29
20 10 26
9 5 31
0 12 20
11 1 16
0 14 17
13 4 32
18 2 6
8 18 12
7 13 18
15 16 17
20 1 3
11 19 9
23 24 25
23 26 27
21 22 28
21 27 30
21 26 29
22 25 9
22 24 31
23 29 30
25 28 8
24 28 33
27 32 10
31 33 14
30 32 5
95
{[15, 14, 11, 10, 1]}
{[17, 15, 14, 13, 12]}
34
11 13 3
19 12 6
7 15 4
0 19 4
14 2 3
10 6 31
1 15 5
8 2 17
7 16 32
20 10 33
9 5 30
0 12 20
11 1 16
0 14 17
13 4 29
18 2 6
8 18 12
7 13 18
15 16 17
20 1 3
11 19 9
23 24 25
23 26 27
21 22 28
21 27 30
21 26 29
22 25 32
22 24 31
23 29 30
25 28 14
24 28 10
27 33 5
26 33 8
31 32 9
96
{[15, 14, 11, 10, 1]}
{[17, 15, 14, 13, 12]}
34
11 13 3
19 12 6
7 15 4
0 19 4
14 2 3
10 6 31
1 15 5
8 2 17
7 16 30
20 10 29
9 5 32
0 12 20
11 1 16
0 14 17
13 4 33
18 2 6
8 18 12
7 13 18
15 16 17
20 1 3
11 19 9
23 24 25
23 26 27
21 22 28
21 27 30
21 26 29
22 25 32
22 24 31
23 29 30
25 28 9
24 28 8
27 33 5
26 33 10
31 32 14
97
{[15, 14, 13, 6, 1]}
{[5, 4, 2, 1, 0]}
34
11 13 3
19 12 5
6 15 4
0 19 4
14 2 3
1 15 24
7 2 17
6 9 16
9 10 23
8 7 21
20 8 22
0 12 20
11 1 16
0 14 17
13 4 27
18 2 5
7 18 12
6 13 18
15 16 17
20 1 3
11 19 10
22 25 9
21 26 10
24 25 8
23 31 5
21 23 30
22 28 32
29 32 14
26 29 30
27 28 31
25 28 33
24 29 33
26 27 33
30 31 32
98
{[15, 14, 13, 6, 1]}
{[6, 3, 2, 1, 0]}
34
11 13 3
19 12 5
6 15 4
0 19 4
14 2 3
1 15 23
7 2 17
6 9 16
9 10 26
8 7 22
20 8 25
0 12 20
11 1 16
0 14 17
13 4 21
18 2 5
7 18 12
6 13 18
15 16 17
20 1 3
11 19 10
22 24 14
21 27 9
24 25 5
21 23 31
23 30 10
28 32 8
22 29 32
26 29 30
27 28 31
25 28 33
24 29 33
26 27 33
30 31 32
99
{[15, 14, 13, 6, 1]}
{[8, 7, 4, 2, 0]}
34
11 13 3
19 12 5
6 15 4
0 19 4
14 2 3
1 15 21
7 2 17
6 9 16
9 10 31
8 7 25
20 8 23
0 12 20
11 1 16
0 14 17
13 4 22
18 2 5
7 18 12
6 13 18
15 16 17
20 1 3
11 19 10
23 24 5
24 25 14
21 27 10
21 22 26
22 30 9
24 28 32
23 29 32
26 29 30
27 28 31
25 28 33
29 33 8
26 27 33
30 31 32
100
{[15, 14, 13, 6, 1]}
{[9, 7, 3, 2, 0]}
34
11 13 3
19 12 5
6 15 4
0 19 4
14 2 3
1 15 24
7 2 17
6 9 16
9 10 21
8 7 22
20 8 25
0 12 20
11 1 16
0 14 17
13 4 30
18 2 5
7 18 12
6 13 18
15 16 17
20 1 3
11 19 10
23 24 8
23 25 9
21 22 27
21 26 5
22 31 10
24 28 32
23 29 32
26 29 30
27 28 31
28 33 14
25 29 33
26 27 33
30 31 32
101
{[15, 14, 13, 6, 1]}
{[6, 3, 2, 1, 0]}
34
11 13 3
19 12 5
6 15 4
0 19 4
14 2 3
1 15 22
7 2 17
6 9 16
9 10 21
8 7 23
20 8 25
0 12 20
11 1 16
0 14 17
13 4 26
18 2 5
7 18 12
6 13 18
15 16 17
20 1 3
11 19 10
22 24 8
21 27 5
24 25 9
21 23 31
23 30 10
28 32 14
22 29 32
26 29 30
27 28 31
25 28 33
24 29 33
26 27 33
30 31 32
102
{[15, 14, 13, 6, 1]}
{[9, 7, 3, 2, 0]}
34
11 13 3
19 12 5
6 15 4
0 19 4
14 2 3
1 15 22
7 2 17
6 9 16
9 10 30
8 7 24
20 8 25
0 12 20
11 1 16
0 14 17
13 4 21
18 2 5
7 18 12
6 13 18
15 16 17
20 1 3
11 19 10
23 24 14
23 25 5
21 22 27
21 26 9
22 31 10
24 28 32
23 29 32
26 29 30
27 28 31
28 33 8
25 29 33
26 27 33
30 31 32
103
{[15, 14, 13, 6, 1]}
{[5, 4, 2, 1, 0]}
34
11 13 3
19 12 5
6 15 4
0 19 4
14 2 3
1 15 21
7 2 17
6 9 16
9 10 27
8 7 24
20 8 22
0 12 20
11 1 16
0 14 17
13 4 23
18 2 5
7 18 12
6 13 18
15 16 17
20 1 3
11 19 10
22 25 5
21 26 10
24 25 14
23 31 9
21 23 30
22 28 32
29 32 8
26 29 30
27 28 31
25 28 33
24 29 33
26 27 33
30 31 32
104
{[15, 14, 13, 6, 1]}
{[8, 7, 4, 2, 0]}
34
11 13 3
19 12 5
6 15 4
0 19 4
14 2 3
1 15 25
7 2 17
6 9 16
9 10 22
8 7 21
20 8 23
0 12 20
11 1 16
0 14 17
13 4 31
18 2 5
7 18 12
6 13 18
15 16 17
20 1 3
11 19 10
23 24 9
24 25 8
21 27 10
21 22 26
22 30 5
24 28 32
23 29 32
26 29 30
27 28 31
25 28 33
29 33 14
26 27 33
30 31 32
105
{[15, 14, 13, 6, 1]}
{[16, 13, 12, 11, 10]}
34
11 13 3
19 12 5
6 15 4
0 19 4
14 2 3
1 15 33
7 2 17
6 9 16
9 10 31
8 7 27
20 8 32
0 12 20
11 1 16
0 14 17
13 4 26
18 2 5
7 18 12
6 13 18
15 16 17
20 1 3
11 19 10
23 24 25
23 26 27
21 22 28
21 27 30
21 26 29
22 25 14
22 24 9
23 29 30
25 28 32
24 28 31
30 33 8
29 33 10
31 32 5
106
{[15, 14, 13, 6, 1]}
{[17, 16, 14, 12, 10]}
34
11 13 3
19 12 5
6 15 4
0 19 4
14 2 3
1 15 32
7 2 17
6 9 16
9 10 33
8 7 30
20 8 31
0 12 20
11 1 16
0 14 17
13 4 27
18 2 5
7 18 12
6 13 18
15 16 17
20 1 3
11 19 10
23 24 25
23 26 27
21 22 28
21 27 30
21 26 29
22 25 31
22 24 14
23 29 30
25 28 33
24 28 9
26 32 10
31 33 5
29 32 8
107
{[15, 14, 13, 6, 1]}
{[16, 13, 12, 11, 10]}
34
11 13 3
19 12 5
6 15 4
0 19 4
14 2 3
1 15 27
7 2 17
6 9 16
9 10 26
8 7 33
20 8 32
0 12 20
11 1 16
0 14 17
13 4 31
18 2 5
7 18 12
6 13 18
15 16 17
20 1 3
11 19 10
23 24 25
23 26 27
21 22 28
21 27 30
21 26 29
22 25 8
22 24 5
23 29 30
25 28 32
24 28 31
30 33 14
29 33 10
31 32 9
108
{[15, 14, 13, 6, 1]}
{[17, 16, 14, 12, 10]}
34
11 13 3
19 12 5
6 15 4
0 19 4
14 2 3
1 15 30
7 2 17
6 9 16
9 10 27
8 7 32
20 8 31
0 12 20
11 1 16
0 14 17
13 4 33
18 2 5
7 18 12
6 13 18
15 16 17
20 1 3
11 19 10
23 24 25
23 26 27
21 22 28
21 27 30
21 26 29
22 25 31
22 24 8
23 29 30
25 28 33
24 28 5
26 32 10
31 33 9
29 32 14
109
{[15, 14, 13, 6, 1]}
{[17, 16, 15, 13, 11]}
34
11 13 3
19 12 5
6 15 4
0 19 4
14 2 3
1 15 26
7 2 17
6 9 16
9 10 29
8 7 32
20 8 33
0 12 20
11 1 16
0 14 17
13 4 31
18 2 5
7 18 12
6 13 18
15 16 17
20 1 3
11 19 10
23 24 25
23 26 27
21 22 28
21 27 30
21 26 29
22 25 5
22 24 31
23 29 30
25 28 8
24 28 33
27 32 14
31 33 9
30 32 10
110
{[15, 14, 13, 6, 1]}
{[17, 16, 15, 13, 11]}
34
11 13 3
19 12 5
6 15 4
0 19 4
14 2 3
1 15 32
7 2 17
6 9 16
9 10 31
8 7 26
20 8 33
0 12 20
11 1 16
0 14 17
13 4 29
18 2 5
7 18 12
6 13 18
15 16 17
20 1 3
11 19 10
23 24 25
23 26 27
21 22 28
21 27 30
21 26 29
22 25 9
22 24 31
23 29 30
25 28 14
24 28 33
27 32 8
31 33 5
30 32 10
111
{[15, 14, 13, 6, 1]}
{[17, 15, 14, 13, 12]}
34
11 13 3
19 12 5
6 15 4
0 19 4
14 2 3
1 15 29
7 2 17
6 9 16
9 10 30
8 7 33
20 8 31
0 12 20
11 1 16
0 14 17
13 4 32
18 2 5
7 18 12
6 13 18
15 16 17
20 1 3
11 19 10
23 24 25
23 26 27
21 22 28
21 27 30
21 26 29
22 25 32
22 24 31
23 29 30
25 28 5
24 28 8
27 33 10
26 33 14
31 32 9
112
{[15, 14, 13, 6, 1]}
{[17, 15, 14, 13, 12]}
34
11 13 3
19 12 5
6 15 4
0 19 4
14 2 3
1 15 33
7 2 17
6 9 16
9 10 32
8 7 29
20 8 31
0 12 20
11 1 16
0 14 17
13 4 30
18 2 5
7 18 12
6 13 18
15 16 17
20 1 3
11 19 10
23 24 25
23 26 27
21 22 28
21 27 30
21 26 29
22 25 32
22 24 31
23 29 30
25 28 9
24 28 14
27 33 10
26 33 8
31 32 5
113
{[13, 12, 11, 10, 1]}
{[5, 4, 2, 1, 0]}
34
11 13 3
19 12 6
7 15 4
0 19 4
14 2 3
10 6 24
1 15 5
8 2 17
7 16 21
14 10 22
9 5 27
0 12 20
11 1 16
0 14 17
13 4 9
18 2 6
8 18 12
7 13 18
15 16 17
20 1 3
11 19 23
22 25 8
21 26 9
24 25 20
23 31 5
21 23 30
22 28 32
29 32 10
26 29 30
27 28 31
25 28 33
24 29 33
26 27 33
30 31 32
114
{[13, 12, 11, 10, 1]}
{[6, 3, 2, 1, 0]}
34
11 13 3
19 12 6
7 15 4
0 19 4
14 2 3
10 6 23
1 15 5
8 2 17
7 16 22
14 10 25
9 5 21
0 12 20
11 1 16
0 14 17
13 4 9
18 2 6
8 18 12
7 13 18
15 16 17
20 1 3
11 19 26
22 24 10
21 27 8
24 25 5
21 23 31
23 30 9
28 32 20
22 29 32
26 29 30
27 28 31
25 28 33
24 29 33
26 27 33
30 31 32
115
{[13, 12, 11, 10, 1]}
{[8, 7, 4, 2, 0]}
34
11 13 3
19 12 6
7 15 4
0 19 4
14 2 3
10 6 21
1 15 5
8 2 17
7 16 25
14 10 23
9 5 22
0 12 20
11 1 16
0 14 17
13 4 9
18 2 6
8 18 12
7 13 18
15 16 17
20 1 3
11 19 31
23 24 5
24 25 10
21 27 9
21 22 26
22 30 8
24 28 32
23 29 32
26 29 30
27 28 31
25 28 33
29 33 20
26 27 33
30 31 32
116
{[13, 12, 11, 10, 1]}
{[9, 7, 3, 2, 0]}
34
11 13 3
19 12 6
7 15 4
0 19 4
14 2 3
10 6 24
1 15 5
8 2 17
7 16 22
14 10 25
9 5 30
0 12 20
11 1 16
0 14 17
13 4 9
18 2 6
8 18 12
7 13 18
15 16 17
20 1 3
11 19 21
23 24 20
23 25 8
21 22 27
21 26 5
22 31 9
24 28 32
23 29 32
26 29 30
27 28 31
28 33 10
25 29 33
26 27 33
30 31 32
117
{[13, 12, 11, 10, 1]}
{[6, 3, 2, 1, 0]}
34
11 13 3
19 12 6
7 15 4
0 19 4
14 2 3
10 6 22
1 15 5
8 2 17
7 16 23
14 10 25
9 5 26
0 12 20
11 1 16
0 14 17
13 4 9
18 2 6
8 18 12
7 13 18
15 16 17
20 1 3
11 19 21
22 24 20
21 27 5
24 25 8
21 23 31
23 30 9
28 32 10
22 29 32
26 29 30
27 28 31
25 28 33
24 29 33
26 27 33
30 31 32
118
{[13, 12, 11, 10, 1]}
{[9, 7, 3, 2, 0]}
34
11 13 3
19 12 6
7 15 4
0 19 4
14 2 3
10 6 22
1 15 5
8 2 17
7 16 24
14 10 25
9 5 21
0 12 20
11 1 16
0 14 17
13 4 9
18 2 6
8 18 12
7 13 18
15 16 17
20 1 3
11 19 30
23 24 10
23 25 5
21 22 27
21 26 8
22 31 9
24 28 32
23 29 32
26 29 30
27 28 31
28 33 20
25 29 33
26 27 33
30 31 32
119
{[13, 12, 11, 10, 1]}
{[5, 4, 2, 1, 0]}
34
11 13 3
19 12 6
7 15 4
0 19 4
14 2 3
10 6 21
1 15 5
8 2 17
7 16 24
14 10 22
9 5 23
0 12 20
11 1 16
0 14 17
13 4 9
18 2 6
8 18 12
7 13 18
15 16 17
20 1 3
11 19 27
22 25 5
21 26 9
24 25 10
23 31 8
21 23 30
22 28 32
29 32 20
26 29 30
27 28 31
25 28 33
24 29 33
26 27 33
30 31 32
120
{[13, 12, 11, 10, 1]}
{[8, 7, 4, 2, 0]}
34
11 13 3
19 12 6
7 15 4
0 19 4
14 2 3
10 6 25
1 15 5
8 2 17
7 16 21
14 10 23
9 5 31
0 12 20
11 1 16
0 14 17
13 4 9
18 2 6
8 18 12
7 13 18
15 16 17
20 1 3
11 19 22
23 24 8
24 25 20
21 27 9
21 22 26
22 30 5
24 28 32
23 29 32
26 29 30
27 28 31
25 28 33
29 33 10
26 27 33
30 31 32
121
{[13, 12, 11, 10, 1]}
{[16, 13, 12, 11, 10]}
34
11 13 3
19 12 6
7 15 4
0 19 4
14 2 3
10 6 33
1 15 5
8 2 17
7 16 27
14 10 32
9 5 26
0 12 20
11 1 16
0 14 17
13 4 9
18 2 6
8 18 12
7 13 18
15 16 17
20 1 3
11 19 31
23 24 25
23 26 27
21 22 28
21 27 30
21 26 29
22 25 10
22 24 8
23 29 30
25 28 32
24 28 31
30 33 20
29 33 9
31 32 5
122
{[13, 12, 11, 10, 1]}
{[17, 16, 14, 12, 10]}
34
11 13 3
19 12 6
7 15 4
0 19 4
14 2 3
10 6 32
1 15 5
8 2 17
7 16 30
14 10 31
9 5 27
0 12 20
11 1 16
0 14 17
13 4 9
18 2 6
8 18 12
7 13 18
15 16 17
20 1 3
11 19 33
23 24 25
23 26 27
21 22 28
21 27 30
21 26 29
22 25 31
22 24 10
23 29 30
25 28 33
24 28 8
26 32 9
31 33 5
29 32 20
123
{[13, 12, 11, 10, 1]}
{[16, 13, 12, 11, 10]}
34
11 13 3
19 12 6
7 15 4
0 19 4
14 2 3
10 6 27
1 15 5
8 2 17
7 16 33
14 10 32
9 5 31
0 12 20
11 1 16
0 14 17
13 4 9
18 2 6
8 18 12
7 13 18
15 16 17
20 1 3
11 19 26
23 24 25
23 26 27
21 22 28
21 27 30
21 26 29
22 25 20
22 24 5
23 29 30
25 28 32
24 28 31
30 33 10
29 33 9
31 32 8
124
{[13, 12, 11, 10, 1]}
{[17, 16, 14, 12, 10]}
34
11 13 3
19 12 6
7 15 4
0 19 4
14 2 3
10 6 30
1 15 5
8 2 17
7 16 32
14 10 31
9 5 33
0 12 20
11 1 16
0 14 17
13 4 9
18 2 6
8 18 12
7 13 18
15 16 17
20 1 3
11 19 27
23 24 25
23 26 27
21 22 28
21 27 30
21 26 29
22 25 31
22 24 20
23 29 30
25 28 33
24 28 5
26 32 9
31 33 8
29 32 10
125
{[13, 12, 11, 10, 1]}
{[17, 16, 15, 13, 11]}
34
11 13 3
19 12 6
7 15 4
0 19 4
14 2 3
10 6 26
1 15 5
8 2 17
7 16 32
14 10 33
9 5 31
0 12 20
11 1 16
0 14 17
13 4 9
18 2 6
8 18 12
7 13 18
15 16 17
20 1 3
11 19 29
23 24 25
23 26 27
21 22 28
21 27 30
21 26 29
22 25 5
22 24 31
23 29 30
25 28 20
24 28 33
27 32 10
31 33 8
30 32 9
126
{[13, 12, 11, 10, 1]}
{[17, 16, 15, 13, 11]}
34
11 13 3
19 12 6
7 15 4
0 19 4
14 2 3
10 6 32
1 15 5
8 2 17
7 16 26
14 10 33
9 5 29
0 12 20
11 1 16
0 14 17
13 4 9
18 2 6
8 18 12
7 13 18
15 16 17
20 1 3
11 19 31
23 24 25
23 26 27
21 22 28
21 27 30
21 26 29
22 25 8
22 24 31
23 29 30
25 28 10
24 28 33
27 32 20
31 33 5
30 32 9
127
{[13, 12, 11, 10, 1]}
{[17, 15, 14, 13, 12]}
34
11 13 3
19 12 6
7 15 4
0 19 4
14 2 3
10 6 29
1 15 5
8 2 17
7 16 33
14 10 31
9 5 32
0 12 20
11 1 16
0 14 17
13 4 9
18 2 6
8 18 12
7 13 18
15 16 17
20 1 3
11 19 30
23 24 25
23 26 27
21 22 28
21 27 30
21 26 29
22 25 32
22 24 31
23 29 30
25 28 5
24 28 20
27 33 9
26 33 10
31 32 8
128
{[13, 12, 11, 10, 1]}
{[17, 15, 14, 13, 12]}
34
11 13 3
19 12 6
7 15 4
0 19 4
14 2 3
10 6 33
1 15 5
8 2 17
7 16 29
14 10 31
9 5 30
0 12 20
11 1 16
0 14 17
13 4 9
18 2 6
8 18 12
7 13 18
15 16 17
20 1 3
11 19 32
23 24 25
23 26 27
21 22 28
21 27 30
21 26 29
22 25 32
22 24 31
23 29 30
25 28 8
24 28 10
27 33 9
26 33 20
31 32 5
129
{[15, 14, 13, 6, 1]}
{[5, 4, 2, 1, 0]}
34
11 13 3
19 12 5
6 15 4
0 19 4
14 2 3
1 15 21
7 2 17
6 9 16
9 10 27
8 7 24
20 8 22
0 12 20
11 1 16
0 14 17
13 4 23
18 2 5
7 18 12
6 13 18
15 16 17
20 1 3
11 19 10
22 25 5
21 26 10
24 25 14
23 31 9
21 23 30
22 28 32
29 32 8
26 29 30
27 28 31
25 28 33
24 29 33
26 27 33
30 31 32
130
{[15, 14, 13, 6, 1]}
{[6, 3, 2, 1, 0]}
34
11 13 3
19 12 5
6 15 4
0 19 4
14 2 3
1 15 22
7 2 17
6 9 16
9 10 21
8 7 23
20 8 25
0 12 20
11 1 16
0 14 17
13 4 26
18 2 5
7 18 12
6 13 18
15 16 17
20 1 3
11 19 10
22 24 8
21 27 5
24 25 9
21 23 31
23 30 10
28 32 14
22 29 32
26 29 30
27 28 31
25 28 33
24 29 33
26 27 33
30 31 32
131
{[15, 14, 13, 6, 1]}
{[8, 7, 4, 2, 0]}
34
11 13 3
19 12 5
6 15 4
0 19 4
14 2 3
1 15 25
7 2 17
6 9 16
9 10 22
8 7 21
20 8 23
0 12 20
11 1 16
0 14 17
13 4 31
18 2 5
7 18 12
6 13 18
15 16 17
20 1 3
11 19 10
23 24 9
24 25 8
21 27 10
21 22 26
22 30 5
24 28 32
23 29 32
26 29 30
27 28 31
25 28 33
29 33 14
26 27 33
30 31 32
132
{[15, 14, 13, 6, 1]}
{[9, 7, 3, 2, 0]}
34
11 13 3
19 12 5
6 15 4
0 19 4
14 2 3
1 15 22
7 2 17
6 9 16
9 10 30
8 7 24
20 8 25
0 12 20
11 1 16
0 14 17
13 4 21
18 2 5
7 18 12
6 13 18
15 16 17
20 1 3
11 19 10
23 24 14
23 25 5
21 22 27
21 26 9
22 31 10
24 28 32
23 29 32
26 29 30
27 28 31
28 33 8
25 29 33
26 27 33
30 31 32
133
{[15, 14, 13, 6, 1]}
{[6, 3, 2, 1, 0]}
34
11 13 3
19 12 5
6 15 4
0 19 4
14 2 3
1 15 23
7 2 17
6 9 16
9 10 26
8 7 22
20 8 25
0 12 20
11 1 16
0 14 17
13 4 21
18 2 5
7 18 12
6 13 18
15 16 17
20 1 3
11 19 10
22 24 14
21 27 9
24 25 5
21 23 31
23 30 10
28 32 8
22 29 32
26 29 30
27 28 31
25 28 33
24 29 33
26 27 33
30 31 32
134
{[15, 14, 13, 6, 1]}
{[9, 7, 3, 2, 0]}
34
11 13 3
19 12 5
6 15 4
0 19 4
14 2 3
1 15 24
7 2 17
6 9 16
9 10 21
8 7 22
20 8 25
0 12 20
11 1 16
0 14 17
13 4 30
18 2 5
7 18 12
6 13 18
15 16 17
20 1 3
11 19 10
23 24 8
23 25 9
21 22 27
21 26 5
22 31 10
24 28 32
23 29 32
26 29 30
27 28 31
28 33 14
25 29 33
26 27 33
30 31 32
135
{[15, 14, 13, 6, 1]}
{[5, 4, 2, 1, 0]}
34
11 13 3
19 12 5
6 15 4
0 19 4
14 2 3
1 15 24
7 2 17
6 9 16
9 10 23
8 7 21
20 8 22
0 12 20
11 1 16
0 14 17
13 4 27
18 2 5
7 18 12
6 13 18
15 16 17
20 1 3
11 19 10
22 25 9
21 26 10
24 25 8
23 31 5
21 23 30
22 28 32
29 32 14
26 29 30
27 28 31
25 28 33
24 29 33
26 27 33
30 31 32
136
{[15, 14, 13, 6, 1]}
{[8, 7, 4, 2, 0]}
34
11 13 3
19 12 5
6 15 4
0 19 4
14 2 3
1 15 21
7 2 17
6 9 16
9 10 31
8 7 25
20 8 23
0 12 20
11 1 16
0 14 17
13 4 22
18 2 5
7 18 12
6 13 18
15 16 17
20 1 3
11 19 10
23 24 5
24 25 14
21 27 10
21 22 26
22 30 9
24 28 32
23 29 32
26 29 30
27 28 31
25 28 33
29 33 8
26 27 33
30 31 32
137
{[15, 14, 13, 6, 1]}
{[16, 13, 12, 11, 10]}
34
11 13 3
19 12 5
6 15 4
0 19 4
14 2 3
1 15 27
7 2 17
6 9 16
9 10 26
8 7 33
20 8 32
0 12 20
11 1 16
0 14 17
13 4 31
18 2 5
7 18 12
6 13 18
15 16 17
20 1 3
11 19 10
23 24 25
23 26 27
21 22 28
21 27 30
21 26 29
22 25 8
22 24 5
23 29 30
25 28 32
24 28 31
30 33 14
29 33 10
31 32 9
138
{[15, 14, 13, 6, 1]}
{[17, 16, 14, 12, 10]}
34
11 13 3
19 12 5
6 15 4
0 19 4
14 2 3
1 15 30
7 2 17
6 9 16
9 10 27
8 7 32
20 8 31
0 12 20
11 1 16
0 14 17
13 4 33
18 2 5
7 18 12
6 13 18
15 16 17
20 1 3
11 19 10
23 24 25
23 26 27
21 22 28
21 27 30
21 26 29
22 25 31
22 24 8
23 29 30
25 28 33
24 28 5
26 32 10
31 33 9
29 32 14
139
{[15, 14, 13, 6, 1]}
{[16, 13, 12, 11, 10]}
34
11 13 3
19 12 5
6 15 4
0 19 4
14 2 3
1 15 33
7 2 17
6 9 16
9 10 31
8 7 27
20 8 32
0 12 20
11 1 16
0 14 17
13 4 26
18 2 5
7 18 12
6 13 18
15 16 17
20 1 3
11 19 10
23 24 25
23 26 27
21 22 28
21 27 30
21 26 29
22 25 14
22 24 9
23 29 30
25 28 32
24 28 31
30 33 8
29 33 10
31 32 5
140
{[15, 14, 13, 6, 1]}
{[17, 16, 14, 12, 10]}
34
11 13 3
19 12 5
6 15 4
0 19 4
14 2 3
1 15 32
7 2 17
6 9 16
9 10 33
8 7 30
20 8 31
0 12 20
11 1 16
0 14 17
13 4 27
18 2 5
7 18 12
6 13 18
15 16 17
20 1 3
11 19 10
23 24 25
23 26 27
21 22 28
21 27 30
21 26 29
22 25 31
22 24 14
23 29 30
25 28 33
24 28 9
26 32 10
31 33 5
29 32 8
141
{[15, 14, 13, 6, 1]}
{[17, 16, 15, 13, 11]}
34
11 13 3
19 12 5
6 15 4
0 19 4
14 2 3
1 15 32
7 2 17
6 9 16
9 10 31
8 7 26
20 8 33
0 12 20
11 1 16
0 14 17
13 4 29
18 2 5
7 18 12
6 13 18
15 16 17
20 1 3
11 19 10
23 24 25
23 26 27
21 22 28
21 27 30
21 26 29
22 25 9
22 24 31
23 29 30
25 28 14
24 28 33
27 32 8
31 33 5
30 32 10
142
{[15, 14, 13, 6, 1]}
{[17, 16, 15, 13, 11]}
34
11 13 3
19 12 5
6 15 4
0 19 4
14 2 3
1 15 26
7 2 17
6 9 16
9 10 29
8 7 32
20 8 33
0 12 20
11 1 16
0 14 17
13 4 31
18 2 5
7 18 12
6 13 18
15 16 17
20 1 3
11 19 10
23 24 25
23 26 27
21 22 28
21 27 30
21 26 29
22 25 5
22 24 31
23 29 30
25 28 8
24 28 33
27 32 14
31 33 9
30 32 10
143
{[15, 14, 13, 6, 1]}
{[17, 15, 14, 13, 12]}
34
11 13 3
19 12 5
6 15 4
0 19 4
14 2 3
1 15 33
7 2 17
6 9 16
9 10 32
8 7 29
20 8 31
0 12 20
11 1 16
0 14 17
13 4 30
18 2 5
7 18 12
6 13 18
15 16 17
20 1 3
11 19 10
23 24 25
23 26 27
21 22 28
21 27 30
21 26 29
22 25 32
22 24 31
23 29 30
25 28 9
24 28 14
27 33 10
26 33 8
31 32 5
144
{[15, 14, 13, 6, 1]}
{[17, 15, 14, 13, 12]}
34
11 13 3
19 12 5
6 15 4
0 19 4
14 2 3
1 15 29
7 2 17
6 9 16
9 10 30
8 7 33
20 8 31
0 12 20
11 1 16
0 14 17
13 4 32
18 2 5
7 18 12
6 13 18
15 16 17
20 1 3
11 19 10
23 24 25
23 26 27
21 22 28
21 27 30
21 26 29
22 25 32
22 24 31
23 29 30
25 28 5
24 28 8
27 33 10
26 33 14
31 32 9
145
{[15, 14, 11, 10, 1]}
{[5, 4, 2, 1, 0]}
34
11 13 3
19 12 6
7 15 4
0 19 4
14 2 3
10 6 22
1 15 5
8 2 17
7 16 23
20 10 24
9 5 27
0 12 20
11 1 16
0 14 17
13 4 21
18 2 6
8 18 12
7 13 18
15 16 17
20 1 3
11 19 9
22 25 14
21 26 5
24 25 8
23 31 9
21 23 30
22 28 32
29 32 10
26 29 30
27 28 31
25 28 33
24 29 33
26 27 33
30 31 32
146
{[15, 14, 11, 10, 1]}
{[6, 3, 2, 1, 0]}
34
11 13 3
19 12 6
7 15 4
0 19 4
14 2 3
10 6 25
1 15 5
8 2 17
7 16 26
20 10 23
9 5 21
0 12 20
11 1 16
0 14 17
13 4 22
18 2 6
8 18 12
7 13 18
15 16 17
20 1 3
11 19 9
22 24 10
21 27 14
24 25 9
21 23 31
23 30 5
28 32 8
22 29 32
26 29 30
27 28 31
25 28 33
24 29 33
26 27 33
30 31 32
147
{[15, 14, 11, 10, 1]}
{[8, 7, 4, 2, 0]}
34
11 13 3
19 12 6
7 15 4
0 19 4
14 2 3
10 6 23
1 15 5
8 2 17
7 16 31
20 10 21
9 5 22
0 12 20
11 1 16
0 14 17
13 4 25
18 2 6
8 18 12
7 13 18
15 16 17
20 1 3
11 19 9
23 24 9
24 25 10
21 27 5
21 22 26
22 30 14
24 28 32
23 29 32
26 29 30
27 28 31
25 28 33
29 33 8
26 27 33
30 31 32
148
{[15, 14, 11, 10, 1]}
{[9, 7, 3, 2, 0]}
34
11 13 3
19 12 6
7 15 4
0 19 4
14 2 3
10 6 25
1 15 5
8 2 17
7 16 21
20 10 24
9 5 30
0 12 20
11 1 16
0 14 17
13 4 22
18 2 6
8 18 12
7 13 18
15 16 17
20 1 3
11 19 9
23 24 8
23 25 14
21 22 27
21 26 9
22 31 5
24 28 32
23 29 32
26 29 30
27 28 31
28 33 10
25 29 33
26 27 33
30 31 32
149
{[15, 14, 11, 10, 1]}
{[6, 3, 2, 1, 0]}
34
11 13 3
19 12 6
7 15 4
0 19 4
14 2 3
10 6 25
1 15 5
8 2 17
7 16 21
20 10 22
9 5 26
0 12 20
11 1 16
0 14 17
13 4 23
18 2 6
8 18 12
7 13 18
15 16 17
20 1 3
11 19 9
22 24 8
21 27 9
24 25 14
21 23 31
23 30 5
28 32 10
22 29 32
26 29 30
27 28 31
25 28 33
24 29 33
26 27 33
30 31 32
150
{[15, 14, 11, 10, 1]}
{[9, 7, 3, 2, 0]}
34
11 13 3
19 12 6
7 15 4
0 19 4
14 2 3
10 6 25
1 15 5
8 2 17
7 16 30
20 10 22
9 5 21
0 12 20
11 1 16
0 14 17
13 4 24
18 2 6
8 18 12
7 13 18
15 16 17
20 1 3
11 19 9
23 24 10
23 25 9
21 22 27
21 26 14
22 31 5
24 28 32
23 29 32
26 29 30
27 28 31
28 33 8
25 29 33
26 27 33
30 31 32
151
{[15, 14, 11, 10, 1]}
{[5, 4, 2, 1, 0]}
34
11 13 3
19 12 6
7 15 4
0 19 4
14 2 3
10 6 22
1 15 5
8 2 17
7 16 27
20 10 21
9 5 23
0 12 20
11 1 16
0 14 17
13 4 24
18 2 6
8 18 12
7 13 18
15 16 17
20 1 3
11 19 9
22 25 9
21 26 5
24 25 10
23 31 14
21 23 30
22 28 32
29 32 8
26 29 30
27 28 31
25 28 33
24 29 33
26 27 33
30 31 32
152
{[15, 14, 11, 10, 1]}
{[8, 7, 4, 2, 0]}
34
11 13 3
19 12 6
7 15 4
0 19 4
14 2 3
10 6 23
1 15 5
8 2 17
7 16 22
20 10 25
9 5 31
0 12 20
11 1 16
0 14 17
13 4 21
18 2 6
8 18 12
7 13 18
15 16 17
20 1 3
11 19 9
23 24 14
24 25 8
21 27 5
21 22 26
22 30 9
24 28 32
23 29 32
26 29 30
27 28 31
25 28 33
29 33 10
26 27 33
30 31 32
153
{[15, 14, 11, 10, 1]}
{[16, 13, 12, 11, 10]}
34
11 13 3
19 12 6
7 15 4
0 19 4
14 2 3
10 6 32
1 15 5
8 2 17
7 16 31
20 10 33
9 5 26
0 12 20
11 1 16
0 14 17
13 4 27
18 2 6
8 18 12
7 13 18
15 16 17
20 1 3
11 19 9
23 24 25
23 26 27
21 22 28
21 27 30
21 26 29
22 25 10
22 24 14
23 29 30
25 28 32
24 28 31
30 33 8
29 33 5
31 32 9
154
{[15, 14, 11, 10, 1]}
{[17, 16, 14, 12, 10]}
34
11 13 3
19 12 6
7 15 4
0 19 4
14 2 3
10 6 31
1 15 5
8 2 17
7 16 33
20 10 32
9 5 27
0 12 20
11 1 16
0 14 17
13 4 30
18 2 6
8 18 12
7 13 18
15 16 17
20 1 3
11 19 9
23 24 25
23 26 27
21 22 28
21 27 30
21 26 29
22 25 31
22 24 10
23 29 30
25 28 33
24 28 14
26 32 5
31 33 9
29 32 8
155
{[15, 14, 11, 10, 1]}
{[16, 13, 12, 11, 10]}
34
11 13 3
19 12 6
7 15 4
0 19 4
14 2 3
10 6 32
1 15 5
8 2 17
7 16 26
20 10 27
9 5 31
0 12 20
11 1 16
0 14 17
13 4 33
18 2 6
8 18 12
7 13 18
15 16 17
20 1 3
11 19 9
23 24 25
23 26 27
21 22 28
21 27 30
21 26 29
22 25 8
22 24 9
23 29 30
25 28 32
24 28 31
30 33 10
29 33 5
31 32 14
156
{[15, 14, 11, 10, 1]}
{[17, 16, 14, 12, 10]}
34
11 13 3
19 12 6
7 15 4
0 19 4
14 2 3
10 6 31
1 15 5
8 2 17
7 16 27
20 10 30
9 5 33
0 12 20
11 1 16
0 14 17
13 4 32
18 2 6
8 18 12
7 13 18
15 16 17
20 1 3
11 19 9
23 24 25
23 26 27
21 22 28
21 27 30
21 26 29
22 25 31
22 24 8
23 29 30
25 28 33
24 28 9
26 32 5
31 33 14
29 32 10
157
{[15, 14, 11, 10, 1]}
{[17, 16, 15, 13, 11]}
34
11 13 3
19 12 6
7 15 4
0 19 4
14 2 3
10 6 33
1 15 5
8 2 17
7 16 29
20 10 26
9 5 31
0 12 20
11 1 16
0 14 17
13 4 32
18 2 6
8 18 12
7 13 18
15 16 17
20 1 3
11 19 9
23 24 25
23 26 27
21 22 28
21 27 30
21 26 29
22 25 9
22 24 31
23 29 30
25 28 8
24 28 33
27 32 10
31 33 14
30 32 5
158
{[15, 14, 11, 10, 1]}
{[17, 16, 15, 13, 11]}
34
11 13 3
19 12 6
7 15 4
0 19 4
14 2 3
10 6 33
1 15 5
8 2 17
7 16 31
20 10 32
9 5 29
0 12 20
11 1 16
0 14 17
13 4 26
18 2 6
8 18 12
7 13 18
15 16 17
20 1 3
11 19 9
23 24 25
23 26 27
21 22 28
21 27 30
21 26 29
22 25 14
22 24 31
23 29 30
25 28 10
24 28 33
27 32 8
31 33 9
30 32 5
159
{[15, 14, 11, 10, 1]}
{[17, 15, 14, 13, 12]}
34
11 13 3
19 12 6
7 15 4
0 19 4
14 2 3
10 6 31
1 15 5
8 2 17
7 16 30
20 10 29
9 5 32
0 12 20
11 1 16
0 14 17
13 4 33
18 2 6
8 18 12
7 13 18
15 16 17
20 1 3
11 19 9
23 24 25
23 26 27
21 22 28
21 27 30
21 26 29
22 25 32
22 24 31
23 29 30
25 28 9
24 28 8
27 33 5
26 33 10
31 32 14
160
{[15, 14, 11, 10, 1]}
{[17, 15, 14, 13, 12]}
34
11 13 3
19 12 6
7 15 4
0 19 4
14 2 3
10 6 31
1 15 5
8 2 17
7 16 32
20 10 33
9 5 30
0 12 20
11 1 16
0 14 17
13 4 29
18 2 6
8 18 12
7 13 18
15 16 17
20 1 3
11 19 9
23 24 25
23 26 27
21 22 28
21 27 30
21 26 29
22 25 32
22 24 31
23 29 30
25 28 14
24 28 10
27 33 5
26 33 8
31 32 9
161
{[25, 24, 17, 16, 2]}
{[5, 4, 2, 1, 0]}
34
15 3 22
10 12 13
7 17 4
0 4 23
16 2 3
14 12 6
17 5 27
8 2 19
7 10 18
10 11 14
1 9 8
9 12 24
1 11 5
1 16 14
9 13 5
0 16 19
15 4 13
20 2 6
8 20 21
7 15 20
17 18 19
22 25 18
21 26 0
24 25 3
23 31 11
21 23 30
22 28 32
29 32 6
26 29 30
27 28 31
25 28 33
24 29 33
26 27 33
30 31 32
162
{[25, 24, 17, 16, 2]}
{[6, 3, 2, 1, 0]}
34
15 3 25
10 12 13
7 17 4
0 4 26
16 2 3
14 12 6
17 5 21
8 2 19
7 10 18
10 11 14
1 9 8
9 12 23
1 11 5
1 16 14
9 13 5
0 16 19
15 4 13
20 2 6
8 20 22
7 15 20
17 18 19
22 24 6
21 27 18
24 25 11
21 23 31
23 30 0
28 32 3
22 29 32
26 29 30
27 28 31
25 28 33
24 29 33
26 27 33
30 31 32
163
{[25, 24, 17, 16, 2]}
{[8, 7, 4, 2, 0]}
34
15 3 23
10 12 13
7 17 4
0 4 31
16 2 3
14 12 6
17 5 22
8 2 19
7 10 18
10 11 14
1 9 8
9 12 21
1 11 5
1 16 14
9 13 5
0 16 19
15 4 13
20 2 6
8 20 25
7 15 20
17 18 19
23 24 11
24 25 6
21 27 0
21 22 26
22 30 18
24 28 32
23 29 32
26 29 30
27 28 31
25 28 33
29 33 3
26 27 33
30 31 32
164
{[25, 24, 17, 16, 2]}
{[9, 7, 3, 2, 0]}
34
15 3 25
10 12 13
7 17 4
0 4 21
16 2 3
14 12 6
17 5 30
8 2 19
7 10 18
10 11 14
1 9 8
9 12 24
1 11 5
1 16 14
9 13 5
0 16 19
15 4 13
20 2 6
8 20 22
7 15 20
17 18 19
23 24 3
23 25 18
21 22 27
21 26 11
22 31 0
24 28 32
23 29 32
26 29 30
27 28 31
28 33 6
25 29 33
26 27 33
30 31 32
165
{[25, 24, 17, 16, 2]}
{[6, 3, 2, 1, 0]}
34
15 3 25
10 12 13
7 17 4
0 4 21
16 2 3
14 12 6
17 5 26
8 2 19
7 10 18
10 11 14
1 9 8
9 12 22
1 11 5
1 16 14
9 13 5
0 16 19
15 4 13
20 2 6
8 20 23
7 15 20
17 18 19
22 24 3
21 27 11
24 25 18
21 23 31
23 30 0
28 32 6
22 29 32
26 29 30
27 28 31
25 28 33
24 29 33
26 27 33
30 31 32
166
{[25, 24, 17, 16, 2]}
{[9, 7, 3, 2, 0]}
34
15 3 25
10 12 13
7 17 4
0 4 30
16 2 3
14 12 6
17 5 21
8 2 19
7 10 18
10 11 14
1 9 8
9 12 22
1 11 5
1 16 14
9 13 5
0 16 19
15 4 13
20 2 6
8 20 24
7 15 20
17 18 19
23 24 6
23 25 11
21 22 27
21 26 18
22 31 0
24 28 32
23 29 32
26 29 30
27 28 31
28 33 3
25 29 33
26 27 33
30 31 32
167
{[25, 24, 17, 16, 2]}
{[5, 4, 2, 1, 0]}
34
15 3 22
10 12 13
7 17 4
0 4 27
16 2 3
14 12 6
17 5 23
8 2 19
7 10 18
10 11 14
1 9 8
9 12 21
1 11 5
1 16 14
9 13 5
0 16 19
15 4 13
20 2 6
8 20 24
7 15 20
17 18 19
22 25 11
21 26 0
24 25 6
23 31 18
21 23 30
22 28 32
29 32 3
26 29 30
27 28 31
25 28 33
24 29 33
26 27 33
30 31 32
168
{[25, 24, 17, 16, 2]}
{[8, 7, 4, 2, 0]}
34
15 3 23
10 12 13
7 17 4
0 4 22
16 2 3
14 12 6
17 5 31
8 2 19
7 10 18
10 11 14
1 9 8
9 12 25
1 11 5
1 16 14
9 13 5
0 16 19
15 4 13
20 2 6
8 20 21
7 15 20
17 18 19
23 24 18
24 25 3
21 27 0
21 22 26
22 30 11
24 28 32
23 29 32
26 29 30
27 28 31
25 28 33
29 33 6
26 27 33
30 31 32
169
{[25, 24, 17, 16, 2]}
{[16, 13, 12, 11, 10]}
34
15 3 32
10 12 13
7 17 4
0 4 31
16 2 3
14 12 6
17 5 26
8 2 19
7 10 18
10 11 14
1 9 8
9 12 33
1 11 5
1 16 14
9 13 5
0 16 19
15 4 13
20 2 6
8 20 27
7 15 20
17 18 19
23 24 25
23 26 27
21 22 28
21 27 30
21 26 29
22 25 6
22 24 18
23 29 30
25 28 32
24 28 31
30 33 3
29 33 0
31 32 11
170
{[25, 24, 17, 16, 2]}
{[17, 16, 14, 12, 10]}
34
15 3 31
10 12 13
7 17 4
0 4 33
16 2 3
14 12 6
17 5 27
8 2 19
7 10 18
10 11 14
1 9 8
9 12 32
1 11 5
1 16 14
9 13 5
0 16 19
15 4 13
20 2 6
8 20 30
7 15 20
17 18 19
23 24 25
23 26 27
21 22 28
21 27 30
21 26 29
22 25 31
22 24 6
23 29 30
25 28 33
24 28 18
26 32 0
31 33 11
29 32 3
171
{[25, 24, 17, 16, 2]}
{[16, 13, 12, 11, 10]}
34
15 3 32
10 12 13
7 17 4
0 4 26
16 2 3
14 12 6
17 5 31
8 2 19
7 10 18
10 11 14
1 9 8
9 12 27
1 11 5
1 16 14
9 13 5
0 16 19
15 4 13
20 2 6
8 20 33
7 15 20
17 18 19
23 24 25
23 26 27
21 22 28
21 27 30
21 26 29
22 25 3
22 24 11
23 29 30
25 28 32
24 28 31
30 33 6
29 33 0
31 32 18
172
{[25, 24, 17, 16, 2]}
{[17, 16, 14, 12, 10]}
34
15 3 31
10 12 13
7 17 4
0 4 27
16 2 3
14 12 6
17 5 33
8 2 19
7 10 18
10 11 14
1 9 8
9 12 30
1 11 5
1 16 14
9 13 5
0 16 19
15 4 13
20 2 6
8 20 32
7 15 20
17 18 19
23 24 25
23 26 27
21 22 28
21 27 30
21 26 29
22 25 31
22 24 3
23 29 30
25 28 33
24 28 11
26 32 0
31 33 18
29 32 6
173
{[25, 24, 17, 16, 2]}
{[17, 16, 15, 13, 11]}
34
15 3 33
10 12 13
7 17 4
0 4 29
16 2 3
14 12 6
17 5 31
8 2 19
7 10 18
10 11 14
1 9 8
9 12 26
1 11 5
1 16 14
9 13 5
0 16 19
15 4 13
20 2 6
8 20 32
7 15 20
17 18 19
23 24 25
23 26 27
21 22 28
21 27 30
21 26 29
22 25 11
22 24 31
23 29 30
25 28 3
24 28 33
27 32 6
31 33 18
30 32 0
174
{[25, 24, 17, 16, 2]}
{[17, 16, 15, 13, 11]}
34
15 3 33
10 12 13
7 17 4
0 4 31
16 2 3
14 12 6
17 5 29
8 2 19
7 10 18
10 11 14
1 9 8
9 12 32
1 11 5
1 16 14
9 13 5
0 16 19
15 4 13
20 2 6
8 20 26
7 15 20
17 18 19
23 24 25
23 26 27
21 22 28
21 27 30
21 26 29
22 25 18
22 24 31
23 29 30
25 28 6
24 28 33
27 32 3
31 33 11
30 32 0
175
{[25, 24, 17, 16, 2]}
{[17, 15, 14, 13, 12]}
34
15 3 31
10 12 13
7 17 4
0 4 30
16 2 3
14 12 6
17 5 32
8 2 19
7 10 18
10 11 14
1 9 8
9 12 29
1 11 5
1 16 14
9 13 5
0 16 19
15 4 13
20 2 6
8 20 33
7 15 20
17 18 19
23 24 25
23 26 27
21 22 28
21 27 30
21 26 29
22 25 32
22 24 31
23 29 30
25 28 11
24 28 3
27 33 0
26 33 6
31 32 18
176
{[25, 24, 17, 16, 2]}
{[17, 15, 14, 13, 12]}
34
15 3 31
10 12 13
7 17 4
0 4 32
16 2 3
14 12 6
17 5 30
8 2 19
7 10 18
10 11 14
1 9 8
9 12 33
1 11 5
1 16 14
9 13 5
0 16 19
15 4 13
20 2 6
8 20 29
7 15 20
17 18 19
23 24 25
23 26 27
21 22 28
21 27 30
21 26 29
22 25 32
22 24 31
23 29 30
25 28 18
24 28 6
27 33 0
26 33 3
31 32 11
177
{[25, 24, 17, 16, 2]}
{[5, 4, 2, 1, 0]}
34
15 3 22
10 12 13
7 17 4
0 4 27
16 2 3
14 12 6
17 5 23
8 2 19
7 10 18
10 11 14
1 9 8
9 12 21
1 11 5
1 16 14
9 13 5
0 16 19
15 4 13
20 2 6
8 20 24
7 15 20
17 18 19
22 25 11
21 26 0
24 25 6
23 31 18
21 23 30
22 28 32
29 32 3
26 29 30
27 28 31
25 28 33
24 29 33
26 27 33
30 31 32
178
{[25, 24, 17, 16, 2]}
{[6, 3, 2, 1, 0]}
34
15 3 25
10 12 13
7 17 4
0 4 21
16 2 3
14 12 6
17 5 26
8 2 19
7 10 18
10 11 14
1 9 8
9 12 22
1 11 5
1 16 14
9 13 5
0 16 19
15 4 13
20 2 6
8 20 23
7 15 20
17 18 19
22 24 3
21 27 11
24 25 18
21 23 31
23 30 0
28 32 6
22 29 32
26 29 30
27 28 31
25 28 33
24 29 33
26 27 33
30 31 32
179
{[25, 24, 17, 16, 2]}
{[8, 7, 4, 2, 0]}
34
15 3 23
10 12 13
7 17 4
0 4 22
16 2 3
14 12 6
17 5 31
8 2 19
7 10 18
10 11 14
1 9 8
9 12 25
1 11 5
1 16 14
9 13 5
0 16 19
15 4 13
20 2 6
8 20 21
7 15 20
17 18 19
23 24 18
24 25 3
21 27 0
21 22 26
22 30 11
24 28 32
23 29 32
26 29 30
27 28 31
25 28 33
29 33 6
26 27 33
30 31 32
180
{[25, 24, 17, 16, 2]}
{[9, 7, 3, 2, 0]}
34
15 3 25
10 12 13
7 17 4
0 4 30
16 2 3
14 12 6
17 5 21
8 2 19
7 10 18
10 11 14
1 9 8
9 12 22
1 11 5
1 16 14
9 13 5
0 16 19
15 4 13
20 2 6
8 20 24
7 15 20
17 18 19
23 24 6
23 25 11
21 22 27
21 26 18
22 31 0
24 28 32
23 29 32
26 29 30
27 28 31
28 33 3
25 29 33
26 27 33
30 31 32
181
{[25, 24, 17, 16, 2]}
{[6, 3, 2, 1, 0]}
34
15 3 25
10 12 13
7 17 4
0 4 26
16 2 3
14 12 6
17 5 21
8 2 19
7 10 18
10 11 14
1 9 8
9 12 23
1 11 5
1 16 14
9 13 5
0 16 19
15 4 13
20 2 6
8 20 22
7 15 20
17 18 19
22 24 6
21 27 18
24 25 11
21 23 31
23 30 0
28 32 3
22 29 32
26 29 30
27 28 31
25 28 33
24 29 33
26 27 33
30 31 32
182
{[25, 24, 17, 16, 2]}
{[9, 7, 3, 2, 0]}
34
15 3 25
10 12 13
7 17 4
0 4 21
16 2 3
14 12 6
17 5 30
8 2 19
7 10 18
10 11 14
1 9 8
9 12 24
1 11 5
1 16 14
9 13 5
0 16 19
15 4 13
20 2 6
8 20 22
7 15 20
17 18 19
23 24 3
23 25 18
21 22 27
21 26 11
22 31 0
24 28 32
23 29 32
26 29 30
27 28 31
28 33 6
25 29 33
26 27 33
30 31 32
183
{[25, 24, 17, 16, 2]}
{[5, 4, 2, 1, 0]}
34
15 3 22
10 12 13
7 17 4
0 4 23
16 2 3
14 12 6
17 5 27
8 2 19
7 10 18
10 11 14
1 9 8
9 12 24
1 11 5
1 16 14
9 13 5
0 16 19
15 4 13
20 2 6
8 20 21
7 15 20
17 18 19
22 25 18
21 26 0
24 25 3
23 31 11
21 23 30
22 28 32
29 32 6
26 29 30
27 28 31
25 28 33
24 29 33
26 27 33
30 31 32
184
{[25, 24, 17, 16, 2]}
{[8, 7, 4, 2, 0]}
34
15 3 23
10 12 13
7 17 4
0 4 31
16 2 3
14 12 6
17 5 22
8 2 19
7 10 18
10 11 14
1 9 8
9 12 21
1 11 5
1 16 14
9 13 5
0 16 19
15 4 13
20 2 6
8 20 25
7 15 20
17 18 19
23 24 11
24 25 6
21 27 0
21 22 26
22 30 18
24 28 32
23 29 32
26 29 30
27 28 31
25 28 33
29 33 3
26 27 33
30 31 32
185
{[25, 24, 17, 16, 2]}
{[16, 13, 12, 11, 10]}
34
15 3 32
10 12 13
7 17 4
0 4 26
16 2 3
14 12 6
17 5 31
8 2 19
7 10 18
10 11 14
1 9 8
9 12 27
1 11 5
1 16 14
9 13 5
0 16 19
15 4 13
20 2 6
8 20 33
7 15 20
17 18 19
23 24 25
23 26 27
21 22 28
21 27 30
21 26 29
22 25 3
22 24 11
23 29 30
25 28 32
24 28 31
30 33 6
29 33 0
31 32 18
186
{[25, 24, 17, 16, 2]}
{[17, 16, 14, 12, 10]}
34
15 3 31
10 12 13
7 17 4
0 4 27
16 2 3
14 12 6
17 5 33
8 2 19
7 10 18
10 11 14
1 9 8
9 12 30
1 11 5
1 16 14
9 13 5
0 16 19
15 4 13
20 2 6
8 20 32
7 15 20
17 18 19
23 24 25
23 26 27
21 22 28
21 27 30
21 26 29
22 25 31
22 24 3
23 29 30
25 28 33
24 28 11
26 32 0
31 33 18
29 32 6
187
{[25, 24, 17, 16, 2]}
{[16, 13, 12, 11, 10]}
34
15 3 32
10 12 13
7 17 4
0 4 31
16 2 3
14 12 6
17 5 26
8 2 19
7 10 18
10 11 14
1 9 8
9 12 33
1 11 5
1 16 14
9 13 5
0 16 19
15 4 13
20 2 6
8 20 27
7 15 20
17 18 19
23 24 25
23 26 27
21 22 28
21 27 30
21 26 29
22 25 6
22 24 18
23 29 30
25 28 32
24 28 31
30 33 3
29 33 0
31 32 11
188
{[25, 24, 17, 16, 2]}
{[17, 16, 14, 12, 10]}
34
15 3 31
10 12 13
7 17 4
0 4 33
16 2 3
14 12 6
17 5 27
8 2 19
7 10 18
10 11 14
1 9 8
9 12 32
1 11 5
1 16 14
9 13 5
0 16 19
15 4 13
20 2 6
8 20 30
7 15 20
17 18 19
23 24 25
23 26 27
21 22 28
21 27 30
21 26 29
22 25 31
22 24 6
23 29 30
25 28 33
24 28 18
26 32 0
31 33 11
29 32 3
189
{[25, 24, 17, 16, 2]}
{[17, 16, 15, 13, 11]}
34
15 3 33
10 12 13
7 17 4
0 4 31
16 2 3
14 12 6
17 5 29
8 2 19
7 10 18
10 11 14
1 9 8
9 12 32
1 11 5
1 16 14
9 13 5
0 16 19
15 4 13
20 2 6
8 20 26
7 15 20
17 18 19
23 24 25
23 26 27
21 22 28
21 27 30
21 26 29
22 25 18
22 24 31
23 29 30
25 28 6
24 28 33
27 32 3
31 33 11
30 32 0
190
{[25, 24, 17, 16, 2]}
{[17, 16, 15, 13, 11]}
34
15 3 33
10 12 13
7 17 4
0 4 29
16 2 3
14 12 6
17 5 31
8 2 19
7 10 18
10 11 14
1 9 8
9 12 26
1 11 5
1 16 14
9 13 5
0 16 19
15 4 13
20 2 6
8 20 32
7 15 20
17 18 19
23 24 25
23 26 27
21 22 28
21 27 30
21 26 29
22 25 11
22 24 31
23 29 30
25 28 3
24 28 33
27 32 6
31 33 18
30 32 0
191
{[25, 24, 17, 16, 2]}
{[17, 15, 14, 13, 12]}
34
15 3 31
10 12 13
7 17 4
0 4 32
16 2 3
14 12 6
17 5 30
8 2 19
7 10 18
10 11 14
1 9 8
9 12 33
1 11 5
1 16 14
9 13 5
0 16 19
15 4 13
20 2 6
8 20 29
7 15 20
17 18 19
23 24 25
23 26 27
21 22 28
21 27 30
21 26 29
22 25 32
22 24 31
23 29 30
25 28 18
24 28 6
27 33 0
26 33 3
31 32 11
192
{[25, 24, 17, 16, 2]}
{[17, 15, 14, 13, 12]}
34
15 3 31
10 12 13
7 17 4
0 4 30
16 2 3
14 12 6
17 5 32
8 2 19
7 10 18
10 11 14
1 9 8
9 12 29
1 11 5
1 16 14
9 13 5
0 16 19
15 4 13
20 2 6
8 20 33
7 15 20
17 18 19
23 24 25
23 26 27
21 22 28
21 27 30
21 26 29
22 25 32
22 24 31
23 29 30
25 28 11
24 28 3
27 33 0
26 33 6
31 32 18
193
{[23, 22, 20, 8, 3]}
{[5, 4, 2, 1, 0]}
34
14 16 3
9 11 12
19 15 6
0 19 4
17 3 24
13 11 6
2 5 22
9 18 23
9 10 13
1 8 7
20 8 11
1 10 5
1 17 13
8 12 5
0 15 20
14 2 18
0 17 27
16 4 12
7 15 21
20 2 3
14 19 10
22 25 18
21 26 6
24 25 7
23 31 4
21 23 30
22 28 32
29 32 16
26 29 30
27 28 31
25 28 33
24 29 33
26 27 33
30 31 32
194
{[23, 22, 20, 8, 3]}
{[6, 3, 2, 1, 0]}
34
14 16 3
9 11 12
19 15 6
0 19 4
17 3 23
13 11 6
2 5 25
9 18 26
9 10 13
1 8 7
20 8 11
1 10 5
1 17 13
8 12 5
0 15 20
14 2 18
0 17 21
16 4 12
7 15 22
20 2 3
14 19 10
22 24 16
21 27 18
24 25 4
21 23 31
23 30 6
28 32 7
22 29 32
26 29 30
27 28 31
25 28 33
24 29 33
26 27 33
30 31 32
195
{[23, 22, 20, 8, 3]}
{[8, 7, 4, 2, 0]}
34
14 16 3
9 11 12
19 15 6
0 19 4
17 3 21
13 11 6
2 5 23
9 18 31
9 10 13
1 8 7
20 8 11
1 10 5
1 17 13
8 12 5
0 15 20
14 2 18
0 17 22
16 4 12
7 15 25
20 2 3
14 19 10
23 24 4
24 25 16
21 27 6
21 22 26
22 30 18
24 28 32
23 29 32
26 29 30
27 28 31
25 28 33
29 33 7
26 27 33
30 31 32
196
{[23, 22, 20, 8, 3]}
{[9, 7, 3, 2, 0]}
34
14 16 3
9 11 12
19 15 6
0 19 4
17 3 24
13 11 6
2 5 25
9 18 21
9 10 13
1 8 7
20 8 11
1 10 5
1 17 13
8 12 5
0 15 20
14 2 18
0 17 30
16 4 12
7 15 22
20 2 3
14 19 10
23 24 7
23 25 18
21 22 27
21 26 4
22 31 6
24 28 32
23 29 32
26 29 30
27 28 31
28 33 16
25 29 33
26 27 33
30 31 32
197
{[23, 22, 20, 8, 3]}
{[6, 3, 2, 1, 0]}
34
14 16 3
9 11 12
19 15 6
0 19 4
17 3 22
13 11 6
2 5 25
9 18 21
9 10 13
1 8 7
20 8 11
1 10 5
1 17 13
8 12 5
0 15 20
14 2 18
0 17 26
16 4 12
7 15 23
20 2 3
14 19 10
22 24 7
21 27 4
24 25 18
21 23 31
23 30 6
28 32 16
22 29 32
26 29 30
27 28 31
25 28 33
24 29 33
26 27 33
30 31 32
198
{[23, 22, 20, 8, 3]}
{[9, 7, 3, 2, 0]}
34
14 16 3
9 11 12
19 15 6
0 19 4
17 3 22
13 11 6
2 5 25
9 18 30
9 10 13
1 8 7
20 8 11
1 10 5
1 17 13
8 12 5
0 15 20
14 2 18
0 17 21
16 4 12
7 15 24
20 2 3
14 19 10
23 24 16
23 25 4
21 22 27
21 26 18
22 31 6
24 28 32
23 29 32
26 29 30
27 28 31
28 33 7
25 29 33
26 27 33
30 31 32
199
{[23, 22, 20, 8, 3]}
{[5, 4, 2, 1, 0]}
34
14 16 3
9 11 12
19 15 6
0 19 4
17 3 21
13 11 6
2 5 22
9 18 27
9 10 13
1 8 7
20 8 11
1 10 5
1 17 13
8 12 5
0 15 20
14 2 18
0 17 23
16 4 12
7 15 24
20 2 3
14 19 10
22 25 4
21 26 6
24 25 16
23 31 18
21 23 30
22 28 32
29 32 7
26 29 30
27 28 31
25 28 33
24 29 33
26 27 33
30 31 32
200
{[23, 22, 20, 8, 3]}
{[8, 7, 4, 2, 0]}
34
14 16 3
9 11 12
19 15 6
0 19 4
17 3 25
13 11 6
2 5 23
9 18 22
9 10 13
1 8 7
20 8 11
1 10 5
1 17 13
8 12 5
0 15 20
14 2 18
0 17 31
16 4 12
7 15 21
20 2 3
14 19 10
23 24 18
24 25 7
21 27 6
21 22 26
22 30 4
24 28 32
23 29 32
26 29 30
27 28 31
25 28 33
29 33 16
26 27 33
30 31 32
201
{[23, 22, 20, 8, 3]}
{[16, 13, 12, 11, 10]}
34
14 16 3
9 11 12
19 15 6
0 19 4
17 3 33
13 11 6
2 5 32
9 18 31
9 10 13
1 8 7
20 8 11
1 10 5
1 17 13
8 12 5
0 15 20
14 2 18
0 17 26
16 4 12
7 15 27
20 2 3
14 19 10
23 24 25
23 26 27
21 22 28
21 27 30
21 26 29
22 25 16
22 24 18
23 29 30
25 28 32
24 28 31
30 33 7
29 33 6
31 32 4
202
{[23, 22, 20, 8, 3]}
{[17, 16, 14, 12, 10]}
34
14 16 3
9 11 12
19 15 6
0 19 4
17 3 32
13 11 6
2 5 31
9 18 33
9 10 13
1 8 7
20 8 11
1 10 5
1 17 13
8 12 5
0 15 20
14 2 18
0 17 27
16 4 12
7 15 30
20 2 3
14 19 10
23 24 25
23 26 27
21 22 28
21 27 30
21 26 29
22 25 31
22 24 16
23 29 30
25 28 33
24 28 18
26 32 6
31 33 4
29 32 7
203
{[23, 22, 20, 8, 3]}
{[16, 13, 12, 11, 10]}
34
14 16 3
9 11 12
19 15 6
0 19 4
17 3 27
13 11 6
2 5 32
9 18 26
9 10 13
1 8 7
20 8 11
1 10 5
1 17 13
8 12 5
0 15 20
14 2 18
0 17 31
16 4 12
7 15 33
20 2 3
14 19 10
23 24 25
23 26 27
21 22 28
21 27 30
21 26 29
22 25 7
22 24 4
23 29 30
25 28 32
24 28 31
30 33 16
29 33 6
31 32 18
204
{[23, 22, 20, 8, 3]}
{[17, 16, 14, 12, 10]}
34
14 16 3
9 11 12
19 15 6
0 19 4
17 3 30
13 11 6
2 5 31
9 18 27
9 10 13
1 8 7
20 8 11
1 10 5
1 17 13
8 12 5
0 15 20
14 2 18
0 17 33
16 4 12
7 15 32
20 2 3
14 19 10
23 24 25
23 26 27
21 22 28
21 27 30
21 26 29
22 25 31
22 24 7
23 29 30
25 28 33
24 28 4
26 32 6
31 33 18
29 32 16
205
{[23, 22, 20, 8, 3]}
{[17, 16, 15, 13, 11]}
34
14 16 3
9 11 12
19 15 6
0 19 4
17 3 26
13 11 6
2 5 33
9 18 29
9 10 13
1 8 7
20 8 11
1 10 5
1 17 13
8 12 5
0 15 20
14 2 18
0 17 31
16 4 12
7 15 32
20 2 3
14 19 10
23 24 25
23 26 27
21 22 28
21 27 30
21 26 29
22 25 4
22 24 31
23 29 30
25 28 7
24 28 33
27 32 16
31 33 18
30 32 6
206
{[23, 22, 20, 8, 3]}
{[17, 16, 15, 13, 11]}
34
14 16 3
9 11 12
19 15 6
0 19 4
17 3 32
13 11 6
2 5 33
9 18 31
9 10 13
1 8 7
20 8 11
1 10 5
1 17 13
8 12 5
0 15 20
14 2 18
0 17 29
16 4 12
7 15 26
20 2 3
14 19 10
23 24 25
23 26 27
21 22 28
21 27 30
21 26 29
22 25 18
22 24 31
23 29 30
25 28 16
24 28 33
27 32 7
31 33 4
30 32 6
207
{[23, 22, 20, 8, 3]}
{[17, 15, 14, 13, 12]}
34
14 16 3
9 11 12
19 15 6
0 19 4
17 3 29
13 11 6
2 5 31
9 18 30
9 10 13
1 8 7
20 8 11
1 10 5
1 17 13
8 12 5
0 15 20
14 2 18
0 17 32
16 4 12
7 15 33
20 2 3
14 19 10
23 24 25
23 26 27
21 22 28
21 27 30
21 26 29
22 25 32
22 24 31
23 29 30
25 28 4
24 28 7
27 33 6
26 33 16
31 32 18
208
{[23, 22, 20, 8, 3]}
{[17, 15, 14, 13, 12]}
34
14 16 3
9 11 12
19 15 6
0 19 4
17 3 33
13 11 6
2 5 31
9 18 32
9 10 13
1 8 7
20 8 11
1 10 5
1 17 13
8 12 5
0 15 20
14 2 18
0 17 30
16 4 12
7 15 29
20 2 3
14 19 10
23 24 25
23 26 27
21 22 28
21 27 30
21 26 29
22 25 32
22 24 31
23 29 30
25 28 18
24 28 16
27 33 6
26 33 7
31 32 4
209
{[23, 22, 20, 8, 3]}
{[5, 4, 2, 1, 0]}
34
14 16 3
9 11 12
19 15 6
0 19 4
17 3 21
13 11 6
2 5 22
9 18 27
9 10 13
1 8 7
20 8 11
1 10 5
1 17 13
8 12 5
0 15 20
14 2 18
0 17 23
16 4 12
7 15 24
20 2 3
14 19 10
22 25 4
21 26 6
24 25 16
23 31 18
21 23 30
22 28 32
29 32 7
26 29 30
27 28 31
25 28 33
24 29 33
26 27 33
30 31 32
210
{[23, 22, 20, 8, 3]}
{[6, 3, 2, 1, 0]}
34
14 16 3
9 11 12
19 15 6
0 19 4
17 3 22
13 11 6
2 5 25
9 18 21
9 10 13
1 8 7
20 8 11
1 10 5
1 17 13
8 12 5
0 15 20
14 2 18
0 17 26
16 4 12
7 15 23
20 2 3
14 19 10
22 24 7
21 27 4
24 25 18
21 23 31
23 30 6
28 32 16
22 29 32
26 29 30
27 28 31
25 28 33
24 29 33
26 27 33
30 31 32
211
{[23, 22, 20, 8, 3]}
{[8, 7, 4, 2, 0]}
34
14 16 3
9 11 12
19 15 6
0 19 4
17 3 25
13 11 6
2 5 23
9 18 22
9 10 13
1 8 7
20 8 11
1 10 5
1 17 13
8 12 5
0 15 20
14 2 18
0 17 31
16 4 12
7 15 21
20 2 3
14 19 10
23 24 18
24 25 7
21 27 6
21 22 26
22 30 4
24 28 32
23 29 32
26 29 30
27 28 31
25 28 33
29 33 16
26 27 33
30 31 32
212
{[23, 22, 20, 8, 3]}
{[9, 7, 3, 2, 0]}
34
14 16 3
9 11 12
19 15 6
0 19 4
17 3 22
13 11 6
2 5 25
9 18 30
9 10 13
1 8 7
20 8 11
1 10 5
1 17 13
8 12 5
0 15 20
14 2 18
0 17 21
16 4 12
7 15 24
20 2 3
14 19 10
23 24 16
23 25 4
21 22 27
21 26 18
22 31 6
24 28 32
23 29 32
26 29 30
27 28 31
28 33 7
25 29 33
26 27 33
30 31 32
213
{[23, 22, 20, 8, 3]}
{[6, 3, 2, 1, 0]}
34
14 16 3
9 11 12
19 15 6
0 19 4
17 3 23
13 11 6
2 5 25
9 18 26
9 10 13
1 8 7
20 8 11
1 10 5
1 17 13
8 12 5
0 15 20
14 2 18
0 17 21
16 4 12
7 15 22
20 2 3
14 19 10
22 24 16
21 27 18
24 25 4
21 23 31
23 30 6
28 32 7
22 29 32
26 29 30
27 28 31
25 28 33
24 29 33
26 27 33
30 31 32
214
{[23, 22, 20, 8, 3]}
{[9, 7, 3, 2, 0]}
34
14 16 3
9 11 12
19 15 6
0 19 4
17 3 24
13 11 6
2 5 25
9 18 21
9 10 13
1 8 7
20 8 11
1 10 5
1 17 13
8 12 5
0 15 20
14 2 18
0 17 30
16 4 12
7 15 22
20 2 3
14 19 10
23 24 7
23 25 18
21 22 27
21 26 4
22 31 6
24 28 32
23 29 32
26 29 30
27 28 31
28 33 16
25 29 33
26 27 33
30 31 32
215
{[23, 22, 20, 8, 3]}
{[5, 4, 2, 1, 0]}
34
14 16 3
9 11 12
19 15 6
0 19 4
17 3 24
13 11 6
2 5 22
9 18 23
9 10 13
1 8 7
20 8 11
1 10 5
1 17 13
8 12 5
0 15 20
14 2 18
0 17 27
16 4 12
7 15 21
20 2 3
14 19 10
22 25 18
21 26 6
24 25 7
23 31 4
21 23 30
22 28 32
29 32 16
26 29 30
27 28 31
25 28 33
24 29 33
26 27 33
30 31 32
216
{[23, 22, 20, 8, 3]}
{[8, 7, 4, 2, 0]}
34
14 16 3
9 11 12
19 15 6
0 19 4
17 3 21
13 11 6
2 5 23
9 18 31
9 10 13
1 8 7
20 8 11
1 10 5
1 17 13
8 12 5
0 15 20
14 2 18
0 17 22
16 4 12
7 15 25
20 2 3
14 19 10
23 24 4
24 25 16
21 27 6
21 22 26
22 30 18
24 28 32
23 29 32
26 29 30
27 28 31
25 28 33
29 33 7
26 27 33
30 31 32
217
{[23, 22, 20, 8, 3]}
{[16, 13, 12, 11, 10]}
34
14 16 3
9 11 12
19 15 6
0 19 4
17 3 27
13 11 6
2 5 32
9 18 26
9 10 13
1 8 7
20 8 11
1 10 5
1 17 13
8 12 5
0 15 20
14 2 18
0 17 31
16 4 12
7 15 33
20 2 3
14 19 10
23 24 25
23 26 27
21 22 28
21 27 30
21 26 29
22 25 7
22 24 4
23 29 30
25 28 32
24 28 31
30 33 16
29 33 6
31 32 18
218
{[23, 22, 20, 8, 3]}
{[17, 16, 14, 12, 10]}
34
14 16 3
9 11 12
19 15 6
0 19 4
17 3 30
13 11 6
2 5 31
9 18 27
9 10 13
1 8 7
20 8 11
1 10 5
1 17 13
8 12 5
0 15 20
14 2 18
0 17 33
16 4 12
7 15 32
20 2 3
14 19 10
23 24 25
23 26 27
21 22 28
21 27 30
21 26 29
22 25 31
22 24 7
23 29 30
25 28 33
24 28 4
26 32 6
31 33 18
29 32 16
219
{[23, 22, 20, 8, 3]}
{[16, 13, 12, 11, 10]}
34
14 16 3
9 11 12
19 15 6
0 19 4
17 3 33
13 11 6
2 5 32
9 18 31
9 10 13
1 8 7
20 8 11
1 10 5
1 17 13
8 12 5
0 15 20
14 2 18
0 17 26
16 4 12
7 15 27
20 2 3
14 19 10
23 24 25
23 26 27
21 22 28
21 27 30
21 26 29
22 25 16
22 24 18
23 29 30
25 28 32
24 28 31
30 33 7
29 33 6
31 32 4
220
{[23, 22, 20, 8, 3]}
{[17, 16, 14, 12, 10]}
34
14 16 3
9 11 12
19 15 6
0 19 4
17 3 32
13 11 6
2 5 31
9 18 33
9 10 13
1 8 7
20 8 11
1 10 5
1 17 13
8 12 5
0 15 20
14 2 18
0 17 27
16 4 12
7 15 30
20 2 3
14 19 10
23 24 25
23 26 27
21 22 28
21 27 30
21 26 29
22 25 31
22 24 16
23 29 30
25 28 33
24 28 18
26 32 6
31 33 4
29 32 7
221
{[23, 22, 20, 8, 3]}
{[17, 16, 15, 13, 11]}
34
14 16 3
9 11 12
19 15 6
0 19 4
17 3 32
13 11 6
2 5 33
9 18 31
9 10 13
1 8 7
20 8 11
1 10 5
1 17 13
8 12 5
0 15 20
14 2 18
0 17 29
16 4 12
7 15 26
20 2 3
14 19 10
23 24 25
23 26 27
21 22 28
21 27 30
21 26 29
22 25 18
22 24 31
23 29 30
25 28 16
24 28 33
27 32 7
31 33 4
30 32 6
222
{[23, 22, 20, 8, 3]}
{[17, 16, 15, 13, 11]}
34
14 16 3
9 11 12
19 15 6
0 19 4
17 3 26
13 11 6
2 5 33
9 18 29
9 10 13
1 8 7
20 8 11
1 10 5
1 17 13
8 12 5
0 15 20
14 2 18
0 17 31
16 4 12
7 15 32
20 2 3
14 19 10
23 24 25
23 26 27
21 22 28
21 27 30
21 26 29
22 25 4
22 24 31
23 29 30
25 28 7
24 28 33
27 32 16
31 33 18
30 32 6
223
{[23, 22, 20, 8, 3]}
{[17, 15, 14, 13, 12]}
34
14 16 3
9 11 12
19 15 6
0 19 4
17 3 33
13 11 6
2 5 31
9 18 32
9 10 13
1 8 7
20 8 11
1 10 5
1 17 13
8 12 5
0 15 20
14 2 18
0 17 30
16 4 12
7 15 29
20 2 3
14 19 10
23 24 25
23 26 27
21 22 28
21 27 30
21 26 29
22 25 32
22 24 31
23 29 30
25 28 18
24 28 16
27 33 6
26 33 7
31 32 4
224
{[23, 22, 20, 8, 3]}
{[17, 15, 14, 13, 12]}
34
14 16 3
9 11 12
19 15 6
0 19 4
17 3 29
13 11 6
2 5 31
9 18 30
9 10 13
1 8 7
20 8 11
1 10 5
1 17 13
8 12 5
0 15 20
14 2 18
0 17 32
16 4 12
7 15 33
20 2 3
14 19 10
23 24 25
23 26 27
21 22 28
21 27 30
21 26 29
22 25 32
22 24 31
23 29 30
25 28 4
24 28 7
27 33 6
26 33 16
31 32 18
225
{[15, 13, 12, 10, 6]}
{[5, 4, 2, 1, 0]}
34
11 13 4
9 10 27
19 12 6
7 15 5
0 19 5
14 3 4
2 15 23
8 3 17
7 9 16
1 8 22
1 14 24
0 12 20
11 2 16
0 14 17
13 5 10
18 3 6
8 18 12
7 13 18
15 16 17
20 2 4
11 19 21
22 25 20
21 26 9
24 25 6
23 31 10
21 23 30
22 28 32
29 32 1
26 29 30
27 28 31
25 28 33
24 29 33
26 27 33
30 31 32
226
{[15, 13, 12, 10, 6]}
{[6, 3, 2, 1, 0]}
34
11 13 4
9 10 21
19 12 6
7 15 5
0 19 5
14 3 4
2 15 26
8 3 17
7 9 16
1 8 25
1 14 23
0 12 20
11 2 16
0 14 17
13 5 10
18 3 6
8 18 12
7 13 18
15 16 17
20 2 4
11 19 22
22 24 1
21 27 20
24 25 10
21 23 31
23 30 9
28 32 6
22 29 32
26 29 30
27 28 31
25 28 33
24 29 33
26 27 33
30 31 32
227
{[15, 13, 12, 10, 6]}
{[8, 7, 4, 2, 0]}
34
11 13 4
9 10 22
19 12 6
7 15 5
0 19 5
14 3 4
2 15 31
8 3 17
7 9 16
1 8 23
1 14 21
0 12 20
11 2 16
0 14 17
13 5 10
18 3 6
8 18 12
7 13 18
15 16 17
20 2 4
11 19 25
23 24 10
24 25 1
21 27 9
21 22 26
22 30 20
24 28 32
23 29 32
26 29 30
27 28 31
25 28 33
29 33 6
26 27 33
30 31 32
228
{[15, 13, 12, 10, 6]}
{[9, 7, 3, 2, 0]}
34
11 13 4
9 10 30
19 12 6
7 15 5
0 19 5
14 3 4
2 15 21
8 3 17
7 9 16
1 8 25
1 14 24
0 12 20
11 2 16
0 14 17
13 5 10
18 3 6
8 18 12
7 13 18
15 16 17
20 2 4
11 19 22
23 24 6
23 25 20
21 22 27
21 26 10
22 31 9
24 28 32
23 29 32
26 29 30
27 28 31
28 33 1
25 29 33
26 27 33
30 31 32
229
{[15, 13, 12, 10, 6]}
{[6, 3, 2, 1, 0]}
34
11 13 4
9 10 26
19 12 6
7 15 5
0 19 5
14 3 4
2 15 21
8 3 17
7 9 16
1 8 25
1 14 22
0 12 20
11 2 16
0 14 17
13 5 10
18 3 6
8 18 12
7 13 18
15 16 17
20 2 4
11 19 23
22 24 6
21 27 10
24 25 20
21 23 31
23 30 9
28 32 1
22 29 32
26 29 30
27 28 31
25 28 33
24 29 33
26 27 33
30 31 32
230
{[15, 13, 12, 10, 6]}
{[9, 7, 3, 2, 0]}
34
11 13 4
9 10 21
19 12 6
7 15 5
0 19 5
14 3 4
2 15 30
8 3 17
7 9 16
1 8 25
1 14 22
0 12 20
11 2 16
0 14 17
13 5 10
18 3 6
8 18 12
7 13 18
15 16 17
20 2 4
11 19 24
23 24 1
23 25 10
21 22 27
21 26 20
22 31 9
24 28 32
23 29 32
26 29 30
27 28 31
28 33 6
25 29 33
26 27 33
30 31 32
231
{[15, 13, 12, 10, 6]}
{[5, 4, 2, 1, 0]}
34
11 13 4
9 10 23
19 12 6
7 15 5
0 19 5
14 3 4
2 15 27
8 3 17
7 9 16
1 8 22
1 14 21
0 12 20
11 2 16
0 14 17
13 5 10
18 3 6
8 18 12
7 13 18
15 16 17
20 2 4
11 19 24
22 25 10
21 26 9
24 25 1
23 31 20
21 23 30
22 28 32
29 32 6
26 29 30
27 28 31
25 28 33
24 29 33
26 27 33
30 31 32
232
{[15, 13, 12, 10, 6]}
{[8, 7, 4, 2, 0]}
34
11 13 4
9 10 31
19 12 6
7 15 5
0 19 5
14 3 4
2 15 22
8 3 17
7 9 16
1 8 23
1 14 25
0 12 20
11 2 16
0 14 17
13 5 10
18 3 6
8 18 12
7 13 18
15 16 17
20 2 4
11 19 21
23 24 20
24 25 6
21 27 9
21 22 26
22 30 10
24 28 32
23 29 32
26 29 30
27 28 31
25 28 33
29 33 1
26 27 33
30 31 32
233
{[15, 13, 12, 10, 6]}
{[16, 13, 12, 11, 10]}
34
11 13 4
9 10 26
19 12 6
7 15 5
0 19 5
14 3 4
2 15 31
8 3 17
7 9 16
1 8 32
1 14 33
0 12 20
11 2 16
0 14 17
13 5 10
18 3 6
8 18 12
7 13 18
15 16 17
20 2 4
11 19 27
23 24 25
23 26 27
21 22 28
21 27 30
21 26 29
22 25 1
22 24 20
23 29 30
25 28 32
24 28 31
30 33 6
29 33 9
31 32 10
234
{[15, 13, 12, 10, 6]}
{[17, 16, 14, 12, 10]}
34
11 13 4
9 10 27
19 12 6
7 15 5
0 19 5
14 3 4
2 15 33
8 3 17
7 9 16
1 8 31
1 14 32
0 12 20
11 2 16
0 14 17
13 5 10
18 3 6
8 18 12
7 13 18
15 16 17
20 2 4
11 19 30
23 24 25
23 26 27
21 22 28
21 27 30
21 26 29
22 25 31
22 24 1
23 29 30
25 28 33
24 28 20
26 32 9
31 33 10
29 32 6
235
{[15, 13, 12, 10, 6]}
{[16, 13, 12, 11, 10]}
34
11 13 4
9 10 31
19 12 6
7 15 5
0 19 5
14 3 4
2 15 26
8 3 17
7 9 16
1 8 32
1 14 27
0 12 20
11 2 16
0 14 17
13 5 10
18 3 6
8 18 12
7 13 18
15 16 17
20 2 4
11 19 33
23 24 25
23 26 27
21 22 28
21 27 30
21 26 29
22 25 6
22 24 10
23 29 30
25 28 32
24 28 31
30 33 1
29 33 9
31 32 20
236
{[15, 13, 12, 10, 6]}
{[17, 16, 14, 12, 10]}
34
11 13 4
9 10 33
19 12 6
7 15 5
0 19 5
14 3 4
2 15 27
8 3 17
7 9 16
1 8 31
1 14 30
0 12 20
11 2 16
0 14 17
13 5 10
18 3 6
8 18 12
7 13 18
15 16 17
20 2 4
11 19 32
23 24 25
23 26 27
21 22 28
21 27 30
21 26 29
22 25 31
22 24 6
23 29 30
25 28 33
24 28 10
26 32 9
31 33 20
29 32 1
237
{[15, 13, 12, 10, 6]}
{[17, 16, 15, 13, 11]}
34
11 13 4
9 10 31
19 12 6
7 15 5
0 19 5
14 3 4
2 15 29
8 3 17
7 9 16
1 8 33
1 14 26
0 12 20
11 2 16
0 14 17
13 5 10
18 3 6
8 18 12
7 13 18
15 16 17
20 2 4
11 19 32
23 24 25
23 26 27
21 22 28
21 27 30
21 26 29
22 25 10
22 24 31
23 29 30
25 28 6
24 28 33
27 32 1
31 33 20
30 32 9
238
{[15, 13, 12, 10, 6]}
{[17, 16, 15, 13, 11]}
34
11 13 4
9 10 29
19 12 6
7 15 5
0 19 5
14 3 4
2 15 31
8 3 17
7 9 16
1 8 33
1 14 32
0 12 20
11 2 16
0 14 17
13 5 10
18 3 6
8 18 12
7 13 18
15 16 17
20 2 4
11 19 26
23 24 25
23 26 27
21 22 28
21 27 30
21 26 29
22 25 20
22 24 31
23 29 30
25 28 1
24 28 33
27 32 6
31 33 10
30 32 9
239
{[15, 13, 12, 10, 6]}
{[17, 15, 14, 13, 12]}
34
11 13 4
9 10 32
19 12 6
7 15 5
0 19 5
14 3 4
2 15 30
8 3 17
7 9 16
1 8 31
1 14 29
0 12 20
11 2 16
0 14 17
13 5 10
18 3 6
8 18 12
7 13 18
15 16 17
20 2 4
11 19 33
23 24 25
23 26 27
21 22 28
21 27 30
21 26 29
22 25 32
22 24 31
23 29 30
25 28 10
24 28 6
27 33 9
26 33 1
31 32 20
240
{[15, 13, 12, 10, 6]}
{[17, 15, 14, 13, 12]}
34
11 13 4
9 10 30
19 12 6
7 15 5
0 19 5
14 3 4
2 15 32
8 3 17
7 9 16
1 8 31
1 14 33
0 12 20
11 2 16
0 14 17
13 5 10
18 3 6
8 18 12
7 13 18
15 16 17
20 2 4
11 19 29
23 24 25
23 26 27
21 22 28
21 27 30
21 26 29
22 25 32
22 24 31
23 29 30
25 28 20
24 28 1
27 33 9
26 33 6
31 32 10
241
{[15, 13, 12, 10, 6]}
{[5, 4, 2, 1, 0]}
34
11 13 4
9 10 23
19 12 6
7 15 5
0 19 5
14 3 4
2 15 27
8 3 17
7 9 16
1 8 22
1 14 21
0 12 20
11 2 16
0 14 17
13 5 10
18 3 6
8 18 12
7 13 18
15 16 17
20 2 4
11 19 24
22 25 10
21 26 9
24 25 1
23 31 20
21 23 30
22 28 32
29 32 6
26 29 30
27 28 31
25 28 33
24 29 33
26 27 33
30 31 32
242
{[15, 13, 12, 10, 6]}
{[6, 3, 2, 1, 0]}
34
11 13 4
9 10 26
19 12 6
7 15 5
0 19 5
14 3 4
2 15 21
8 3 17
7 9 16
1 8 25
1 14 22
0 12 20
11 2 16
0 14 17
13 5 10
18 3 6
8 18 12
7 13 18
15 16 17
20 2 4
11 19 23
22 24 6
21 27 10
24 25 20
21 23 31
23 30 9
28 32 1
22 29 32
26 29 30
27 28 31
25 28 33
24 29 33
26 27 33
30 31 32
243
{[15, 13, 12, 10, 6]}
{[8, 7, 4, 2, 0]}
34
11 13 4
9 10 31
19 12 6
7 15 5
0 19 5
14 3 4
2 15 22
8 3 17
7 9 16
1 8 23
1 14 25
0 12 20
11 2 16
0 14 17
13 5 10
18 3 6
8 18 12
7 13 18
15 16 17
20 2 4
11 19 21
23 24 20
24 25 6
21 27 9
21 22 26
22 30 10
24 28 32
23 29 32
26 29 30
27 28 31
25 28 33
29 33 1
26 27 33
30 31 32
244
{[15, 13, 12, 10, 6]}
{[9, 7, 3, 2, 0]}
34
11 13 4
9 10 21
19 12 6
7 15 5
0 19 5
14 3 4
2 15 30
8 3 17
7 9 16
1 8 25
1 14 22
0 12 20
11 2 16
0 14 17
13 5 10
18 3 6
8 18 12
7 13 18
15 16 17
20 2 4
11 19 24
23 24 1
23 25 10
21 22 27
21 26 20
22 31 9
24 28 32
23 29 32
26 29 30
27 28 31
28 33 6
25 29 33
26 27 33
30 31 32
245
{[15, 13, 12, 10, 6]}
{[6, 3, 2, 1, 0]}
34
11 13 4
9 10 21
19 12 6
7 15 5
0 19 5
14 3 4
2 15 26
8 3 17
7 9 16
1 8 25
1 14 23
0 12 20
11 2 16
0 14 17
13 5 10
18 3 6
8 18 12
7 13 18
15 16 17
20 2 4
11 19 22
22 24 1
21 27 20
24 25 10
21 23 31
23 30 9
28 32 6
22 29 32
26 29 30
27 28 31
25 28 33
24 29 33
26 27 33
30 31 32
246
{[15, 13, 12, 10, 6]}
{[9, 7, 3, 2, 0]}
34
11 13 4
9 10 30
19 12 6
7 15 5
0 19 5
14 3 4
2 15 21
8 3 17
7 9 16
1 8 25
1 14 24
0 12 20
11 2 16
0 14 17
13 5 10
18 3 6
8 18 12
7 13 18
15 16 17
20 2 4
11 19 22
23 24 6
23 25 20
21 22 27
21 26 10
22 31 9
24 28 32
23 29 32
26 29 30
27 28 31
28 33 1
25 29 33
26 27 33
30 31 32
247
{[15, 13, 12, 10, 6]}
{[5, 4, 2, 1, 0]}
34
11 13 4
9 10 27
19 12 6
7 15 5
0 19 5
14 3 4
2 15 23
8 3 17
7 9 16
1 8 22
1 14 24
0 12 20
11 2 16
0 14 17
13 5 10
18 3 6
8 18 12
7 13 18
15 16 17
20 2 4
11 19 21
22 25 20
21 26 9
24 25 6
23 31 10
21 23 30
22 28 32
29 32 1
26 29 30
27 28 31
25 28 33
24 29 33
26 27 33
30 31 32
248
{[15, 13, 12, 10, 6]}
{[8, 7, 4, 2, 0]}
34
11 13 4
9 10 22
19 12 6
7 15 5
0 19 5
14 3 4
2 15 31
8 3 17
7 9 16
1 8 23
1 14 21
0 12 20
11 2 16
0 14 17
13 5 10
18 3 6
8 18 12
7 13 18
15 16 17
20 2 4
11 19 25
23 24 10
24 25 1
21 27 9
21 22 26
22 30 20
24 28 32
23 29 32
26 29 30
27 28 31
25 28 33
29 33 6
26 27 33
30 31 32
249
{[15, 13, 12, 10, 6]}
{[16, 13, 12, 11, 10]}
34
11 13 4
9 10 31
19 12 6
7 15 5
0 19 5
14 3 4
2 15 26
8 3 17
7 9 16
1 8 32
1 14 27
0 12 20
11 2 16
0 14 17
13 5 10
18 3 6
8 18 12
7 13 18
15 16 17
20 2 4
11 19 33
23 24 25
23 26 27
21 22 28
21 27 30
21 26 29
22 25 6
22 24 10
23 29 30
25 28 32
24 28 31
30 33 1
29 33 9
31 32 20
250
{[15, 13, 12, 10, 6]}
{[17, 16, 14, 12, 10]}
34
11 13 4
9 10 33
19 12 6
7 15 5
0 19 5
14 3 4
2 15 27
8 3 17
7 9 16
1 8 31
1 14 30
0 12 20
11 2 16
0 14 17
13 5 10
18 3 6
8 18 12
7 13 18
15 16 17
20 2 4
11 19 32
23 24 25
23 26 27
21 22 28
21 27 30
21 26 29
22 25 31
22 24 6
23 29 30
25 28 33
24 28 10
26 32 9
31 33 20
29 32 1
251
{[15, 13, 12, 10, 6]}
{[16, 13, 12, 11, 10]}
34
11 13 4
9 10 26
19 12 6
7 15 5
0 19 5
14 3 4
2 15 31
8 3 17
7 9 16
1 8 32
1 14 33
0 12 20
11 2 16
0 14 17
13 5 10
18 3 6
8 18 12
7 13 18
15 16 17
20 2 4
11 19 27
23 24 25
23 26 27
21 22 28
21 27 30
21 26 29
22 25 1
22 24 20
23 29 30
25 28 32
24 28 31
30 33 6
29 33 9
31 32 10
252
{[15, 13, 12, 10, 6]}
{[17, 16, 14, 12, 10]}
34
11 13 4
9 10 27
19 12 6
7 15 5
0 19 5
14 3 4
2 15 33
8 3 17
7 9 16
1 8 31
1 14 32
0 12 20
11 2 16
0 14 17
13 5 10
18 3 6
8 18 12
7 13 18
15 16 17
20 2 4
11 19 30
23 24 25
23 26 27
21 22 28
21 27 30
21 26 29
22 25 31
22 24 1
23 29 30
25 28 33
24 28 20
26 32 9
31 33 10
29 32 6
253
{[15, 13, 12, 10, 6]}
{[17, 16, 15, 13, 11]}
34
11 13 4
9 10 29
19 12 6
7 15 5
0 19 5
14 3 4
2 15 31
8 3 17
7 9 16
1 8 33
1 14 32
0 12 20
11 2 16
0 14 17
13 5 10
18 3 6
8 18 12
7 13 18
15 16 17
20 2 4
11 19 26
23 24 25
23 26 27
21 22 28
21 27 30
21 26 29
22 25 20
22 24 31
23 29 30
25 28 1
24 28 33
27 32 6
31 33 10
30 32 9
254
{[15, 13, 12, 10, 6]}
{[17, 16, 15, 13, 11]}
34
11 13 4
9 10 31
19 12 6
7 15 5
0 19 5
14 3 4
2 15 29
8 3 17
7 9 16
1 8 33
1 14 26
0 12 20
11 2 16
0 14 17
13 5 10
18 3 6
8 18 12
7 13 18
15 16 17
20 2 4
11 19 32
23 24 25
23 26 27
21 22 28
21 27 30
21 26 29
22 25 10
22 24 31
23 29 30
25 28 6
24 28 33
27 32 1
31 33 20
30 32 9
255
{[15, 13, 12, 10, 6]}
{[17, 15, 14, 13, 12]}
34
11 13 4
9 10 30
19 12 6
7 15 5
0 19 5
14 3 4
2 15 32
8 3 17
7 9 16
1 8 31
1 14 33
0 12 20
11 2 16
0 14 17
13 5 10
18 3 6
8 18 12
7 13 18
15 16 17
20 2 4
11 19 29
23 24 25
23 26 27
21 22 28
21 27 30
21 26 29
22 25 32
22 24 31
23 29 30
25 28 20
24 28 1
27 33 9
26 33 6
31 32 10
256
{[15, 13, 12, 10, 6]}
{[17, 15, 14, 13, 12]}
34
11 13 4
9 10 32
19 12 6
7 15 5
0 19 5
14 3 4
2 15 30
8 3 17
7 9 16
1 8 31
1 14 29
0 12 20
11 2 16
0 14 17
13 5 10
18 3 6
8 18 12
7 13 18
15 16 17
20 2 4
11 19 33
23 24 25
23 26 27
21 22 28
21 27 30
21 26 29
22 25 32
22 24 31
23 29 30
25 28 10
24 28 6
27 33 9
26 33 1
31 32 20
257
{[23, 22, 21, 9, 8]}
{[5, 4, 2, 1, 0]}
34
14 16 4
9 11 12
19 15 7
18 5 22
0 19 5
17 3 4
13 11 7
2 18 6
9 10 13
1 8 24
20 8 11
1 10 6
1 17 13
8 12 6
0 15 20
14 2 23
0 17 21
16 5 12
3 7 27
20 2 4
14 19 10
22 25 16
21 26 3
24 25 15
23 31 9
21 23 30
22 28 32
29 32 18
26 29 30
27 28 31
25 28 33
24 29 33
26 27 33
30 31 32
258
{[23, 22, 21, 9, 8]}
{[6, 3, 2, 1, 0]}
34
14 16 4
9 11 12
19 15 7
18 5 25
0 19 5
17 3 4
13 11 7
2 18 6
9 10 13
1 8 23
20 8 11
1 10 6
1 17 13
8 12 6
0 15 20
14 2 26
0 17 22
16 5 12
3 7 21
20 2 4
14 19 10
22 24 18
21 27 16
24 25 9
21 23 31
23 30 3
28 32 15
22 29 32
26 29 30
27 28 31
25 28 33
24 29 33
26 27 33
30 31 32
259
{[23, 22, 21, 9, 8]}
{[8, 7, 4, 2, 0]}
34
14 16 4
9 11 12
19 15 7
18 5 23
0 19 5
17 3 4
13 11 7
2 18 6
9 10 13
1 8 21
20 8 11
1 10 6
1 17 13
8 12 6
0 15 20
14 2 31
0 17 25
16 5 12
3 7 22
20 2 4
14 19 10
23 24 9
24 25 18
21 27 3
21 22 26
22 30 16
24 28 32
23 29 32
26 29 30
27 28 31
25 28 33
29 33 15
26 27 33
30 31 32
260
{[23, 22, 21, 9, 8]}
{[9, 7, 3, 2, 0]}
34
14 16 4
9 11 12
19 15 7
18 5 25
0 19 5
17 3 4
13 11 7
2 18 6
9 10 13
1 8 24
20 8 11
1 10 6
1 17 13
8 12 6
0 15 20
14 2 21
0 17 22
16 5 12
3 7 30
20 2 4
14 19 10
23 24 15
23 25 16
21 22 27
21 26 9
22 31 3
24 28 32
23 29 32
26 29 30
27 28 31
28 33 18
25 29 33
26 27 33
30 31 32
261
{[23, 22, 21, 9, 8]}
{[6, 3, 2, 1, 0]}
34
14 16 4
9 11 12
19 15 7
18 5 25
0 19 5
17 3 4
13 11 7
2 18 6
9 10 13
1 8 22
20 8 11
1 10 6
1 17 13
8 12 6
0 15 20
14 2 21
0 17 23
16 5 12
3 7 26
20 2 4
14 19 10
22 24 15
21 27 9
24 25 16
21 23 31
23 30 3
28 32 18
22 29 32
26 29 30
27 28 31
25 28 33
24 29 33
26 27 33
30 31 32
262
{[23, 22, 21, 9, 8]}
{[9, 7, 3, 2, 0]}
34
14 16 4
9 11 12
19 15 7
18 5 25
0 19 5
17 3 4
13 11 7
2 18 6
9 10 13
1 8 22
20 8 11
1 10 6
1 17 13
8 12 6
0 15 20
14 2 30
0 17 24
16 5 12
3 7 21
20 2 4
14 19 10
23 24 18
23 25 9
21 22 27
21 26 16
22 31 3
24 28 32
23 29 32
26 29 30
27 28 31
28 33 15
25 29 33
26 27 33
30 31 32
263
{[23, 22, 21, 9, 8]}
{[5, 4, 2, 1, 0]}
34
14 16 4
9 11 12
19 15 7
18 5 22
0 19 5
17 3 4
13 11 7
2 18 6
9 10 13
1 8 21
20 8 11
1 10 6
1 17 13
8 12 6
0 15 20
14 2 27
0 17 24
16 5 12
3 7 23
20 2 4
14 19 10
22 25 9
21 26 3
24 25 18
23 31 16
21 23 30
22 28 32
29 32 15
26 29 30
27 28 31
25 28 33
24 29 33
26 27 33
30 31 32
264
{[23, 22, 21, 9, 8]}
{[8, 7, 4, 2, 0]}
34
14 16 4
9 11 12
19 15 7
18 5 23
0 19 5
17 3 4
13 11 7
2 18 6
9 10 13
1 8 25
20 8 11
1 10 6
1 17 13
8 12 6
0 15 20
14 2 22
0 17 21
16 5 12
3 7 31
20 2 4
14 19 10
23 24 16
24 25 15
21 27 3
21 22 26
22 30 9
24 28 32
23 29 32
26 29 30
27 28 31
25 28 33
29 33 18
26 27 33
30 31 32
265
{[23, 22, 21, 9, 8]}
{[16, 13, 12, 11, 10]}
34
14 16 4
9 11 12
19 15 7
18 5 32
0 19 5
17 3 4
13 11 7
2 18 6
9 10 13
1 8 33
20 8 11
1 10 6
1 17 13
8 12 6
0 15 20
14 2 31
0 17 27
16 5 12
3 7 26
20 2 4
14 19 10
23 24 25
23 26 27
21 22 28
21 27 30
21 26 29
22 25 18
22 24 16
23 29 30
25 28 32
24 28 31
30 33 15
29 33 3
31 32 9
266
{[23, 22, 21, 9, 8]}
{[17, 16, 14, 12, 10]}
34
14 16 4
9 11 12
19 15 7
18 5 31
0 19 5
17 3 4
13 11 7
2 18 6
9 10 13
1 8 32
20 8 11
1 10 6
1 17 13
8 12 6
0 15 20
14 2 33
0 17 30
16 5 12
3 7 27
20 2 4
14 19 10
23 24 25
23 26 27
21 22 28
21 27 30
21 26 29
22 25 31
22 24 18
23 29 30
25 28 33
24 28 16
26 32 3
31 33 9
29 32 15
267
{[23, 22, 21, 9, 8]}
{[16, 13, 12, 11, 10]}
34
14 16 4
9 11 12
19 15 7
18 5 32
0 19 5
17 3 4
13 11 7
2 18 6
9 10 13
1 8 27
20 8 11
1 10 6
1 17 13
8 12 6
0 15 20
14 2 26
0 17 33
16 5 12
3 7 31
20 2 4
14 19 10
23 24 25
23 26 27
21 22 28
21 27 30
21 26 29
22 25 15
22 24 9
23 29 30
25 28 32
24 28 31
30 33 18
29 33 3
31 32 16
268
{[23, 22, 21, 9, 8]}
{[17, 16, 14, 12, 10]}
34
14 16 4
9 11 12
19 15 7
18 5 31
0 19 5
17 3 4
13 11 7
2 18 6
9 10 13
1 8 30
20 8 11
1 10 6
1 17 13
8 12 6
0 15 20
14 2 27
0 17 32
16 5 12
3 7 33
20 2 4
14 19 10
23 24 25
23 26 27
21 22 28
21 27 30
21 26 29
22 25 31
22 24 15
23 29 30
25 28 33
24 28 9
26 32 3
31 33 16
29 32 18
269
{[23, 22, 21, 9, 8]}
{[17, 16, 15, 13, 11]}
34
14 16 4
9 11 12
19 15 7
18 5 33
0 19 5
17 3 4
13 11 7
2 18 6
9 10 13
1 8 26
20 8 11
1 10 6
1 17 13
8 12 6
0 15 20
14 2 29
0 17 32
16 5 12
3 7 31
20 2 4
14 19 10
23 24 25
23 26 27
21 22 28
21 27 30
21 26 29
22 25 9
22 24 31
23 29 30
25 28 15
24 28 33
27 32 18
31 33 16
30 32 3
270
{[23, 22, 21, 9, 8]}
{[17, 16, 15, 13, 11]}
34
14 16 4
9 11 12
19 15 7
18 5 33
0 19 5
17 3 4
13 11 7
2 18 6
9 10 13
1 8 32
20 8 11
1 10 6
1 17 13
8 12 6
0 15 20
14 2 31
0 17 26
16 5 12
3 7 29
20 2 4
14 19 10
23 24 25
23 26 27
21 22 28
21 27 30
21 26 29
22 25 16
22 24 31
23 29 30
25 28 18
24 28 33
27 32 15
31 33 9
30 32 3
271
{[23, 22, 21, 9, 8]}
{[17, 15, 14, 13, 12]}
34
14 16 4
9 11 12
19 15 7
18 5 31
0 19 5
17 3 4
13 11 7
2 18 6
9 10 13
1 8 29
20 8 11
1 10 6
1 17 13
8 12 6
0 15 20
14 2 30
0 17 33
16 5 12
3 7 32
20 2 4
14 19 10
23 24 25
23 26 27
21 22 28
21 27 30
21 26 29
22 25 32
22 24 31
23 29 30
25 28 9
24 28 15
27 33 3
26 33 18
31 32 16
272
{[23, 22, 21, 9, 8]}
{[17, 15, 14, 13, 12]}
34
14 16 4
9 11 12
19 15 7
18 5 31
0 19 5
17 3 4
13 11 7
2 18 6
9 10 13
1 8 33
20 8 11
1 10 6
1 17 13
8 12 6
0 15 20
14 2 32
0 17 29
16 5 12
3 7 30
20 2 4
14 19 10
23 24 25
23 26 27
21 22 28
21 27 30
21 26 29
22 25 32
22 24 31
23 29 30
25 28 16
24 28 18
27 33 3
26 33 15
31 32 9
273
{[23, 22, 21, 9, 8]}
{[5, 4, 2, 1, 0]}
34
14 16 4
9 11 12
19 15 7
18 5 22
0 19 5
17 3 4
13 11 7
2 18 6
9 10 13
1 8 21
20 8 11
1 10 6
1 17 13
8 12 6
0 15 20
14 2 27
0 17 24
16 5 12
3 7 23
20 2 4
14 19 10
22 25 9
21 26 3
24 25 18
23 31 16
21 23 30
22 28 32
29 32 15
26 29 30
27 28 31
25 28 33
24 29 33
26 27 33
30 31 32
274
{[23, 22, 21, 9, 8]}
{[6, 3, 2, 1, 0]}
34
14 16 4
9 11 12
19 15 7
18 5 25
0 19 5
17 3 4
13 11 7
2 18 6
9 10 13
1 8 22
20 8 11
1 10 6
1 17 13
8 12 6
0 15 20
14 2 21
0 17 23
16 5 12
3 7 26
20 2 4
14 19 10
22 24 15
21 27 9
24 25 16
21 23 31
23 30 3
28 32 18
22 29 32
26 29 30
27 28 31
25 28 33
24 29 33
26 27 33
30 31 32
275
{[23, 22, 21, 9, 8]}
{[8, 7, 4, 2, 0]}
34
14 16 4
9 11 12
19 15 7
18 5 23
0 19 5
17 3 4
13 11 7
2 18 6
9 10 13
1 8 25
20 8 11
1 10 6
1 17 13
8 12 6
0 15 20
14 2 22
0 17 21
16 5 12
3 7 31
20 2 4
14 19 10
23 24 16
24 25 15
21 27 3
21 22 26
22 30 9
24 28 32
23 29 32
26 29 30
27 28 31
25 28 33
29 33 18
26 27 33
30 31 32
276
{[23, 22, 21, 9, 8]}
{[9, 7, 3, 2, 0]}
34
14 16 4
9 11 12
19 15 7
18 5 25
0 19 5
17 3 4
13 11 7
2 18 6
9 10 13
1 8 22
20 8 11
1 10 6
1 17 13
8 12 6
0 15 20
14 2 30
0 17 24
16 5 12
3 7 21
20 2 4
14 19 10
23 24 18
23 25 9
21 22 27
21 26 16
22 31 3
24 28 32
23 29 32
26 29 30
27 28 31
28 33 15
25 29 33
26 27 33
30 31 32
277
{[23, 22, 21, 9, 8]}
{[6, 3, 2, 1, 0]}
34
14 16 4
9 11 12
19 15 7
18 5 25
0 19 5
17 3 4
13 11 7
2 18 6
9 10 13
1 8 23
20 8 11
1 10 6
1 17 13
8 12 6
0 15 20
14 2 26
0 17 22
16 5 12
3 7 21
20 2 4
14 19 10
22 24 18
21 27 16
24 25 9
21 23 31
23 30 3
28 32 15
22 29 32
26 29 30
27 28 31
25 28 33
24 29 33
26 27 33
30 31 32
278
{[23, 22, 21, 9, 8]}
{[9, 7, 3, 2, 0]}
34
14 16 4
9 11 12
19 15 7
18 5 25
0 19 5
17 3 4
13 11 7
2 18 6
9 10 13
1 8 24
20 8 11
1 10 6
1 17 13
8 12 6
0 15 20
14 2 21
0 17 22
16 5 12
3 7 30
20 2 4
14 19 10
23 24 15
23 25 16
21 22 27
21 26 9
22 31 3
24 28 32
23 29 32
26 29 30
27 28 31
28 33 18
25 29 33
26 27 33
30 31 32
279
{[23, 22, 21, 9, 8]}
{[5, 4, 2, 1, 0]}
34
14 16 4
9 11 12
19 15 7
18 5 22
0 19 5
17 3 4
13 11 7
2 18 6
9 10 13
1 8 24
20 8 11
1 10 6
1 17 13
8 12 6
0 15 20
14 2 23
0 17 21
16 5 12
3 7 27
20 2 4
14 19 10
22 25 16
21 26 3
24 25 15
23 31 9
21 23 30
22 28 32
29 32 18
26 29 30
27 28 31
25 28 33
24 29 33
26 27 33
30 31 32
280
{[23, 22, 21, 9, 8]}
{[8, 7, 4, 2, 0]}
34
14 16 4
9 11 12
19 15 7
18 5 23
0 19 5
17 3 4
13 11 7
2 18 6
9 10 13
1 8 21
20 8 11
1 10 6
1 17 13
8 12 6
0 15 20
14 2 31
0 17 25
16 5 12
3 7 22
20 2 4
14 19 10
23 24 9
24 25 18
21 27 3
21 22 26
22 30 16
24 28 32
23 29 32
26 29 30
27 28 31
25 28 33
29 33 15
26 27 33
30 31 32
281
{[23, 22, 21, 9, 8]}
{[16, 13, 12, 11, 10]}
34
14 16 4
9 11 12
19 15 7
18 5 32
0 19 5
17 3 4
13 11 7
2 18 6
9 10 13
1 8 27
20 8 11
1 10 6
1 17 13
8 12 6
0 15 20
14 2 26
0 17 33
16 5 12
3 7 31
20 2 4
14 19 10
23 24 25
23 26 27
21 22 28
21 27 30
21 26 29
22 25 15
22 24 9
23 29 30
25 28 32
24 28 31
30 33 18
29 33 3
31 32 16
282
{[23, 22, 21, 9, 8]}
{[17, 16, 14, 12, 10]}
34
14 16 4
9 11 12
19 15 7
18 5 31
0 19 5
17 3 4
13 11 7
2 18 6
9 10 13
1 8 30
20 8 11
1 10 6
1 17 13
8 12 6
0 15 20
14 2 27
0 17 32
16 5 12
3 7 33
20 2 4
14 19 10
23 24 25
23 26 27
21 22 28
21 27 30
21 26 29
22 25 31
22 24 15
23 29 30
25 28 33
24 28 9
26 32 3
31 33 16
29 32 18
283
{[23, 22, 21, 9, 8]}
{[16, 13, 12, 11, 10]}
34
14 16 4
9 11 12
19 15 7
18 5 32
0 19 5
17 3 4
13 11 7
2 18 6
9 10 13
1 8 33
20 8 11
1 10 6
1 17 13
8 12 6
0 15 20
14 2 31
0 17 27
16 5 12
3 7 26
20 2 4
14 19 10
23 24 25
23 26 27
21 22 28
21 27 30
21 26 29
22 25 18
22 24 16
23 29 30
25 28 32
24 28 31
30 33 15
29 33 3
31 32 9
284
{[23, 22, 21, 9, 8]}
{[17, 16, 14, 12, 10]}
34
14 16 4
9 11 12
19 15 7
18 5 31
0 19 5
17 3 4
13 11 7
2 18 6
9 10 13
1 8 32
20 8 11
1 10 6
1 17 13
8 12 6
0 15 20
14 2 33
0 17 30
16 5 12
3 7 27
20 2 4
14 19 10
23 24 25
23 26 27
21 22 28
21 27 30
21 26 29
22 25 31
22 24 18
23 29 30
25 28 33
24 28 16
26 32 3
31 33 9
29 32 15
285
{[23, 22, 21, 9, 8]}
{[17, 16, 15, 13, 11]}
34
14 16 4
9 11 12
19 15 7
18 5 33
0 19 5
17 3 4
13 11 7
2 18 6
9 10 13
1 8 32
20 8 11
1 10 6
1 17 13
8 12 6
0 15 20
14 2 31
0 17 26
16 5 12
3 7 29
20 2 4
14 19 10
23 24 25
23 26 27
21 22 28
21 27 30
21 26 29
22 25 16
22 24 31
23 29 30
25 28 18
24 28 33
27 32 15
31 33 9
30 32 3
286
{[23, 22, 21, 9, 8]}
{[17, 16, 15, 13, 11]}
34
14 16 4
9 11 12
19 15 7
18 5 33
0 19 5
17 3 4
13 11 7
2 18 6
9 10 13
1 8 26
20 8 11
1 10 6
1 17 13
8 12 6
0 15 20
14 2 29
0 17 32
16 5 12
3 7 31
20 2 4
14 19 10
23 24 25
23 26 27
21 22 28
21 27 30
21 26 29
22 25 9
22 24 31
23 29 30
25 28 15
24 28 33
27 32 18
31 33 16
30 32 3
287
{[23, 22, 21, 9, 8]}
{[17, 15, 14, 13, 12]}
34
14 16 4
9 11 12
19 15 7
18 5 31
0 19 5
17 3 4
13 11 7
2 18 6
9 10 13
1 8 33
20 8 11
1 10 6
1 17 13
8 12 6
0 15 20
14 2 32
0 17 29
16 5 12
3 7 30
20 2 4
14 19 10
23 24 25
23 26 27
21 22 28
21 27 30
21 26 29
22 25 32
22 24 31
23 29 30
25 28 16
24 28 18
27 33 3
26 33 15
31 32 9
288
{[23, 22, 21, 9, 8]}
{[17, 15, 14, 13, 12]}
34
14 16 4
9 11 12
19 15 7
18 5 31
0 19 5
17 3 4
13 11 7
2 18 6
9 10 13
1 8 29
20 8 11
1 10 6
1 17 13
8 12 6
0 15 20
14 2 30
0 17 33
16 5 12
3 7 32
20 2 4
14 19 10
23 24 25
23 26 27
21 22 28
21 27 30
21 26 29
22 25 32
22 24 31
23 29 30
25 28 9
24 28 15
27 33 3
26 33 18
31 32 16
