256
1
{[25, 24, 7, 6, 1]}
{[5, 4, 2, 1, 0]}
34
2 9 11
6 3 27
0 4 23
1 7 4
2 3 21
13 9 24
1 8 22
3 10 11
13 6 10
0 5 15
7 8 12
0 7 16
17 10 19
5 14 8
13 17 20
9 18 20
19 18 11
14 18 12
15 16 17
20 16 12
14 15 19
22 25 4
21 26 6
24 25 2
23 31 5
21 23 30
22 28 32
29 32 1
26 29 30
27 28 31
25 28 33
24 29 33
26 27 33
30 31 32
2
{[25, 24, 7, 6, 1]}
{[6, 3, 2, 1, 0]}
34
2 9 11
6 3 21
0 4 26
1 7 4
2 3 22
13 9 23
1 8 25
3 10 11
13 6 10
0 5 15
7 8 12
0 7 16
17 10 19
5 14 8
13 17 20
9 18 20
19 18 11
14 18 12
15 16 17
20 16 12
14 15 19
22 24 1
21 27 4
24 25 5
21 23 31
23 30 6
28 32 2
22 29 32
26 29 30
27 28 31
25 28 33
24 29 33
26 27 33
30 31 32
3
{[25, 24, 7, 6, 1]}
{[8, 7, 4, 2, 0]}
34
2 9 11
6 3 22
0 4 31
1 7 4
2 3 25
13 9 21
1 8 23
3 10 11
13 6 10
0 5 15
7 8 12
0 7 16
17 10 19
5 14 8
13 17 20
9 18 20
19 18 11
14 18 12
15 16 17
20 16 12
14 15 19
23 24 5
24 25 1
21 27 6
21 22 26
22 30 4
24 28 32
23 29 32
26 29 30
27 28 31
25 28 33
29 33 2
26 27 33
30 31 32
4
{[25, 24, 7, 6, 1]}
{[9, 7, 3, 2, 0]}
34
2 9 11
6 3 30
0 4 21
1 7 4
2 3 22
13 9 24
1 8 25
3 10 11
13 6 10
0 5 15
7 8 12
0 7 16
17 10 19
5 14 8
13 17 20
9 18 20
19 18 11
14 18 12
15 16 17
20 16 12
14 15 19
23 24 2
23 25 4
21 22 27
21 26 5
22 31 6
24 28 32
23 29 32
26 29 30
27 28 31
28 33 1
25 29 33
26 27 33
30 31 32
5
{[25, 24, 7, 6, 1]}
{[6, 3, 2, 1, 0]}
34
2 9 11
6 3 26
0 4 21
1 7 4
2 3 23
13 9 22
1 8 25
3 10 11
13 6 10
0 5 15
7 8 12
0 7 16
17 10 19
5 14 8
13 17 20
9 18 20
19 18 11
14 18 12
15 16 17
20 16 12
14 15 19
22 24 2
21 27 5
24 25 4
21 23 31
23 30 6
28 32 1
22 29 32
26 29 30
27 28 31
25 28 33
24 29 33
26 27 33
30 31 32
6
{[25, 24, 7, 6, 1]}
{[9, 7, 3, 2, 0]}
34
2 9 11
6 3 21
0 4 30
1 7 4
2 3 24
13 9 22
1 8 25
3 10 11
13 6 10
0 5 15
7 8 12
0 7 16
17 10 19
5 14 8
13 17 20
9 18 20
19 18 11
14 18 12
15 16 17
20 16 12
14 15 19
23 24 1
23 25 5
21 22 27
21 26 4
22 31 6
24 28 32
23 29 32
26 29 30
27 28 31
28 33 2
25 29 33
26 27 33
30 31 32
7
{[25, 24, 7, 6, 1]}
{[5, 4, 2, 1, 0]}
34
2 9 11
6 3 23
0 4 27
1 7 4
2 3 24
13 9 21
1 8 22
3 10 11
13 6 10
0 5 15
7 8 12
0 7 16
17 10 19
5 14 8
13 17 20
9 18 20
19 18 11
14 18 12
15 16 17
20 16 12
14 15 19
22 25 5
21 26 6
24 25 1
23 31 4
21 23 30
22 28 32
29 32 2
26 29 30
27 28 31
25 28 33
24 29 33
26 27 33
30 31 32
8
{[25, 24, 7, 6, 1]}
{[8, 7, 4, 2, 0]}
34
2 9 11
6 3 31
0 4 22
1 7 4
2 3 21
13 9 25
1 8 23
3 10 11
13 6 10
0 5 15
7 8 12
0 7 16
17 10 19
5 14 8
13 17 20
9 18 20
19 18 11
14 18 12
15 16 17
20 16 12
14 15 19
23 24 4
24 25 2
21 27 6
21 22 26
22 30 5
24 28 32
23 29 32
26 29 30
27 28 31
25 28 33
29 33 1
26 27 33
30 31 32
9
{[25, 24, 7, 6, 1]}
{[16, 13, 12, 11, 10]}
34
2 9 11
6 3 26
0 4 31
1 7 4
2 3 27
13 9 33
1 8 32
3 10 11
13 6 10
0 5 15
7 8 12
0 7 16
17 10 19
5 14 8
13 17 20
9 18 20
19 18 11
14 18 12
15 16 17
20 16 12
14 15 19
23 24 25
23 26 27
21 22 28
21 27 30
21 26 29
22 25 1
22 24 4
23 29 30
25 28 32
24 28 31
30 33 2
29 33 6
31 32 5
10
{[25, 24, 7, 6, 1]}
{[17, 16, 14, 12, 10]}
34
2 9 11
6 3 27
0 4 33
1 7 4
2 3 30
13 9 32
1 8 31
3 10 11
13 6 10
0 5 15
7 8 12
0 7 16
17 10 19
5 14 8
13 17 20
9 18 20
19 18 11
14 18 12
15 16 17
20 16 12
14 15 19
23 24 25
23 26 27
21 22 28
21 27 30
21 26 29
22 25 31
22 24 1
23 29 30
25 28 33
24 28 4
26 32 6
31 33 5
29 32 2
11
{[25, 24, 7, 6, 1]}
{[16, 13, 12, 11, 10]}
34
2 9 11
6 3 31
0 4 26
1 7 4
2 3 33
13 9 27
1 8 32
3 10 11
13 6 10
0 5 15
7 8 12
0 7 16
17 10 19
5 14 8
13 17 20
9 18 20
19 18 11
14 18 12
15 16 17
20 16 12
14 15 19
23 24 25
23 26 27
21 22 28
21 27 30
21 26 29
22 25 2
22 24 5
23 29 30
25 28 32
24 28 31
30 33 1
29 33 6
31 32 4
12
{[25, 24, 7, 6, 1]}
{[17, 16, 14, 12, 10]}
34
2 9 11
6 3 33
0 4 27
1 7 4
2 3 32
13 9 30
1 8 31
3 10 11
13 6 10
0 5 15
7 8 12
0 7 16
17 10 19
5 14 8
13 17 20
9 18 20
19 18 11
14 18 12
15 16 17
20 16 12
14 15 19
23 24 25
23 26 27
21 22 28
21 27 30
21 26 29
22 25 31
22 24 2
23 29 30
25 28 33
24 28 5
26 32 6
31 33 4
29 32 1
13
{[25, 24, 7, 6, 1]}
{[17, 16, 15, 13, 11]}
34
2 9 11
6 3 31
0 4 29
1 7 4
2 3 32
13 9 26
1 8 33
3 10 11
13 6 10
0 5 15
7 8 12
0 7 16
17 10 19
5 14 8
13 17 20
9 18 20
19 18 11
14 18 12
15 16 17
20 16 12
14 15 19
23 24 25
23 26 27
21 22 28
21 27 30
21 26 29
22 25 5
22 24 31
23 29 30
25 28 2
24 28 33
27 32 1
31 33 4
30 32 6
14
{[25, 24, 7, 6, 1]}
{[17, 16, 15, 13, 11]}
34
2 9 11
6 3 29
0 4 31
1 7 4
2 3 26
13 9 32
1 8 33
3 10 11
13 6 10
0 5 15
7 8 12
0 7 16
17 10 19
5 14 8
13 17 20
9 18 20
19 18 11
14 18 12
15 16 17
20 16 12
14 15 19
23 24 25
23 26 27
21 22 28
21 27 30
21 26 29
22 25 4
22 24 31
23 29 30
25 28 1
24 28 33
27 32 2
31 33 5
30 32 6
15
{[25, 24, 7, 6, 1]}
{[17, 15, 14, 13, 12]}
34
2 9 11
6 3 32
0 4 30
1 7 4
2 3 33
13 9 29
1 8 31
3 10 11
13 6 10
0 5 15
7 8 12
0 7 16
17 10 19
5 14 8
13 17 20
9 18 20
19 18 11
14 18 12
15 16 17
20 16 12
14 15 19
23 24 25
23 26 27
21 22 28
21 27 30
21 26 29
22 25 32
22 24 31
23 29 30
25 28 5
24 28 2
27 33 6
26 33 1
31 32 4
16
{[25, 24, 7, 6, 1]}
{[17, 15, 14, 13, 12]}
34
2 9 11
6 3 30
0 4 32
1 7 4
2 3 29
13 9 33
1 8 31
3 10 11
13 6 10
0 5 15
7 8 12
0 7 16
17 10 19
5 14 8
13 17 20
9 18 20
19 18 11
14 18 12
15 16 17
20 16 12
14 15 19
23 24 25
23 26 27
21 22 28
21 27 30
21 26 29
22 25 32
22 24 31
23 29 30
25 28 4
24 28 1
27 33 6
26 33 2
31 32 5
17
{[25, 24, 9, 2, 1]}
{[5, 4, 2, 1, 0]}
34
1 9 11
0 3 5
7 3 22
1 2 23
6 5 27
1 4 24
13 9 4
2 10 11
13 10 21
0 6 15
7 8 12
0 7 16
17 10 19
6 14 8
13 17 20
9 18 20
19 18 11
14 18 12
15 16 17
20 16 12
14 15 19
22 25 8
21 26 2
24 25 3
23 31 5
21 23 30
22 28 32
29 32 4
26 29 30
27 28 31
25 28 33
24 29 33
26 27 33
30 31 32
18
{[25, 24, 9, 2, 1]}
{[6, 3, 2, 1, 0]}
34
1 9 11
0 3 5
7 3 25
1 2 26
6 5 21
1 4 23
13 9 4
2 10 11
13 10 22
0 6 15
7 8 12
0 7 16
17 10 19
6 14 8
13 17 20
9 18 20
19 18 11
14 18 12
15 16 17
20 16 12
14 15 19
22 24 4
21 27 8
24 25 5
21 23 31
23 30 2
28 32 3
22 29 32
26 29 30
27 28 31
25 28 33
24 29 33
26 27 33
30 31 32
19
{[25, 24, 9, 2, 1]}
{[8, 7, 4, 2, 0]}
34
1 9 11
0 3 5
7 3 23
1 2 31
6 5 22
1 4 21
13 9 4
2 10 11
13 10 25
0 6 15
7 8 12
0 7 16
17 10 19
6 14 8
13 17 20
9 18 20
19 18 11
14 18 12
15 16 17
20 16 12
14 15 19
23 24 5
24 25 4
21 27 2
21 22 26
22 30 8
24 28 32
23 29 32
26 29 30
27 28 31
25 28 33
29 33 3
26 27 33
30 31 32
20
{[25, 24, 9, 2, 1]}
{[9, 7, 3, 2, 0]}
34
1 9 11
0 3 5
7 3 25
1 2 21
6 5 30
1 4 24
13 9 4
2 10 11
13 10 22
0 6 15
7 8 12
0 7 16
17 10 19
6 14 8
13 17 20
9 18 20
19 18 11
14 18 12
15 16 17
20 16 12
14 15 19
23 24 3
23 25 8
21 22 27
21 26 5
22 31 2
24 28 32
23 29 32
26 29 30
27 28 31
28 33 4
25 29 33
26 27 33
30 31 32
21
{[25, 24, 9, 2, 1]}
{[6, 3, 2, 1, 0]}
34
1 9 11
0 3 5
7 3 25
1 2 21
6 5 26
1 4 22
13 9 4
2 10 11
13 10 23
0 6 15
7 8 12
0 7 16
17 10 19
6 14 8
13 17 20
9 18 20
19 18 11
14 18 12
15 16 17
20 16 12
14 15 19
22 24 3
21 27 5
24 25 8
21 23 31
23 30 2
28 32 4
22 29 32
26 29 30
27 28 31
25 28 33
24 29 33
26 27 33
30 31 32
22
{[25, 24, 9, 2, 1]}
{[9, 7, 3, 2, 0]}
34
1 9 11
0 3 5
7 3 25
1 2 30
6 5 21
1 4 22
13 9 4
2 10 11
13 10 24
0 6 15
7 8 12
0 7 16
17 10 19
6 14 8
13 17 20
9 18 20
19 18 11
14 18 12
15 16 17
20 16 12
14 15 19
23 24 4
23 25 5
21 22 27
21 26 8
22 31 2
24 28 32
23 29 32
26 29 30
27 28 31
28 33 3
25 29 33
26 27 33
30 31 32
23
{[25, 24, 9, 2, 1]}
{[5, 4, 2, 1, 0]}
34
1 9 11
0 3 5
7 3 22
1 2 27
6 5 23
1 4 21
13 9 4
2 10 11
13 10 24
0 6 15
7 8 12
0 7 16
17 10 19
6 14 8
13 17 20
9 18 20
19 18 11
14 18 12
15 16 17
20 16 12
14 15 19
22 25 5
21 26 2
24 25 4
23 31 8
21 23 30
22 28 32
29 32 3
26 29 30
27 28 31
25 28 33
24 29 33
26 27 33
30 31 32
24
{[25, 24, 9, 2, 1]}
{[8, 7, 4, 2, 0]}
34
1 9 11
0 3 5
7 3 23
1 2 22
6 5 31
1 4 25
13 9 4
2 10 11
13 10 21
0 6 15
7 8 12
0 7 16
17 10 19
6 14 8
13 17 20
9 18 20
19 18 11
14 18 12
15 16 17
20 16 12
14 15 19
23 24 8
24 25 3
21 27 2
21 22 26
22 30 5
24 28 32
23 29 32
26 29 30
27 28 31
25 28 33
29 33 4
26 27 33
30 31 32
25
{[25, 24, 9, 2, 1]}
{[16, 13, 12, 11, 10]}
34
1 9 11
0 3 5
7 3 32
1 2 31
6 5 26
1 4 33
13 9 4
2 10 11
13 10 27
0 6 15
7 8 12
0 7 16
17 10 19
6 14 8
13 17 20
9 18 20
19 18 11
14 18 12
15 16 17
20 16 12
14 15 19
23 24 25
23 26 27
21 22 28
21 27 30
21 26 29
22 25 4
22 24 8
23 29 30
25 28 32
24 28 31
30 33 3
29 33 2
31 32 5
26
{[25, 24, 9, 2, 1]}
{[17, 16, 14, 12, 10]}
34
1 9 11
0 3 5
7 3 31
1 2 33
6 5 27
1 4 32
13 9 4
2 10 11
13 10 30
0 6 15
7 8 12
0 7 16
17 10 19
6 14 8
13 17 20
9 18 20
19 18 11
14 18 12
15 16 17
20 16 12
14 15 19
23 24 25
23 26 27
21 22 28
21 27 30
21 26 29
22 25 31
22 24 4
23 29 30
25 28 33
24 28 8
26 32 2
31 33 5
29 32 3
27
{[25, 24, 9, 2, 1]}
{[16, 13, 12, 11, 10]}
34
1 9 11
0 3 5
7 3 32
1 2 26
6 5 31
1 4 27
13 9 4
2 10 11
13 10 33
0 6 15
7 8 12
0 7 16
17 10 19
6 14 8
13 17 20
9 18 20
19 18 11
14 18 12
15 16 17
20 16 12
14 15 19
23 24 25
23 26 27
21 22 28
21 27 30
21 26 29
22 25 3
22 24 5
23 29 30
25 28 32
24 28 31
30 33 4
29 33 2
31 32 8
28
{[25, 24, 9, 2, 1]}
{[17, 16, 14, 12, 10]}
34
1 9 11
0 3 5
7 3 31
1 2 27
6 5 33
1 4 30
13 9 4
2 10 11
13 10 32
0 6 15
7 8 12
0 7 16
17 10 19
6 14 8
13 17 20
9 18 20
19 18 11
14 18 12
15 16 17
20 16 12
14 15 19
23 24 25
23 26 27
21 22 28
21 27 30
21 26 29
22 25 31
22 24 3
23 29 30
25 28 33
24 28 5
26 32 2
31 33 8
29 32 4
29
{[25, 24, 9, 2, 1]}
{[17, 16, 15, 13, 11]}
34
1 9 11
0 3 5
7 3 33
1 2 29
6 5 31
1 4 26
13 9 4
2 10 11
13 10 32
0 6 15
7 8 12
0 7 16
17 10 19
6 14 8
13 17 20
9 18 20
19 18 11
14 18 12
15 16 17
20 16 12
14 15 19
23 24 25
23 26 27
21 22 28
21 27 30
21 26 29
22 25 5
22 24 31
23 29 30
25 28 3
24 28 33
27 32 4
31 33 8
30 32 2
30
{[25, 24, 9, 2, 1]}
{[17, 16, 15, 13, 11]}
34
1 9 11
0 3 5
7 3 33
1 2 31
6 5 29
1 4 32
13 9 4
2 10 11
13 10 26
0 6 15
7 8 12
0 7 16
17 10 19
6 14 8
13 17 20
9 18 20
19 18 11
14 18 12
15 16 17
20 16 12
14 15 19
23 24 25
23 26 27
21 22 28
21 27 30
21 26 29
22 25 8
22 24 31
23 29 30
25 28 4
24 28 33
27 32 3
31 33 5
30 32 2
31
{[25, 24, 9, 2, 1]}
{[17, 15, 14, 13, 12]}
34
1 9 11
0 3 5
7 3 31
1 2 30
6 5 32
1 4 29
13 9 4
2 10 11
13 10 33
0 6 15
7 8 12
0 7 16
17 10 19
6 14 8
13 17 20
9 18 20
19 18 11
14 18 12
15 16 17
20 16 12
14 15 19
23 24 25
23 26 27
21 22 28
21 27 30
21 26 29
22 25 32
22 24 31
23 29 30
25 28 5
24 28 3
27 33 2
26 33 4
31 32 8
32
{[25, 24, 9, 2, 1]}
{[17, 15, 14, 13, 12]}
34
1 9 11
0 3 5
7 3 31
1 2 32
6 5 30
1 4 33
13 9 4
2 10 11
13 10 29
0 6 15
7 8 12
0 7 16
17 10 19
6 14 8
13 17 20
9 18 20
19 18 11
14 18 12
15 16 17
20 16 12
14 15 19
23 24 25
23 26 27
21 22 28
21 27 30
21 26 29
22 25 32
22 24 31
23 29 30
25 28 8
24 28 4
27 33 2
26 33 3
31 32 5
33
{[25, 24, 9, 2, 1]}
{[5, 4, 2, 1, 0]}
34
1 9 11
0 3 5
7 3 22
1 2 27
6 5 23
1 4 21
13 9 4
2 10 11
13 10 24
0 6 15
7 8 12
0 7 16
17 10 19
6 14 8
13 17 20
9 18 20
19 18 11
14 18 12
15 16 17
20 16 12
14 15 19
22 25 5
21 26 2
24 25 4
23 31 8
21 23 30
22 28 32
29 32 3
26 29 30
27 28 31
25 28 33
24 29 33
26 27 33
30 31 32
34
{[25, 24, 9, 2, 1]}
{[6, 3, 2, 1, 0]}
34
1 9 11
0 3 5
7 3 25
1 2 21
6 5 26
1 4 22
13 9 4
2 10 11
13 10 23
0 6 15
7 8 12
0 7 16
17 10 19
6 14 8
13 17 20
9 18 20
19 18 11
14 18 12
15 16 17
20 16 12
14 15 19
22 24 3
21 27 5
24 25 8
21 23 31
23 30 2
28 32 4
22 29 32
26 29 30
27 28 31
25 28 33
24 29 33
26 27 33
30 31 32
35
{[25, 24, 9, 2, 1]}
{[8, 7, 4, 2, 0]}
34
1 9 11
0 3 5
7 3 23
1 2 22
6 5 31
1 4 25
13 9 4
2 10 11
13 10 21
0 6 15
7 8 12
0 7 16
17 10 19
6 14 8
13 17 20
9 18 20
19 18 11
14 18 12
15 16 17
20 16 12
14 15 19
23 24 8
24 25 3
21 27 2
21 22 26
22 30 5
24 28 32
23 29 32
26 29 30
27 28 31
25 28 33
29 33 4
26 27 33
30 31 32
36
{[25, 24, 9, 2, 1]}
{[9, 7, 3, 2, 0]}
34
1 9 11
0 3 5
7 3 25
1 2 30
6 5 21
1 4 22
13 9 4
2 10 11
13 10 24
0 6 15
7 8 12
0 7 16
17 10 19
6 14 8
13 17 20
9 18 20
19 18 11
14 18 12
15 16 17
20 16 12
14 15 19
23 24 4
23 25 5
21 22 27
21 26 8
22 31 2
24 28 32
23 29 32
26 29 30
27 28 31
28 33 3
25 29 33
26 27 33
30 31 32
37
{[25, 24, 9, 2, 1]}
{[6, 3, 2, 1, 0]}
34
1 9 11
0 3 5
7 3 25
1 2 26
6 5 21
1 4 23
13 9 4
2 10 11
13 10 22
0 6 15
7 8 12
0 7 16
17 10 19
6 14 8
13 17 20
9 18 20
19 18 11
14 18 12
15 16 17
20 16 12
14 15 19
22 24 4
21 27 8
24 25 5
21 23 31
23 30 2
28 32 3
22 29 32
26 29 30
27 28 31
25 28 33
24 29 33
26 27 33
30 31 32
38
{[25, 24, 9, 2, 1]}
{[9, 7, 3, 2, 0]}
34
1 9 11
0 3 5
7 3 25
1 2 21
6 5 30
1 4 24
13 9 4
2 10 11
13 10 22
0 6 15
7 8 12
0 7 16
17 10 19
6 14 8
13 17 20
9 18 20
19 18 11
14 18 12
15 16 17
20 16 12
14 15 19
23 24 3
23 25 8
21 22 27
21 26 5
22 31 2
24 28 32
23 29 32
26 29 30
27 28 31
28 33 4
25 29 33
26 27 33
30 31 32
39
{[25, 24, 9, 2, 1]}
{[5, 4, 2, 1, 0]}
34
1 9 11
0 3 5
7 3 22
1 2 23
6 5 27
1 4 24
13 9 4
2 10 11
13 10 21
0 6 15
7 8 12
0 7 16
17 10 19
6 14 8
13 17 20
9 18 20
19 18 11
14 18 12
15 16 17
20 16 12
14 15 19
22 25 8
21 26 2
24 25 3
23 31 5
21 23 30
22 28 32
29 32 4
26 29 30
27 28 31
25 28 33
24 29 33
26 27 33
30 31 32
40
{[25, 24, 9, 2, 1]}
{[8, 7, 4, 2, 0]}
34
1 9 11
0 3 5
7 3 23
1 2 31
6 5 22
1 4 21
13 9 4
2 10 11
13 10 25
0 6 15
7 8 12
0 7 16
17 10 19
6 14 8
13 17 20
9 18 20
19 18 11
14 18 12
15 16 17
20 16 12
14 15 19
23 24 5
24 25 4
21 27 2
21 22 26
22 30 8
24 28 32
23 29 32
26 29 30
27 28 31
25 28 33
29 33 3
26 27 33
30 31 32
41
{[25, 24, 9, 2, 1]}
{[16, 13, 12, 11, 10]}
34
1 9 11
0 3 5
7 3 32
1 2 26
6 5 31
1 4 27
13 9 4
2 10 11
13 10 33
0 6 15
7 8 12
0 7 16
17 10 19
6 14 8
13 17 20
9 18 20
19 18 11
14 18 12
15 16 17
20 16 12
14 15 19
23 24 25
23 26 27
21 22 28
21 27 30
21 26 29
22 25 3
22 24 5
23 29 30
25 28 32
24 28 31
30 33 4
29 33 2
31 32 8
42
{[25, 24, 9, 2, 1]}
{[17, 16, 14, 12, 10]}
34
1 9 11
0 3 5
7 3 31
1 2 27
6 5 33
1 4 30
13 9 4
2 10 11
13 10 32
0 6 15
7 8 12
0 7 16
17 10 19
6 14 8
13 17 20
9 18 20
19 18 11
14 18 12
15 16 17
20 16 12
14 15 19
23 24 25
23 26 27
21 22 28
21 27 30
21 26 29
22 25 31
22 24 3
23 29 30
25 28 33
24 28 5
26 32 2
31 33 8
29 32 4
43
{[25, 24, 9, 2, 1]}
{[16, 13, 12, 11, 10]}
34
1 9 11
0 3 5
7 3 32
1 2 31
6 5 26
1 4 33
13 9 4
2 10 11
13 10 27
0 6 15
7 8 12
0 7 16
17 10 19
6 14 8
13 17 20
9 18 20
19 18 11
14 18 12
15 16 17
20 16 12
14 15 19
23 24 25
23 26 27
21 22 28
21 27 30
21 26 29
22 25 4
22 24 8
23 29 30
25 28 32
24 28 31
30 33 3
29 33 2
31 32 5
44
{[25, 24, 9, 2, 1]}
{[17, 16, 14, 12, 10]}
34
1 9 11
0 3 5
7 3 31
1 2 33
6 5 27
1 4 32
13 9 4
2 10 11
13 10 30
0 6 15
7 8 12
0 7 16
17 10 19
6 14 8
13 17 20
9 18 20
19 18 11
14 18 12
15 16 17
20 16 12
14 15 19
23 24 25
23 26 27
21 22 28
21 27 30
21 26 29
22 25 31
22 24 4
23 29 30
25 28 33
24 28 8
26 32 2
31 33 5
29 32 3
45
{[25, 24, 9, 2, 1]}
{[17, 16, 15, 13, 11]}
34
1 9 11
0 3 5
7 3 33
1 2 31
6 5 29
1 4 32
13 9 4
2 10 11
13 10 26
0 6 15
7 8 12
0 7 16
17 10 19
6 14 8
13 17 20
9 18 20
19 18 11
14 18 12
15 16 17
20 16 12
14 15 19
23 24 25
23 26 27
21 22 28
21 27 30
21 26 29
22 25 8
22 24 31
23 29 30
25 28 4
24 28 33
27 32 3
31 33 5
30 32 2
46
{[25, 24, 9, 2, 1]}
{[17, 16, 15, 13, 11]}
34
1 9 11
0 3 5
7 3 33
1 2 29
6 5 31
1 4 26
13 9 4
2 10 11
13 10 32
0 6 15
7 8 12
0 7 16
17 10 19
6 14 8
13 17 20
9 18 20
19 18 11
14 18 12
15 16 17
20 16 12
14 15 19
23 24 25
23 26 27
21 22 28
21 27 30
21 26 29
22 25 5
22 24 31
23 29 30
25 28 3
24 28 33
27 32 4
31 33 8
30 32 2
47
{[25, 24, 9, 2, 1]}
{[17, 15, 14, 13, 12]}
34
1 9 11
0 3 5
7 3 31
1 2 32
6 5 30
1 4 33
13 9 4
2 10 11
13 10 29
0 6 15
7 8 12
0 7 16
17 10 19
6 14 8
13 17 20
9 18 20
19 18 11
14 18 12
15 16 17
20 16 12
14 15 19
23 24 25
23 26 27
21 22 28
21 27 30
21 26 29
22 25 32
22 24 31
23 29 30
25 28 8
24 28 4
27 33 2
26 33 3
31 32 5
48
{[25, 24, 9, 2, 1]}
{[17, 15, 14, 13, 12]}
34
1 9 11
0 3 5
7 3 31
1 2 30
6 5 32
1 4 29
13 9 4
2 10 11
13 10 33
0 6 15
7 8 12
0 7 16
17 10 19
6 14 8
13 17 20
9 18 20
19 18 11
14 18 12
15 16 17
20 16 12
14 15 19
23 24 25
23 26 27
21 22 28
21 27 30
21 26 29
22 25 32
22 24 31
23 29 30
25 28 5
24 28 3
27 33 2
26 33 4
31 32 8
49
{[25, 24, 7, 6, 1]}
{[5, 4, 2, 1, 0]}
34
2 9 11
6 3 23
0 4 27
1 7 4
2 3 24
13 9 21
1 8 22
3 10 11
13 6 10
0 5 15
7 8 12
0 7 16
17 10 19
5 14 8
13 17 20
9 18 20
19 18 11
14 18 12
15 16 17
20 16 12
14 15 19
22 25 5
21 26 6
24 25 1
23 31 4
21 23 30
22 28 32
29 32 2
26 29 30
27 28 31
25 28 33
24 29 33
26 27 33
30 31 32
50
{[25, 24, 7, 6, 1]}
{[6, 3, 2, 1, 0]}
34
2 9 11
6 3 26
0 4 21
1 7 4
2 3 23
13 9 22
1 8 25
3 10 11
13 6 10
0 5 15
7 8 12
0 7 16
17 10 19
5 14 8
13 17 20
9 18 20
19 18 11
14 18 12
15 16 17
20 16 12
14 15 19
22 24 2
21 27 5
24 25 4
21 23 31
23 30 6
28 32 1
22 29 32
26 29 30
27 28 31
25 28 33
24 29 33
26 27 33
30 31 32
51
{[25, 24, 7, 6, 1]}
{[8, 7, 4, 2, 0]}
34
2 9 11
6 3 31
0 4 22
1 7 4
2 3 21
13 9 25
1 8 23
3 10 11
13 6 10
0 5 15
7 8 12
0 7 16
17 10 19
5 14 8
13 17 20
9 18 20
19 18 11
14 18 12
15 16 17
20 16 12
14 15 19
23 24 4
24 25 2
21 27 6
21 22 26
22 30 5
24 28 32
23 29 32
26 29 30
27 28 31
25 28 33
29 33 1
26 27 33
30 31 32
52
{[25, 24, 7, 6, 1]}
{[9, 7, 3, 2, 0]}
34
2 9 11
6 3 21
0 4 30
1 7 4
2 3 24
13 9 22
1 8 25
3 10 11
13 6 10
0 5 15
7 8 12
0 7 16
17 10 19
5 14 8
13 17 20
9 18 20
19 18 11
14 18 12
15 16 17
20 16 12
14 15 19
23 24 1
23 25 5
21 22 27
21 26 4
22 31 6
24 28 32
23 29 32
26 29 30
27 28 31
28 33 2
25 29 33
26 27 33
30 31 32
53
{[25, 24, 7, 6, 1]}
{[6, 3, 2, 1, 0]}
34
2 9 11
6 3 21
0 4 26
1 7 4
2 3 22
13 9 23
1 8 25
3 10 11
13 6 10
0 5 15
7 8 12
0 7 16
17 10 19
5 14 8
13 17 20
9 18 20
19 18 11
14 18 12
15 16 17
20 16 12
14 15 19
22 24 1
21 27 4
24 25 5
21 23 31
23 30 6
28 32 2
22 29 32
26 29 30
27 28 31
25 28 33
24 29 33
26 27 33
30 31 32
54
{[25, 24, 7, 6, 1]}
{[9, 7, 3, 2, 0]}
34
2 9 11
6 3 30
0 4 21
1 7 4
2 3 22
13 9 24
1 8 25
3 10 11
13 6 10
0 5 15
7 8 12
0 7 16
17 10 19
5 14 8
13 17 20
9 18 20
19 18 11
14 18 12
15 16 17
20 16 12
14 15 19
23 24 2
23 25 4
21 22 27
21 26 5
22 31 6
24 28 32
23 29 32
26 29 30
27 28 31
28 33 1
25 29 33
26 27 33
30 31 32
55
{[25, 24, 7, 6, 1]}
{[5, 4, 2, 1, 0]}
34
2 9 11
6 3 27
0 4 23
1 7 4
2 3 21
13 9 24
1 8 22
3 10 11
13 6 10
0 5 15
7 8 12
0 7 16
17 10 19
5 14 8
13 17 20
9 18 20
19 18 11
14 18 12
15 16 17
20 16 12
14 15 19
22 25 4
21 26 6
24 25 2
23 31 5
21 23 30
22 28 32
29 32 1
26 29 30
27 28 31
25 28 33
24 29 33
26 27 33
30 31 32
56
{[25, 24, 7, 6, 1]}
{[8, 7, 4, 2, 0]}
34
2 9 11
6 3 22
0 4 31
1 7 4
2 3 25
13 9 21
1 8 23
3 10 11
13 6 10
0 5 15
7 8 12
0 7 16
17 10 19
5 14 8
13 17 20
9 18 20
19 18 11
14 18 12
15 16 17
20 16 12
14 15 19
23 24 5
24 25 1
21 27 6
21 22 26
22 30 4
24 28 32
23 29 32
26 29 30
27 28 31
25 28 33
29 33 2
26 27 33
30 31 32
57
{[25, 24, 7, 6, 1]}
{[16, 13, 12, 11, 10]}
34
2 9 11
6 3 31
0 4 26
1 7 4
2 3 33
13 9 27
1 8 32
3 10 11
13 6 10
0 5 15
7 8 12
0 7 16
17 10 19
5 14 8
13 17 20
9 18 20
19 18 11
14 18 12
15 16 17
20 16 12
14 15 19
23 24 25
23 26 27
21 22 28
21 27 30
21 26 29
22 25 2
22 24 5
23 29 30
25 28 32
24 28 31
30 33 1
29 33 6
31 32 4
58
{[25, 24, 7, 6, 1]}
{[17, 16, 14, 12, 10]}
34
2 9 11
6 3 33
0 4 27
1 7 4
2 3 32
13 9 30
1 8 31
3 10 11
13 6 10
0 5 15
7 8 12
0 7 16
17 10 19
5 14 8
13 17 20
9 18 20
19 18 11
14 18 12
15 16 17
20 16 12
14 15 19
23 24 25
23 26 27
21 22 28
21 27 30
21 26 29
22 25 31
22 24 2
23 29 30
25 28 33
24 28 5
26 32 6
31 33 4
29 32 1
59
{[25, 24, 7, 6, 1]}
{[16, 13, 12, 11, 10]}
34
2 9 11
6 3 26
0 4 31
1 7 4
2 3 27
13 9 33
1 8 32
3 10 11
13 6 10
0 5 15
7 8 12
0 7 16
17 10 19
5 14 8
13 17 20
9 18 20
19 18 11
14 18 12
15 16 17
20 16 12
14 15 19
23 24 25
23 26 27
21 22 28
21 27 30
21 26 29
22 25 1
22 24 4
23 29 30
25 28 32
24 28 31
30 33 2
29 33 6
31 32 5
60
{[25, 24, 7, 6, 1]}
{[17, 16, 14, 12, 10]}
34
2 9 11
6 3 27
0 4 33
1 7 4
2 3 30
13 9 32
1 8 31
3 10 11
13 6 10
0 5 15
7 8 12
0 7 16
17 10 19
5 14 8
13 17 20
9 18 20
19 18 11
14 18 12
15 16 17
20 16 12
14 15 19
23 24 25
23 26 27
21 22 28
21 27 30
21 26 29
22 25 31
22 24 1
23 29 30
25 28 33
24 28 4
26 32 6
31 33 5
29 32 2
61
{[25, 24, 7, 6, 1]}
{[17, 16, 15, 13, 11]}
34
2 9 11
6 3 29
0 4 31
1 7 4
2 3 26
13 9 32
1 8 33
3 10 11
13 6 10
0 5 15
7 8 12
0 7 16
17 10 19
5 14 8
13 17 20
9 18 20
19 18 11
14 18 12
15 16 17
20 16 12
14 15 19
23 24 25
23 26 27
21 22 28
21 27 30
21 26 29
22 25 4
22 24 31
23 29 30
25 28 1
24 28 33
27 32 2
31 33 5
30 32 6
62
{[25, 24, 7, 6, 1]}
{[17, 16, 15, 13, 11]}
34
2 9 11
6 3 31
0 4 29
1 7 4
2 3 32
13 9 26
1 8 33
3 10 11
13 6 10
0 5 15
7 8 12
0 7 16
17 10 19
5 14 8
13 17 20
9 18 20
19 18 11
14 18 12
15 16 17
20 16 12
14 15 19
23 24 25
23 26 27
21 22 28
21 27 30
21 26 29
22 25 5
22 24 31
23 29 30
25 28 2
24 28 33
27 32 1
31 33 4
30 32 6
63
{[25, 24, 7, 6, 1]}
{[17, 15, 14, 13, 12]}
34
2 9 11
6 3 30
0 4 32
1 7 4
2 3 29
13 9 33
1 8 31
3 10 11
13 6 10
0 5 15
7 8 12
0 7 16
17 10 19
5 14 8
13 17 20
9 18 20
19 18 11
14 18 12
15 16 17
20 16 12
14 15 19
23 24 25
23 26 27
21 22 28
21 27 30
21 26 29
22 25 32
22 24 31
23 29 30
25 28 4
24 28 1
27 33 6
26 33 2
31 32 5
64
{[25, 24, 7, 6, 1]}
{[17, 15, 14, 13, 12]}
34
2 9 11
6 3 32
0 4 30
1 7 4
2 3 33
13 9 29
1 8 31
3 10 11
13 6 10
0 5 15
7 8 12
0 7 16
17 10 19
5 14 8
13 17 20
9 18 20
19 18 11
14 18 12
15 16 17
20 16 12
14 15 19
23 24 25
23 26 27
21 22 28
21 27 30
21 26 29
22 25 32
22 24 31
23 29 30
25 28 5
24 28 2
27 33 6
26 33 1
31 32 4
65
{[25, 24, 5, 4, 2]}
{[5, 4, 2, 1, 0]}
34
2 9 11
6 3 24
0 4 22
5 1 4
2 3 23
13 9 3
1 8 27
10 11 21
13 6 10
0 5 15
7 8 12
0 7 16
17 10 19
5 14 8
13 17 20
9 18 20
19 18 11
14 18 12
15 16 17
20 16 12
14 15 19
22 25 7
21 26 2
24 25 4
23 31 1
21 23 30
22 28 32
29 32 6
26 29 30
27 28 31
25 28 33
24 29 33
26 27 33
30 31 32
66
{[25, 24, 5, 4, 2]}
{[6, 3, 2, 1, 0]}
34
2 9 11
6 3 23
0 4 25
5 1 4
2 3 26
13 9 3
1 8 21
10 11 22
13 6 10
0 5 15
7 8 12
0 7 16
17 10 19
5 14 8
13 17 20
9 18 20
19 18 11
14 18 12
15 16 17
20 16 12
14 15 19
22 24 6
21 27 7
24 25 1
21 23 31
23 30 2
28 32 4
22 29 32
26 29 30
27 28 31
25 28 33
24 29 33
26 27 33
30 31 32
67
{[25, 24, 5, 4, 2]}
{[8, 7, 4, 2, 0]}
34
2 9 11
6 3 21
0 4 23
5 1 4
2 3 31
13 9 3
1 8 22
10 11 25
13 6 10
0 5 15
7 8 12
0 7 16
17 10 19
5 14 8
13 17 20
9 18 20
19 18 11
14 18 12
15 16 17
20 16 12
14 15 19
23 24 1
24 25 6
21 27 2
21 22 26
22 30 7
24 28 32
23 29 32
26 29 30
27 28 31
25 28 33
29 33 4
26 27 33
30 31 32
68
{[25, 24, 5, 4, 2]}
{[9, 7, 3, 2, 0]}
34
2 9 11
6 3 24
0 4 25
5 1 4
2 3 21
13 9 3
1 8 30
10 11 22
13 6 10
0 5 15
7 8 12
0 7 16
17 10 19
5 14 8
13 17 20
9 18 20
19 18 11
14 18 12
15 16 17
20 16 12
14 15 19
23 24 4
23 25 7
21 22 27
21 26 1
22 31 2
24 28 32
23 29 32
26 29 30
27 28 31
28 33 6
25 29 33
26 27 33
30 31 32
69
{[25, 24, 5, 4, 2]}
{[6, 3, 2, 1, 0]}
34
2 9 11
6 3 22
0 4 25
5 1 4
2 3 21
13 9 3
1 8 26
10 11 23
13 6 10
0 5 15
7 8 12
0 7 16
17 10 19
5 14 8
13 17 20
9 18 20
19 18 11
14 18 12
15 16 17
20 16 12
14 15 19
22 24 4
21 27 1
24 25 7
21 23 31
23 30 2
28 32 6
22 29 32
26 29 30
27 28 31
25 28 33
24 29 33
26 27 33
30 31 32
70
{[25, 24, 5, 4, 2]}
{[9, 7, 3, 2, 0]}
34
2 9 11
6 3 22
0 4 25
5 1 4
2 3 30
13 9 3
1 8 21
10 11 24
13 6 10
0 5 15
7 8 12
0 7 16
17 10 19
5 14 8
13 17 20
9 18 20
19 18 11
14 18 12
15 16 17
20 16 12
14 15 19
23 24 6
23 25 1
21 22 27
21 26 7
22 31 2
24 28 32
23 29 32
26 29 30
27 28 31
28 33 4
25 29 33
26 27 33
30 31 32
71
{[25, 24, 5, 4, 2]}
{[5, 4, 2, 1, 0]}
34
2 9 11
6 3 21
0 4 22
5 1 4
2 3 27
13 9 3
1 8 23
10 11 24
13 6 10
0 5 15
7 8 12
0 7 16
17 10 19
5 14 8
13 17 20
9 18 20
19 18 11
14 18 12
15 16 17
20 16 12
14 15 19
22 25 1
21 26 2
24 25 6
23 31 7
21 23 30
22 28 32
29 32 4
26 29 30
27 28 31
25 28 33
24 29 33
26 27 33
30 31 32
72
{[25, 24, 5, 4, 2]}
{[8, 7, 4, 2, 0]}
34
2 9 11
6 3 25
0 4 23
5 1 4
2 3 22
13 9 3
1 8 31
10 11 21
13 6 10
0 5 15
7 8 12
0 7 16
17 10 19
5 14 8
13 17 20
9 18 20
19 18 11
14 18 12
15 16 17
20 16 12
14 15 19
23 24 7
24 25 4
21 27 2
21 22 26
22 30 1
24 28 32
23 29 32
26 29 30
27 28 31
25 28 33
29 33 6
26 27 33
30 31 32
73
{[25, 24, 5, 4, 2]}
{[16, 13, 12, 11, 10]}
34
2 9 11
6 3 33
0 4 32
5 1 4
2 3 31
13 9 3
1 8 26
10 11 27
13 6 10
0 5 15
7 8 12
0 7 16
17 10 19
5 14 8
13 17 20
9 18 20
19 18 11
14 18 12
15 16 17
20 16 12
14 15 19
23 24 25
23 26 27
21 22 28
21 27 30
21 26 29
22 25 6
22 24 7
23 29 30
25 28 32
24 28 31
30 33 4
29 33 2
31 32 1
74
{[25, 24, 5, 4, 2]}
{[17, 16, 14, 12, 10]}
34
2 9 11
6 3 32
0 4 31
5 1 4
2 3 33
13 9 3
1 8 27
10 11 30
13 6 10
0 5 15
7 8 12
0 7 16
17 10 19
5 14 8
13 17 20
9 18 20
19 18 11
14 18 12
15 16 17
20 16 12
14 15 19
23 24 25
23 26 27
21 22 28
21 27 30
21 26 29
22 25 31
22 24 6
23 29 30
25 28 33
24 28 7
26 32 2
31 33 1
29 32 4
75
{[25, 24, 5, 4, 2]}
{[16, 13, 12, 11, 10]}
34
2 9 11
6 3 27
0 4 32
5 1 4
2 3 26
13 9 3
1 8 31
10 11 33
13 6 10
0 5 15
7 8 12
0 7 16
17 10 19
5 14 8
13 17 20
9 18 20
19 18 11
14 18 12
15 16 17
20 16 12
14 15 19
23 24 25
23 26 27
21 22 28
21 27 30
21 26 29
22 25 4
22 24 1
23 29 30
25 28 32
24 28 31
30 33 6
29 33 2
31 32 7
76
{[25, 24, 5, 4, 2]}
{[17, 16, 14, 12, 10]}
34
2 9 11
6 3 30
0 4 31
5 1 4
2 3 27
13 9 3
1 8 33
10 11 32
13 6 10
0 5 15
7 8 12
0 7 16
17 10 19
5 14 8
13 17 20
9 18 20
19 18 11
14 18 12
15 16 17
20 16 12
14 15 19
23 24 25
23 26 27
21 22 28
21 27 30
21 26 29
22 25 31
22 24 4
23 29 30
25 28 33
24 28 1
26 32 2
31 33 7
29 32 6
77
{[25, 24, 5, 4, 2]}
{[17, 16, 15, 13, 11]}
34
2 9 11
6 3 26
0 4 33
5 1 4
2 3 29
13 9 3
1 8 31
10 11 32
13 6 10
0 5 15
7 8 12
0 7 16
17 10 19
5 14 8
13 17 20
9 18 20
19 18 11
14 18 12
15 16 17
20 16 12
14 15 19
23 24 25
23 26 27
21 22 28
21 27 30
21 26 29
22 25 1
22 24 31
23 29 30
25 28 4
24 28 33
27 32 6
31 33 7
30 32 2
78
{[25, 24, 5, 4, 2]}
{[17, 16, 15, 13, 11]}
34
2 9 11
6 3 32
0 4 33
5 1 4
2 3 31
13 9 3
1 8 29
10 11 26
13 6 10
0 5 15
7 8 12
0 7 16
17 10 19
5 14 8
13 17 20
9 18 20
19 18 11
14 18 12
15 16 17
20 16 12
14 15 19
23 24 25
23 26 27
21 22 28
21 27 30
21 26 29
22 25 7
22 24 31
23 29 30
25 28 6
24 28 33
27 32 4
31 33 1
30 32 2
79
{[25, 24, 5, 4, 2]}
{[17, 15, 14, 13, 12]}
34
2 9 11
6 3 29
0 4 31
5 1 4
2 3 30
13 9 3
1 8 32
10 11 33
13 6 10
0 5 15
7 8 12
0 7 16
17 10 19
5 14 8
13 17 20
9 18 20
19 18 11
14 18 12
15 16 17
20 16 12
14 15 19
23 24 25
23 26 27
21 22 28
21 27 30
21 26 29
22 25 32
22 24 31
23 29 30
25 28 1
24 28 4
27 33 2
26 33 6
31 32 7
80
{[25, 24, 5, 4, 2]}
{[17, 15, 14, 13, 12]}
34
2 9 11
6 3 33
0 4 31
5 1 4
2 3 32
13 9 3
1 8 30
10 11 29
13 6 10
0 5 15
7 8 12
0 7 16
17 10 19
5 14 8
13 17 20
9 18 20
19 18 11
14 18 12
15 16 17
20 16 12
14 15 19
23 24 25
23 26 27
21 22 28
21 27 30
21 26 29
22 25 32
22 24 31
23 29 30
25 28 7
24 28 6
27 33 2
26 33 4
31 32 1
81
{[25, 24, 5, 4, 2]}
{[5, 4, 2, 1, 0]}
34
2 9 11
6 3 21
0 4 22
5 1 4
2 3 27
13 9 3
1 8 23
10 11 24
13 6 10
0 5 15
7 8 12
0 7 16
17 10 19
5 14 8
13 17 20
9 18 20
19 18 11
14 18 12
15 16 17
20 16 12
14 15 19
22 25 1
21 26 2
24 25 6
23 31 7
21 23 30
22 28 32
29 32 4
26 29 30
27 28 31
25 28 33
24 29 33
26 27 33
30 31 32
82
{[25, 24, 5, 4, 2]}
{[6, 3, 2, 1, 0]}
34
2 9 11
6 3 22
0 4 25
5 1 4
2 3 21
13 9 3
1 8 26
10 11 23
13 6 10
0 5 15
7 8 12
0 7 16
17 10 19
5 14 8
13 17 20
9 18 20
19 18 11
14 18 12
15 16 17
20 16 12
14 15 19
22 24 4
21 27 1
24 25 7
21 23 31
23 30 2
28 32 6
22 29 32
26 29 30
27 28 31
25 28 33
24 29 33
26 27 33
30 31 32
83
{[25, 24, 5, 4, 2]}
{[8, 7, 4, 2, 0]}
34
2 9 11
6 3 25
0 4 23
5 1 4
2 3 22
13 9 3
1 8 31
10 11 21
13 6 10
0 5 15
7 8 12
0 7 16
17 10 19
5 14 8
13 17 20
9 18 20
19 18 11
14 18 12
15 16 17
20 16 12
14 15 19
23 24 7
24 25 4
21 27 2
21 22 26
22 30 1
24 28 32
23 29 32
26 29 30
27 28 31
25 28 33
29 33 6
26 27 33
30 31 32
84
{[25, 24, 5, 4, 2]}
{[9, 7, 3, 2, 0]}
34
2 9 11
6 3 22
0 4 25
5 1 4
2 3 30
13 9 3
1 8 21
10 11 24
13 6 10
0 5 15
7 8 12
0 7 16
17 10 19
5 14 8
13 17 20
9 18 20
19 18 11
14 18 12
15 16 17
20 16 12
14 15 19
23 24 6
23 25 1
21 22 27
21 26 7
22 31 2
24 28 32
23 29 32
26 29 30
27 28 31
28 33 4
25 29 33
26 27 33
30 31 32
85
{[25, 24, 5, 4, 2]}
{[6, 3, 2, 1, 0]}
34
2 9 11
6 3 23
0 4 25
5 1 4
2 3 26
13 9 3
1 8 21
10 11 22
13 6 10
0 5 15
7 8 12
0 7 16
17 10 19
5 14 8
13 17 20
9 18 20
19 18 11
14 18 12
15 16 17
20 16 12
14 15 19
22 24 6
21 27 7
24 25 1
21 23 31
23 30 2
28 32 4
22 29 32
26 29 30
27 28 31
25 28 33
24 29 33
26 27 33
30 31 32
86
{[25, 24, 5, 4, 2]}
{[9, 7, 3, 2, 0]}
34
2 9 11
6 3 24
0 4 25
5 1 4
2 3 21
13 9 3
1 8 30
10 11 22
13 6 10
0 5 15
7 8 12
0 7 16
17 10 19
5 14 8
13 17 20
9 18 20
19 18 11
14 18 12
15 16 17
20 16 12
14 15 19
23 24 4
23 25 7
21 22 27
21 26 1
22 31 2
24 28 32
23 29 32
26 29 30
27 28 31
28 33 6
25 29 33
26 27 33
30 31 32
87
{[25, 24, 5, 4, 2]}
{[5, 4, 2, 1, 0]}
34
2 9 11
6 3 24
0 4 22
5 1 4
2 3 23
13 9 3
1 8 27
10 11 21
13 6 10
0 5 15
7 8 12
0 7 16
17 10 19
5 14 8
13 17 20
9 18 20
19 18 11
14 18 12
15 16 17
20 16 12
14 15 19
22 25 7
21 26 2
24 25 4
23 31 1
21 23 30
22 28 32
29 32 6
26 29 30
27 28 31
25 28 33
24 29 33
26 27 33
30 31 32
88
{[25, 24, 5, 4, 2]}
{[8, 7, 4, 2, 0]}
34
2 9 11
6 3 21
0 4 23
5 1 4
2 3 31
13 9 3
1 8 22
10 11 25
13 6 10
0 5 15
7 8 12
0 7 16
17 10 19
5 14 8
13 17 20
9 18 20
19 18 11
14 18 12
15 16 17
20 16 12
14 15 19
23 24 1
24 25 6
21 27 2
21 22 26
22 30 7
24 28 32
23 29 32
26 29 30
27 28 31
25 28 33
29 33 4
26 27 33
30 31 32
89
{[25, 24, 5, 4, 2]}
{[16, 13, 12, 11, 10]}
34
2 9 11
6 3 27
0 4 32
5 1 4
2 3 26
13 9 3
1 8 31
10 11 33
13 6 10
0 5 15
7 8 12
0 7 16
17 10 19
5 14 8
13 17 20
9 18 20
19 18 11
14 18 12
15 16 17
20 16 12
14 15 19
23 24 25
23 26 27
21 22 28
21 27 30
21 26 29
22 25 4
22 24 1
23 29 30
25 28 32
24 28 31
30 33 6
29 33 2
31 32 7
90
{[25, 24, 5, 4, 2]}
{[17, 16, 14, 12, 10]}
34
2 9 11
6 3 30
0 4 31
5 1 4
2 3 27
13 9 3
1 8 33
10 11 32
13 6 10
0 5 15
7 8 12
0 7 16
17 10 19
5 14 8
13 17 20
9 18 20
19 18 11
14 18 12
15 16 17
20 16 12
14 15 19
23 24 25
23 26 27
21 22 28
21 27 30
21 26 29
22 25 31
22 24 4
23 29 30
25 28 33
24 28 1
26 32 2
31 33 7
29 32 6
91
{[25, 24, 5, 4, 2]}
{[16, 13, 12, 11, 10]}
34
2 9 11
6 3 33
0 4 32
5 1 4
2 3 31
13 9 3
1 8 26
10 11 27
13 6 10
0 5 15
7 8 12
0 7 16
17 10 19
5 14 8
13 17 20
9 18 20
19 18 11
14 18 12
15 16 17
20 16 12
14 15 19
23 24 25
23 26 27
21 22 28
21 27 30
21 26 29
22 25 6
22 24 7
23 29 30
25 28 32
24 28 31
30 33 4
29 33 2
31 32 1
92
{[25, 24, 5, 4, 2]}
{[17, 16, 14, 12, 10]}
34
2 9 11
6 3 32
0 4 31
5 1 4
2 3 33
13 9 3
1 8 27
10 11 30
13 6 10
0 5 15
7 8 12
0 7 16
17 10 19
5 14 8
13 17 20
9 18 20
19 18 11
14 18 12
15 16 17
20 16 12
14 15 19
23 24 25
23 26 27
21 22 28
21 27 30
21 26 29
22 25 31
22 24 6
23 29 30
25 28 33
24 28 7
26 32 2
31 33 1
29 32 4
93
{[25, 24, 5, 4, 2]}
{[17, 16, 15, 13, 11]}
34
2 9 11
6 3 32
0 4 33
5 1 4
2 3 31
13 9 3
1 8 29
10 11 26
13 6 10
0 5 15
7 8 12
0 7 16
17 10 19
5 14 8
13 17 20
9 18 20
19 18 11
14 18 12
15 16 17
20 16 12
14 15 19
23 24 25
23 26 27
21 22 28
21 27 30
21 26 29
22 25 7
22 24 31
23 29 30
25 28 6
24 28 33
27 32 4
31 33 1
30 32 2
94
{[25, 24, 5, 4, 2]}
{[17, 16, 15, 13, 11]}
34
2 9 11
6 3 26
0 4 33
5 1 4
2 3 29
13 9 3
1 8 31
10 11 32
13 6 10
0 5 15
7 8 12
0 7 16
17 10 19
5 14 8
13 17 20
9 18 20
19 18 11
14 18 12
15 16 17
20 16 12
14 15 19
23 24 25
23 26 27
21 22 28
21 27 30
21 26 29
22 25 1
22 24 31
23 29 30
25 28 4
24 28 33
27 32 6
31 33 7
30 32 2
95
{[25, 24, 5, 4, 2]}
{[17, 15, 14, 13, 12]}
34
2 9 11
6 3 33
0 4 31
5 1 4
2 3 32
13 9 3
1 8 30
10 11 29
13 6 10
0 5 15
7 8 12
0 7 16
17 10 19
5 14 8
13 17 20
9 18 20
19 18 11
14 18 12
15 16 17
20 16 12
14 15 19
23 24 25
23 26 27
21 22 28
21 27 30
21 26 29
22 25 32
22 24 31
23 29 30
25 28 7
24 28 6
27 33 2
26 33 4
31 32 1
96
{[25, 24, 5, 4, 2]}
{[17, 15, 14, 13, 12]}
34
2 9 11
6 3 29
0 4 31
5 1 4
2 3 30
13 9 3
1 8 32
10 11 33
13 6 10
0 5 15
7 8 12
0 7 16
17 10 19
5 14 8
13 17 20
9 18 20
19 18 11
14 18 12
15 16 17
20 16 12
14 15 19
23 24 25
23 26 27
21 22 28
21 27 30
21 26 29
22 25 32
22 24 31
23 29 30
25 28 1
24 28 4
27 33 2
26 33 6
31 32 7
97
{[25, 24, 7, 5, 3]}
{[5, 4, 2, 1, 0]}
34
9 11 24
6 4 27
6 3 21
2 7 23
5 1 22
13 9 4
1 2 8
3 10 11
13 6 10
0 5 15
7 8 12
0 7 16
17 10 19
5 14 8
13 17 20
9 18 20
19 18 11
14 18 12
15 16 17
20 16 12
14 15 19
22 25 2
21 26 4
24 25 3
23 31 0
21 23 30
22 28 32
29 32 1
26 29 30
27 28 31
25 28 33
24 29 33
26 27 33
30 31 32
98
{[25, 24, 7, 5, 3]}
{[6, 3, 2, 1, 0]}
34
9 11 23
6 4 21
6 3 22
2 7 26
5 1 25
13 9 4
1 2 8
3 10 11
13 6 10
0 5 15
7 8 12
0 7 16
17 10 19
5 14 8
13 17 20
9 18 20
19 18 11
14 18 12
15 16 17
20 16 12
14 15 19
22 24 1
21 27 2
24 25 0
21 23 31
23 30 4
28 32 3
22 29 32
26 29 30
27 28 31
25 28 33
24 29 33
26 27 33
30 31 32
99
{[25, 24, 7, 5, 3]}
{[8, 7, 4, 2, 0]}
34
9 11 21
6 4 22
6 3 25
2 7 31
5 1 23
13 9 4
1 2 8
3 10 11
13 6 10
0 5 15
7 8 12
0 7 16
17 10 19
5 14 8
13 17 20
9 18 20
19 18 11
14 18 12
15 16 17
20 16 12
14 15 19
23 24 0
24 25 1
21 27 4
21 22 26
22 30 2
24 28 32
23 29 32
26 29 30
27 28 31
25 28 33
29 33 3
26 27 33
30 31 32
100
{[25, 24, 7, 5, 3]}
{[9, 7, 3, 2, 0]}
34
9 11 24
6 4 30
6 3 22
2 7 21
5 1 25
13 9 4
1 2 8
3 10 11
13 6 10
0 5 15
7 8 12
0 7 16
17 10 19
5 14 8
13 17 20
9 18 20
19 18 11
14 18 12
15 16 17
20 16 12
14 15 19
23 24 3
23 25 2
21 22 27
21 26 0
22 31 4
24 28 32
23 29 32
26 29 30
27 28 31
28 33 1
25 29 33
26 27 33
30 31 32
101
{[25, 24, 7, 5, 3]}
{[6, 3, 2, 1, 0]}
34
9 11 22
6 4 26
6 3 23
2 7 21
5 1 25
13 9 4
1 2 8
3 10 11
13 6 10
0 5 15
7 8 12
0 7 16
17 10 19
5 14 8
13 17 20
9 18 20
19 18 11
14 18 12
15 16 17
20 16 12
14 15 19
22 24 3
21 27 0
24 25 2
21 23 31
23 30 4
28 32 1
22 29 32
26 29 30
27 28 31
25 28 33
24 29 33
26 27 33
30 31 32
102
{[25, 24, 7, 5, 3]}
{[9, 7, 3, 2, 0]}
34
9 11 22
6 4 21
6 3 24
2 7 30
5 1 25
13 9 4
1 2 8
3 10 11
13 6 10
0 5 15
7 8 12
0 7 16
17 10 19
5 14 8
13 17 20
9 18 20
19 18 11
14 18 12
15 16 17
20 16 12
14 15 19
23 24 1
23 25 0
21 22 27
21 26 2
22 31 4
24 28 32
23 29 32
26 29 30
27 28 31
28 33 3
25 29 33
26 27 33
30 31 32
103
{[25, 24, 7, 5, 3]}
{[5, 4, 2, 1, 0]}
34
9 11 21
6 4 23
6 3 24
2 7 27
5 1 22
13 9 4
1 2 8
3 10 11
13 6 10
0 5 15
7 8 12
0 7 16
17 10 19
5 14 8
13 17 20
9 18 20
19 18 11
14 18 12
15 16 17
20 16 12
14 15 19
22 25 0
21 26 4
24 25 1
23 31 2
21 23 30
22 28 32
29 32 3
26 29 30
27 28 31
25 28 33
24 29 33
26 27 33
30 31 32
104
{[25, 24, 7, 5, 3]}
{[8, 7, 4, 2, 0]}
34
9 11 25
6 4 31
6 3 21
2 7 22
5 1 23
13 9 4
1 2 8
3 10 11
13 6 10
0 5 15
7 8 12
0 7 16
17 10 19
5 14 8
13 17 20
9 18 20
19 18 11
14 18 12
15 16 17
20 16 12
14 15 19
23 24 2
24 25 3
21 27 4
21 22 26
22 30 0
24 28 32
23 29 32
26 29 30
27 28 31
25 28 33
29 33 1
26 27 33
30 31 32
105
{[25, 24, 7, 5, 3]}
{[16, 13, 12, 11, 10]}
34
9 11 33
6 4 26
6 3 27
2 7 31
5 1 32
13 9 4
1 2 8
3 10 11
13 6 10
0 5 15
7 8 12
0 7 16
17 10 19
5 14 8
13 17 20
9 18 20
19 18 11
14 18 12
15 16 17
20 16 12
14 15 19
23 24 25
23 26 27
21 22 28
21 27 30
21 26 29
22 25 1
22 24 2
23 29 30
25 28 32
24 28 31
30 33 3
29 33 4
31 32 0
106
{[25, 24, 7, 5, 3]}
{[17, 16, 14, 12, 10]}
34
9 11 32
6 4 27
6 3 30
2 7 33
5 1 31
13 9 4
1 2 8
3 10 11
13 6 10
0 5 15
7 8 12
0 7 16
17 10 19
5 14 8
13 17 20
9 18 20
19 18 11
14 18 12
15 16 17
20 16 12
14 15 19
23 24 25
23 26 27
21 22 28
21 27 30
21 26 29
22 25 31
22 24 1
23 29 30
25 28 33
24 28 2
26 32 4
31 33 0
29 32 3
107
{[25, 24, 7, 5, 3]}
{[16, 13, 12, 11, 10]}
34
9 11 27
6 4 31
6 3 33
2 7 26
5 1 32
13 9 4
1 2 8
3 10 11
13 6 10
0 5 15
7 8 12
0 7 16
17 10 19
5 14 8
13 17 20
9 18 20
19 18 11
14 18 12
15 16 17
20 16 12
14 15 19
23 24 25
23 26 27
21 22 28
21 27 30
21 26 29
22 25 3
22 24 0
23 29 30
25 28 32
24 28 31
30 33 1
29 33 4
31 32 2
108
{[25, 24, 7, 5, 3]}
{[17, 16, 14, 12, 10]}
34
9 11 30
6 4 33
6 3 32
2 7 27
5 1 31
13 9 4
1 2 8
3 10 11
13 6 10
0 5 15
7 8 12
0 7 16
17 10 19
5 14 8
13 17 20
9 18 20
19 18 11
14 18 12
15 16 17
20 16 12
14 15 19
23 24 25
23 26 27
21 22 28
21 27 30
21 26 29
22 25 31
22 24 3
23 29 30
25 28 33
24 28 0
26 32 4
31 33 2
29 32 1
109
{[25, 24, 7, 5, 3]}
{[17, 16, 15, 13, 11]}
34
9 11 26
6 4 31
6 3 32
2 7 29
5 1 33
13 9 4
1 2 8
3 10 11
13 6 10
0 5 15
7 8 12
0 7 16
17 10 19
5 14 8
13 17 20
9 18 20
19 18 11
14 18 12
15 16 17
20 16 12
14 15 19
23 24 25
23 26 27
21 22 28
21 27 30
21 26 29
22 25 0
22 24 31
23 29 30
25 28 3
24 28 33
27 32 1
31 33 2
30 32 4
110
{[25, 24, 7, 5, 3]}
{[17, 16, 15, 13, 11]}
34
9 11 32
6 4 29
6 3 26
2 7 31
5 1 33
13 9 4
1 2 8
3 10 11
13 6 10
0 5 15
7 8 12
0 7 16
17 10 19
5 14 8
13 17 20
9 18 20
19 18 11
14 18 12
15 16 17
20 16 12
14 15 19
23 24 25
23 26 27
21 22 28
21 27 30
21 26 29
22 25 2
22 24 31
23 29 30
25 28 1
24 28 33
27 32 3
31 33 0
30 32 4
111
{[25, 24, 7, 5, 3]}
{[17, 15, 14, 13, 12]}
34
9 11 29
6 4 32
6 3 33
2 7 30
5 1 31
13 9 4
1 2 8
3 10 11
13 6 10
0 5 15
7 8 12
0 7 16
17 10 19
5 14 8
13 17 20
9 18 20
19 18 11
14 18 12
15 16 17
20 16 12
14 15 19
23 24 25
23 26 27
21 22 28
21 27 30
21 26 29
22 25 32
22 24 31
23 29 30
25 28 0
24 28 3
27 33 4
26 33 1
31 32 2
112
{[25, 24, 7, 5, 3]}
{[17, 15, 14, 13, 12]}
34
9 11 33
6 4 30
6 3 29
2 7 32
5 1 31
13 9 4
1 2 8
3 10 11
13 6 10
0 5 15
7 8 12
0 7 16
17 10 19
5 14 8
13 17 20
9 18 20
19 18 11
14 18 12
15 16 17
20 16 12
14 15 19
23 24 25
23 26 27
21 22 28
21 27 30
21 26 29
22 25 32
22 24 31
23 29 30
25 28 2
24 28 1
27 33 4
26 33 3
31 32 0
113
{[25, 24, 7, 5, 3]}
{[5, 4, 2, 1, 0]}
34
9 11 21
6 4 23
6 3 24
2 7 27
5 1 22
13 9 4
1 2 8
3 10 11
13 6 10
0 5 15
7 8 12
0 7 16
17 10 19
5 14 8
13 17 20
9 18 20
19 18 11
14 18 12
15 16 17
20 16 12
14 15 19
22 25 0
21 26 4
24 25 1
23 31 2
21 23 30
22 28 32
29 32 3
26 29 30
27 28 31
25 28 33
24 29 33
26 27 33
30 31 32
114
{[25, 24, 7, 5, 3]}
{[6, 3, 2, 1, 0]}
34
9 11 22
6 4 26
6 3 23
2 7 21
5 1 25
13 9 4
1 2 8
3 10 11
13 6 10
0 5 15
7 8 12
0 7 16
17 10 19
5 14 8
13 17 20
9 18 20
19 18 11
14 18 12
15 16 17
20 16 12
14 15 19
22 24 3
21 27 0
24 25 2
21 23 31
23 30 4
28 32 1
22 29 32
26 29 30
27 28 31
25 28 33
24 29 33
26 27 33
30 31 32
115
{[25, 24, 7, 5, 3]}
{[8, 7, 4, 2, 0]}
34
9 11 25
6 4 31
6 3 21
2 7 22
5 1 23
13 9 4
1 2 8
3 10 11
13 6 10
0 5 15
7 8 12
0 7 16
17 10 19
5 14 8
13 17 20
9 18 20
19 18 11
14 18 12
15 16 17
20 16 12
14 15 19
23 24 2
24 25 3
21 27 4
21 22 26
22 30 0
24 28 32
23 29 32
26 29 30
27 28 31
25 28 33
29 33 1
26 27 33
30 31 32
116
{[25, 24, 7, 5, 3]}
{[9, 7, 3, 2, 0]}
34
9 11 22
6 4 21
6 3 24
2 7 30
5 1 25
13 9 4
1 2 8
3 10 11
13 6 10
0 5 15
7 8 12
0 7 16
17 10 19
5 14 8
13 17 20
9 18 20
19 18 11
14 18 12
15 16 17
20 16 12
14 15 19
23 24 1
23 25 0
21 22 27
21 26 2
22 31 4
24 28 32
23 29 32
26 29 30
27 28 31
28 33 3
25 29 33
26 27 33
30 31 32
117
{[25, 24, 7, 5, 3]}
{[6, 3, 2, 1, 0]}
34
9 11 23
6 4 21
6 3 22
2 7 26
5 1 25
13 9 4
1 2 8
3 10 11
13 6 10
0 5 15
7 8 12
0 7 16
17 10 19
5 14 8
13 17 20
9 18 20
19 18 11
14 18 12
15 16 17
20 16 12
14 15 19
22 24 1
21 27 2
24 25 0
21 23 31
23 30 4
28 32 3
22 29 32
26 29 30
27 28 31
25 28 33
24 29 33
26 27 33
30 31 32
118
{[25, 24, 7, 5, 3]}
{[9, 7, 3, 2, 0]}
34
9 11 24
6 4 30
6 3 22
2 7 21
5 1 25
13 9 4
1 2 8
3 10 11
13 6 10
0 5 15
7 8 12
0 7 16
17 10 19
5 14 8
13 17 20
9 18 20
19 18 11
14 18 12
15 16 17
20 16 12
14 15 19
23 24 3
23 25 2
21 22 27
21 26 0
22 31 4
24 28 32
23 29 32
26 29 30
27 28 31
28 33 1
25 29 33
26 27 33
30 31 32
119
{[25, 24, 7, 5, 3]}
{[5, 4, 2, 1, 0]}
34
9 11 24
6 4 27
6 3 21
2 7 23
5 1 22
13 9 4
1 2 8
3 10 11
13 6 10
0 5 15
7 8 12
0 7 16
17 10 19
5 14 8
13 17 20
9 18 20
19 18 11
14 18 12
15 16 17
20 16 12
14 15 19
22 25 2
21 26 4
24 25 3
23 31 0
21 23 30
22 28 32
29 32 1
26 29 30
27 28 31
25 28 33
24 29 33
26 27 33
30 31 32
120
{[25, 24, 7, 5, 3]}
{[8, 7, 4, 2, 0]}
34
9 11 21
6 4 22
6 3 25
2 7 31
5 1 23
13 9 4
1 2 8
3 10 11
13 6 10
0 5 15
7 8 12
0 7 16
17 10 19
5 14 8
13 17 20
9 18 20
19 18 11
14 18 12
15 16 17
20 16 12
14 15 19
23 24 0
24 25 1
21 27 4
21 22 26
22 30 2
24 28 32
23 29 32
26 29 30
27 28 31
25 28 33
29 33 3
26 27 33
30 31 32
121
{[25, 24, 7, 5, 3]}
{[16, 13, 12, 11, 10]}
34
9 11 27
6 4 31
6 3 33
2 7 26
5 1 32
13 9 4
1 2 8
3 10 11
13 6 10
0 5 15
7 8 12
0 7 16
17 10 19
5 14 8
13 17 20
9 18 20
19 18 11
14 18 12
15 16 17
20 16 12
14 15 19
23 24 25
23 26 27
21 22 28
21 27 30
21 26 29
22 25 3
22 24 0
23 29 30
25 28 32
24 28 31
30 33 1
29 33 4
31 32 2
122
{[25, 24, 7, 5, 3]}
{[17, 16, 14, 12, 10]}
34
9 11 30
6 4 33
6 3 32
2 7 27
5 1 31
13 9 4
1 2 8
3 10 11
13 6 10
0 5 15
7 8 12
0 7 16
17 10 19
5 14 8
13 17 20
9 18 20
19 18 11
14 18 12
15 16 17
20 16 12
14 15 19
23 24 25
23 26 27
21 22 28
21 27 30
21 26 29
22 25 31
22 24 3
23 29 30
25 28 33
24 28 0
26 32 4
31 33 2
29 32 1
123
{[25, 24, 7, 5, 3]}
{[16, 13, 12, 11, 10]}
34
9 11 33
6 4 26
6 3 27
2 7 31
5 1 32
13 9 4
1 2 8
3 10 11
13 6 10
0 5 15
7 8 12
0 7 16
17 10 19
5 14 8
13 17 20
9 18 20
19 18 11
14 18 12
15 16 17
20 16 12
14 15 19
23 24 25
23 26 27
21 22 28
21 27 30
21 26 29
22 25 1
22 24 2
23 29 30
25 28 32
24 28 31
30 33 3
29 33 4
31 32 0
124
{[25, 24, 7, 5, 3]}
{[17, 16, 14, 12, 10]}
34
9 11 32
6 4 27
6 3 30
2 7 33
5 1 31
13 9 4
1 2 8
3 10 11
13 6 10
0 5 15
7 8 12
0 7 16
17 10 19
5 14 8
13 17 20
9 18 20
19 18 11
14 18 12
15 16 17
20 16 12
14 15 19
23 24 25
23 26 27
21 22 28
21 27 30
21 26 29
22 25 31
22 24 1
23 29 30
25 28 33
24 28 2
26 32 4
31 33 0
29 32 3
125
{[25, 24, 7, 5, 3]}
{[17, 16, 15, 13, 11]}
34
9 11 32
6 4 29
6 3 26
2 7 31
5 1 33
13 9 4
1 2 8
3 10 11
13 6 10
0 5 15
7 8 12
0 7 16
17 10 19
5 14 8
13 17 20
9 18 20
19 18 11
14 18 12
15 16 17
20 16 12
14 15 19
23 24 25
23 26 27
21 22 28
21 27 30
21 26 29
22 25 2
22 24 31
23 29 30
25 28 1
24 28 33
27 32 3
31 33 0
30 32 4
126
{[25, 24, 7, 5, 3]}
{[17, 16, 15, 13, 11]}
34
9 11 26
6 4 31
6 3 32
2 7 29
5 1 33
13 9 4
1 2 8
3 10 11
13 6 10
0 5 15
7 8 12
0 7 16
17 10 19
5 14 8
13 17 20
9 18 20
19 18 11
14 18 12
15 16 17
20 16 12
14 15 19
23 24 25
23 26 27
21 22 28
21 27 30
21 26 29
22 25 0
22 24 31
23 29 30
25 28 3
24 28 33
27 32 1
31 33 2
30 32 4
127
{[25, 24, 7, 5, 3]}
{[17, 15, 14, 13, 12]}
34
9 11 33
6 4 30
6 3 29
2 7 32
5 1 31
13 9 4
1 2 8
3 10 11
13 6 10
0 5 15
7 8 12
0 7 16
17 10 19
5 14 8
13 17 20
9 18 20
19 18 11
14 18 12
15 16 17
20 16 12
14 15 19
23 24 25
23 26 27
21 22 28
21 27 30
21 26 29
22 25 32
22 24 31
23 29 30
25 28 2
24 28 1
27 33 4
26 33 3
31 32 0
128
{[25, 24, 7, 5, 3]}
{[17, 15, 14, 13, 12]}
34
9 11 29
6 4 32
6 3 33
2 7 30
5 1 31
13 9 4
1 2 8
3 10 11
13 6 10
0 5 15
7 8 12
0 7 16
17 10 19
5 14 8
13 17 20
9 18 20
19 18 11
14 18 12
15 16 17
20 16 12
14 15 19
23 24 25
23 26 27
21 22 28
21 27 30
21 26 29
22 25 32
22 24 31
23 29 30
25 28 0
24 28 3
27 33 4
26 33 1
31 32 2
129
{[23, 22, 20, 17, 15]}
{[5, 4, 2, 1, 0]}
34
3 12 14
19 9 6
9 4 20
0 5 7
2 10 5
19 3 4
8 1 7
20 3 6
15 12 6
1 2 11
4 13 14
15 9 13
0 8 16
10 11 24
0 10 17
8 11 27
12 18 21
18 14 22
16 17 23
1 5 20
19 2 7
22 25 16
21 26 17
24 25 18
23 31 13
21 23 30
22 28 32
29 32 15
26 29 30
27 28 31
25 28 33
24 29 33
26 27 33
30 31 32
130
{[23, 22, 20, 17, 15]}
{[6, 3, 2, 1, 0]}
34
3 12 14
19 9 6
9 4 20
0 5 7
2 10 5
19 3 4
8 1 7
20 3 6
15 12 6
1 2 11
4 13 14
15 9 13
0 8 16
10 11 23
0 10 17
8 11 21
12 18 22
18 14 25
16 17 26
1 5 20
19 2 7
22 24 15
21 27 16
24 25 13
21 23 31
23 30 17
28 32 18
22 29 32
26 29 30
27 28 31
25 28 33
24 29 33
26 27 33
30 31 32
131
{[23, 22, 20, 17, 15]}
{[8, 7, 4, 2, 0]}
34
3 12 14
19 9 6
9 4 20
0 5 7
2 10 5
19 3 4
8 1 7
20 3 6
15 12 6
1 2 11
4 13 14
15 9 13
0 8 16
10 11 21
0 10 17
8 11 22
12 18 25
18 14 23
16 17 31
1 5 20
19 2 7
23 24 13
24 25 15
21 27 17
21 22 26
22 30 16
24 28 32
23 29 32
26 29 30
27 28 31
25 28 33
29 33 18
26 27 33
30 31 32
132
{[23, 22, 20, 17, 15]}
{[9, 7, 3, 2, 0]}
34
3 12 14
19 9 6
9 4 20
0 5 7
2 10 5
19 3 4
8 1 7
20 3 6
15 12 6
1 2 11
4 13 14
15 9 13
0 8 16
10 11 24
0 10 17
8 11 30
12 18 22
18 14 25
16 17 21
1 5 20
19 2 7
23 24 18
23 25 16
21 22 27
21 26 13
22 31 17
24 28 32
23 29 32
26 29 30
27 28 31
28 33 15
25 29 33
26 27 33
30 31 32
133
{[23, 22, 20, 17, 15]}
{[6, 3, 2, 1, 0]}
34
3 12 14
19 9 6
9 4 20
0 5 7
2 10 5
19 3 4
8 1 7
20 3 6
15 12 6
1 2 11
4 13 14
15 9 13
0 8 16
10 11 22
0 10 17
8 11 26
12 18 23
18 14 25
16 17 21
1 5 20
19 2 7
22 24 18
21 27 13
24 25 16
21 23 31
23 30 17
28 32 15
22 29 32
26 29 30
27 28 31
25 28 33
24 29 33
26 27 33
30 31 32
134
{[23, 22, 20, 17, 15]}
{[9, 7, 3, 2, 0]}
34
3 12 14
19 9 6
9 4 20
0 5 7
2 10 5
19 3 4
8 1 7
20 3 6
15 12 6
1 2 11
4 13 14
15 9 13
0 8 16
10 11 22
0 10 17
8 11 21
12 18 24
18 14 25
16 17 30
1 5 20
19 2 7
23 24 15
23 25 13
21 22 27
21 26 16
22 31 17
24 28 32
23 29 32
26 29 30
27 28 31
28 33 18
25 29 33
26 27 33
30 31 32
135
{[23, 22, 20, 17, 15]}
{[5, 4, 2, 1, 0]}
34
3 12 14
19 9 6
9 4 20
0 5 7
2 10 5
19 3 4
8 1 7
20 3 6
15 12 6
1 2 11
4 13 14
15 9 13
0 8 16
10 11 21
0 10 17
8 11 23
12 18 24
18 14 22
16 17 27
1 5 20
19 2 7
22 25 13
21 26 17
24 25 15
23 31 16
21 23 30
22 28 32
29 32 18
26 29 30
27 28 31
25 28 33
24 29 33
26 27 33
30 31 32
136
{[23, 22, 20, 17, 15]}
{[8, 7, 4, 2, 0]}
34
3 12 14
19 9 6
9 4 20
0 5 7
2 10 5
19 3 4
8 1 7
20 3 6
15 12 6
1 2 11
4 13 14
15 9 13
0 8 16
10 11 25
0 10 17
8 11 31
12 18 21
18 14 23
16 17 22
1 5 20
19 2 7
23 24 16
24 25 18
21 27 17
21 22 26
22 30 13
24 28 32
23 29 32
26 29 30
27 28 31
25 28 33
29 33 15
26 27 33
30 31 32
137
{[23, 22, 20, 17, 15]}
{[16, 13, 12, 11, 10]}
34
3 12 14
19 9 6
9 4 20
0 5 7
2 10 5
19 3 4
8 1 7
20 3 6
15 12 6
1 2 11
4 13 14
15 9 13
0 8 16
10 11 33
0 10 17
8 11 26
12 18 27
18 14 32
16 17 31
1 5 20
19 2 7
23 24 25
23 26 27
21 22 28
21 27 30
21 26 29
22 25 15
22 24 16
23 29 30
25 28 32
24 28 31
30 33 18
29 33 17
31 32 13
138
{[23, 22, 20, 17, 15]}
{[17, 16, 14, 12, 10]}
34
3 12 14
19 9 6
9 4 20
0 5 7
2 10 5
19 3 4
8 1 7
20 3 6
15 12 6
1 2 11
4 13 14
15 9 13
0 8 16
10 11 32
0 10 17
8 11 27
12 18 30
18 14 31
16 17 33
1 5 20
19 2 7
23 24 25
23 26 27
21 22 28
21 27 30
21 26 29
22 25 31
22 24 15
23 29 30
25 28 33
24 28 16
26 32 17
31 33 13
29 32 18
139
{[23, 22, 20, 17, 15]}
{[16, 13, 12, 11, 10]}
34
3 12 14
19 9 6
9 4 20
0 5 7
2 10 5
19 3 4
8 1 7
20 3 6
15 12 6
1 2 11
4 13 14
15 9 13
0 8 16
10 11 27
0 10 17
8 11 31
12 18 33
18 14 32
16 17 26
1 5 20
19 2 7
23 24 25
23 26 27
21 22 28
21 27 30
21 26 29
22 25 18
22 24 13
23 29 30
25 28 32
24 28 31
30 33 15
29 33 17
31 32 16
140
{[23, 22, 20, 17, 15]}
{[17, 16, 14, 12, 10]}
34
3 12 14
19 9 6
9 4 20
0 5 7
2 10 5
19 3 4
8 1 7
20 3 6
15 12 6
1 2 11
4 13 14
15 9 13
0 8 16
10 11 30
0 10 17
8 11 33
12 18 32
18 14 31
16 17 27
1 5 20
19 2 7
23 24 25
23 26 27
21 22 28
21 27 30
21 26 29
22 25 31
22 24 18
23 29 30
25 28 33
24 28 13
26 32 17
31 33 16
29 32 15
141
{[23, 22, 20, 17, 15]}
{[17, 16, 15, 13, 11]}
34
3 12 14
19 9 6
9 4 20
0 5 7
2 10 5
19 3 4
8 1 7
20 3 6
15 12 6
1 2 11
4 13 14
15 9 13
0 8 16
10 11 26
0 10 17
8 11 31
12 18 32
18 14 33
16 17 29
1 5 20
19 2 7
23 24 25
23 26 27
21 22 28
21 27 30
21 26 29
22 25 13
22 24 31
23 29 30
25 28 18
24 28 33
27 32 15
31 33 16
30 32 17
142
{[23, 22, 20, 17, 15]}
{[17, 16, 15, 13, 11]}
34
3 12 14
19 9 6
9 4 20
0 5 7
2 10 5
19 3 4
8 1 7
20 3 6
15 12 6
1 2 11
4 13 14
15 9 13
0 8 16
10 11 32
0 10 17
8 11 29
12 18 26
18 14 33
16 17 31
1 5 20
19 2 7
23 24 25
23 26 27
21 22 28
21 27 30
21 26 29
22 25 16
22 24 31
23 29 30
25 28 15
24 28 33
27 32 18
31 33 13
30 32 17
143
{[23, 22, 20, 17, 15]}
{[17, 15, 14, 13, 12]}
34
3 12 14
19 9 6
9 4 20
0 5 7
2 10 5
19 3 4
8 1 7
20 3 6
15 12 6
1 2 11
4 13 14
15 9 13
0 8 16
10 11 29
0 10 17
8 11 32
12 18 33
18 14 31
16 17 30
1 5 20
19 2 7
23 24 25
23 26 27
21 22 28
21 27 30
21 26 29
22 25 32
22 24 31
23 29 30
25 28 13
24 28 18
27 33 17
26 33 15
31 32 16
144
{[23, 22, 20, 17, 15]}
{[17, 15, 14, 13, 12]}
34
3 12 14
19 9 6
9 4 20
0 5 7
2 10 5
19 3 4
8 1 7
20 3 6
15 12 6
1 2 11
4 13 14
15 9 13
0 8 16
10 11 33
0 10 17
8 11 30
12 18 29
18 14 31
16 17 32
1 5 20
19 2 7
23 24 25
23 26 27
21 22 28
21 27 30
21 26 29
22 25 32
22 24 31
23 29 30
25 28 16
24 28 15
27 33 17
26 33 18
31 32 13
145
{[22, 21, 20, 19, 15]}
{[5, 4, 2, 1, 0]}
34
3 12 14
19 9 6
9 4 20
0 5 7
2 10 5
19 3 4
8 1 7
20 3 6
15 12 6
1 2 11
4 13 14
15 9 13
0 8 17
10 11 27
0 10 24
8 16 11
15 18 21
12 18 22
16 17 23
1 5 20
19 2 7
22 25 16
21 26 17
24 25 18
23 31 14
21 23 30
22 28 32
29 32 13
26 29 30
27 28 31
25 28 33
24 29 33
26 27 33
30 31 32
146
{[22, 21, 20, 19, 15]}
{[6, 3, 2, 1, 0]}
34
3 12 14
19 9 6
9 4 20
0 5 7
2 10 5
19 3 4
8 1 7
20 3 6
15 12 6
1 2 11
4 13 14
15 9 13
0 8 17
10 11 21
0 10 23
8 16 11
15 18 22
12 18 25
16 17 26
1 5 20
19 2 7
22 24 13
21 27 16
24 25 14
21 23 31
23 30 17
28 32 18
22 29 32
26 29 30
27 28 31
25 28 33
24 29 33
26 27 33
30 31 32
147
{[22, 21, 20, 19, 15]}
{[8, 7, 4, 2, 0]}
34
3 12 14
19 9 6
9 4 20
0 5 7
2 10 5
19 3 4
8 1 7
20 3 6
15 12 6
1 2 11
4 13 14
15 9 13
0 8 17
10 11 22
0 10 21
8 16 11
15 18 25
12 18 23
16 17 31
1 5 20
19 2 7
23 24 14
24 25 13
21 27 17
21 22 26
22 30 16
24 28 32
23 29 32
26 29 30
27 28 31
25 28 33
29 33 18
26 27 33
30 31 32
148
{[22, 21, 20, 19, 15]}
{[9, 7, 3, 2, 0]}
34
3 12 14
19 9 6
9 4 20
0 5 7
2 10 5
19 3 4
8 1 7
20 3 6
15 12 6
1 2 11
4 13 14
15 9 13
0 8 17
10 11 30
0 10 24
8 16 11
15 18 22
12 18 25
16 17 21
1 5 20
19 2 7
23 24 18
23 25 16
21 22 27
21 26 14
22 31 17
24 28 32
23 29 32
26 29 30
27 28 31
28 33 13
25 29 33
26 27 33
30 31 32
149
{[22, 21, 20, 19, 15]}
{[6, 3, 2, 1, 0]}
34
3 12 14
19 9 6
9 4 20
0 5 7
2 10 5
19 3 4
8 1 7
20 3 6
15 12 6
1 2 11
4 13 14
15 9 13
0 8 17
10 11 26
0 10 22
8 16 11
15 18 23
12 18 25
16 17 21
1 5 20
19 2 7
22 24 18
21 27 14
24 25 16
21 23 31
23 30 17
28 32 13
22 29 32
26 29 30
27 28 31
25 28 33
24 29 33
26 27 33
30 31 32
150
{[22, 21, 20, 19, 15]}
{[9, 7, 3, 2, 0]}
34
3 12 14
19 9 6
9 4 20
0 5 7
2 10 5
19 3 4
8 1 7
20 3 6
15 12 6
1 2 11
4 13 14
15 9 13
0 8 17
10 11 21
0 10 22
8 16 11
15 18 24
12 18 25
16 17 30
1 5 20
19 2 7
23 24 13
23 25 14
21 22 27
21 26 16
22 31 17
24 28 32
23 29 32
26 29 30
27 28 31
28 33 18
25 29 33
26 27 33
30 31 32
151
{[22, 21, 20, 19, 15]}
{[5, 4, 2, 1, 0]}
34
3 12 14
19 9 6
9 4 20
0 5 7
2 10 5
19 3 4
8 1 7
20 3 6
15 12 6
1 2 11
4 13 14
15 9 13
0 8 17
10 11 23
0 10 21
8 16 11
15 18 24
12 18 22
16 17 27
1 5 20
19 2 7
22 25 14
21 26 17
24 25 13
23 31 16
21 23 30
22 28 32
29 32 18
26 29 30
27 28 31
25 28 33
24 29 33
26 27 33
30 31 32
152
{[22, 21, 20, 19, 15]}
{[8, 7, 4, 2, 0]}
34
3 12 14
19 9 6
9 4 20
0 5 7
2 10 5
19 3 4
8 1 7
20 3 6
15 12 6
1 2 11
4 13 14
15 9 13
0 8 17
10 11 31
0 10 25
8 16 11
15 18 21
12 18 23
16 17 22
1 5 20
19 2 7
23 24 16
24 25 18
21 27 17
21 22 26
22 30 14
24 28 32
23 29 32
26 29 30
27 28 31
25 28 33
29 33 13
26 27 33
30 31 32
153
{[22, 21, 20, 19, 15]}
{[16, 13, 12, 11, 10]}
34
3 12 14
19 9 6
9 4 20
0 5 7
2 10 5
19 3 4
8 1 7
20 3 6
15 12 6
1 2 11
4 13 14
15 9 13
0 8 17
10 11 26
0 10 33
8 16 11
15 18 27
12 18 32
16 17 31
1 5 20
19 2 7
23 24 25
23 26 27
21 22 28
21 27 30
21 26 29
22 25 13
22 24 16
23 29 30
25 28 32
24 28 31
30 33 18
29 33 17
31 32 14
154
{[22, 21, 20, 19, 15]}
{[17, 16, 14, 12, 10]}
34
3 12 14
19 9 6
9 4 20
0 5 7
2 10 5
19 3 4
8 1 7
20 3 6
15 12 6
1 2 11
4 13 14
15 9 13
0 8 17
10 11 27
0 10 32
8 16 11
15 18 30
12 18 31
16 17 33
1 5 20
19 2 7
23 24 25
23 26 27
21 22 28
21 27 30
21 26 29
22 25 31
22 24 13
23 29 30
25 28 33
24 28 16
26 32 17
31 33 14
29 32 18
155
{[22, 21, 20, 19, 15]}
{[16, 13, 12, 11, 10]}
34
3 12 14
19 9 6
9 4 20
0 5 7
2 10 5
19 3 4
8 1 7
20 3 6
15 12 6
1 2 11
4 13 14
15 9 13
0 8 17
10 11 31
0 10 27
8 16 11
15 18 33
12 18 32
16 17 26
1 5 20
19 2 7
23 24 25
23 26 27
21 22 28
21 27 30
21 26 29
22 25 18
22 24 14
23 29 30
25 28 32
24 28 31
30 33 13
29 33 17
31 32 16
156
{[22, 21, 20, 19, 15]}
{[17, 16, 14, 12, 10]}
34
3 12 14
19 9 6
9 4 20
0 5 7
2 10 5
19 3 4
8 1 7
20 3 6
15 12 6
1 2 11
4 13 14
15 9 13
0 8 17
10 11 33
0 10 30
8 16 11
15 18 32
12 18 31
16 17 27
1 5 20
19 2 7
23 24 25
23 26 27
21 22 28
21 27 30
21 26 29
22 25 31
22 24 18
23 29 30
25 28 33
24 28 14
26 32 17
31 33 16
29 32 13
157
{[22, 21, 20, 19, 15]}
{[17, 16, 15, 13, 11]}
34
3 12 14
19 9 6
9 4 20
0 5 7
2 10 5
19 3 4
8 1 7
20 3 6
15 12 6
1 2 11
4 13 14
15 9 13
0 8 17
10 11 31
0 10 26
8 16 11
15 18 32
12 18 33
16 17 29
1 5 20
19 2 7
23 24 25
23 26 27
21 22 28
21 27 30
21 26 29
22 25 14
22 24 31
23 29 30
25 28 18
24 28 33
27 32 13
31 33 16
30 32 17
158
{[22, 21, 20, 19, 15]}
{[17, 16, 15, 13, 11]}
34
3 12 14
19 9 6
9 4 20
0 5 7
2 10 5
19 3 4
8 1 7
20 3 6
15 12 6
1 2 11
4 13 14
15 9 13
0 8 17
10 11 29
0 10 32
8 16 11
15 18 26
12 18 33
16 17 31
1 5 20
19 2 7
23 24 25
23 26 27
21 22 28
21 27 30
21 26 29
22 25 16
22 24 31
23 29 30
25 28 13
24 28 33
27 32 18
31 33 14
30 32 17
159
{[22, 21, 20, 19, 15]}
{[17, 15, 14, 13, 12]}
34
3 12 14
19 9 6
9 4 20
0 5 7
2 10 5
19 3 4
8 1 7
20 3 6
15 12 6
1 2 11
4 13 14
15 9 13
0 8 17
10 11 32
0 10 29
8 16 11
15 18 33
12 18 31
16 17 30
1 5 20
19 2 7
23 24 25
23 26 27
21 22 28
21 27 30
21 26 29
22 25 32
22 24 31
23 29 30
25 28 14
24 28 18
27 33 17
26 33 13
31 32 16
160
{[22, 21, 20, 19, 15]}
{[17, 15, 14, 13, 12]}
34
3 12 14
19 9 6
9 4 20
0 5 7
2 10 5
19 3 4
8 1 7
20 3 6
15 12 6
1 2 11
4 13 14
15 9 13
0 8 17
10 11 30
0 10 33
8 16 11
15 18 29
12 18 31
16 17 32
1 5 20
19 2 7
23 24 25
23 26 27
21 22 28
21 27 30
21 26 29
22 25 32
22 24 31
23 29 30
25 28 16
24 28 13
27 33 17
26 33 18
31 32 14
161
{[22, 21, 20, 19, 15]}
{[5, 4, 2, 1, 0]}
34
3 12 14
19 9 6
9 4 20
0 5 7
2 10 5
19 3 4
8 1 7
20 3 6
15 12 6
1 2 11
4 13 14
15 9 13
0 8 17
10 11 23
0 10 21
8 16 11
15 18 24
12 18 22
16 17 27
1 5 20
19 2 7
22 25 14
21 26 17
24 25 13
23 31 16
21 23 30
22 28 32
29 32 18
26 29 30
27 28 31
25 28 33
24 29 33
26 27 33
30 31 32
162
{[22, 21, 20, 19, 15]}
{[6, 3, 2, 1, 0]}
34
3 12 14
19 9 6
9 4 20
0 5 7
2 10 5
19 3 4
8 1 7
20 3 6
15 12 6
1 2 11
4 13 14
15 9 13
0 8 17
10 11 26
0 10 22
8 16 11
15 18 23
12 18 25
16 17 21
1 5 20
19 2 7
22 24 18
21 27 14
24 25 16
21 23 31
23 30 17
28 32 13
22 29 32
26 29 30
27 28 31
25 28 33
24 29 33
26 27 33
30 31 32
163
{[22, 21, 20, 19, 15]}
{[8, 7, 4, 2, 0]}
34
3 12 14
19 9 6
9 4 20
0 5 7
2 10 5
19 3 4
8 1 7
20 3 6
15 12 6
1 2 11
4 13 14
15 9 13
0 8 17
10 11 31
0 10 25
8 16 11
15 18 21
12 18 23
16 17 22
1 5 20
19 2 7
23 24 16
24 25 18
21 27 17
21 22 26
22 30 14
24 28 32
23 29 32
26 29 30
27 28 31
25 28 33
29 33 13
26 27 33
30 31 32
164
{[22, 21, 20, 19, 15]}
{[9, 7, 3, 2, 0]}
34
3 12 14
19 9 6
9 4 20
0 5 7
2 10 5
19 3 4
8 1 7
20 3 6
15 12 6
1 2 11
4 13 14
15 9 13
0 8 17
10 11 21
0 10 22
8 16 11
15 18 24
12 18 25
16 17 30
1 5 20
19 2 7
23 24 13
23 25 14
21 22 27
21 26 16
22 31 17
24 28 32
23 29 32
26 29 30
27 28 31
28 33 18
25 29 33
26 27 33
30 31 32
165
{[22, 21, 20, 19, 15]}
{[6, 3, 2, 1, 0]}
34
3 12 14
19 9 6
9 4 20
0 5 7
2 10 5
19 3 4
8 1 7
20 3 6
15 12 6
1 2 11
4 13 14
15 9 13
0 8 17
10 11 21
0 10 23
8 16 11
15 18 22
12 18 25
16 17 26
1 5 20
19 2 7
22 24 13
21 27 16
24 25 14
21 23 31
23 30 17
28 32 18
22 29 32
26 29 30
27 28 31
25 28 33
24 29 33
26 27 33
30 31 32
166
{[22, 21, 20, 19, 15]}
{[9, 7, 3, 2, 0]}
34
3 12 14
19 9 6
9 4 20
0 5 7
2 10 5
19 3 4
8 1 7
20 3 6
15 12 6
1 2 11
4 13 14
15 9 13
0 8 17
10 11 30
0 10 24
8 16 11
15 18 22
12 18 25
16 17 21
1 5 20
19 2 7
23 24 18
23 25 16
21 22 27
21 26 14
22 31 17
24 28 32
23 29 32
26 29 30
27 28 31
28 33 13
25 29 33
26 27 33
30 31 32
167
{[22, 21, 20, 19, 15]}
{[5, 4, 2, 1, 0]}
34
3 12 14
19 9 6
9 4 20
0 5 7
2 10 5
19 3 4
8 1 7
20 3 6
15 12 6
1 2 11
4 13 14
15 9 13
0 8 17
10 11 27
0 10 24
8 16 11
15 18 21
12 18 22
16 17 23
1 5 20
19 2 7
22 25 16
21 26 17
24 25 18
23 31 14
21 23 30
22 28 32
29 32 13
26 29 30
27 28 31
25 28 33
24 29 33
26 27 33
30 31 32
168
{[22, 21, 20, 19, 15]}
{[8, 7, 4, 2, 0]}
34
3 12 14
19 9 6
9 4 20
0 5 7
2 10 5
19 3 4
8 1 7
20 3 6
15 12 6
1 2 11
4 13 14
15 9 13
0 8 17
10 11 22
0 10 21
8 16 11
15 18 25
12 18 23
16 17 31
1 5 20
19 2 7
23 24 14
24 25 13
21 27 17
21 22 26
22 30 16
24 28 32
23 29 32
26 29 30
27 28 31
25 28 33
29 33 18
26 27 33
30 31 32
169
{[22, 21, 20, 19, 15]}
{[16, 13, 12, 11, 10]}
34
3 12 14
19 9 6
9 4 20
0 5 7
2 10 5
19 3 4
8 1 7
20 3 6
15 12 6
1 2 11
4 13 14
15 9 13
0 8 17
10 11 31
0 10 27
8 16 11
15 18 33
12 18 32
16 17 26
1 5 20
19 2 7
23 24 25
23 26 27
21 22 28
21 27 30
21 26 29
22 25 18
22 24 14
23 29 30
25 28 32
24 28 31
30 33 13
29 33 17
31 32 16
170
{[22, 21, 20, 19, 15]}
{[17, 16, 14, 12, 10]}
34
3 12 14
19 9 6
9 4 20
0 5 7
2 10 5
19 3 4
8 1 7
20 3 6
15 12 6
1 2 11
4 13 14
15 9 13
0 8 17
10 11 33
0 10 30
8 16 11
15 18 32
12 18 31
16 17 27
1 5 20
19 2 7
23 24 25
23 26 27
21 22 28
21 27 30
21 26 29
22 25 31
22 24 18
23 29 30
25 28 33
24 28 14
26 32 17
31 33 16
29 32 13
171
{[22, 21, 20, 19, 15]}
{[16, 13, 12, 11, 10]}
34
3 12 14
19 9 6
9 4 20
0 5 7
2 10 5
19 3 4
8 1 7
20 3 6
15 12 6
1 2 11
4 13 14
15 9 13
0 8 17
10 11 26
0 10 33
8 16 11
15 18 27
12 18 32
16 17 31
1 5 20
19 2 7
23 24 25
23 26 27
21 22 28
21 27 30
21 26 29
22 25 13
22 24 16
23 29 30
25 28 32
24 28 31
30 33 18
29 33 17
31 32 14
172
{[22, 21, 20, 19, 15]}
{[17, 16, 14, 12, 10]}
34
3 12 14
19 9 6
9 4 20
0 5 7
2 10 5
19 3 4
8 1 7
20 3 6
15 12 6
1 2 11
4 13 14
15 9 13
0 8 17
10 11 27
0 10 32
8 16 11
15 18 30
12 18 31
16 17 33
1 5 20
19 2 7
23 24 25
23 26 27
21 22 28
21 27 30
21 26 29
22 25 31
22 24 13
23 29 30
25 28 33
24 28 16
26 32 17
31 33 14
29 32 18
173
{[22, 21, 20, 19, 15]}
{[17, 16, 15, 13, 11]}
34
3 12 14
19 9 6
9 4 20
0 5 7
2 10 5
19 3 4
8 1 7
20 3 6
15 12 6
1 2 11
4 13 14
15 9 13
0 8 17
10 11 29
0 10 32
8 16 11
15 18 26
12 18 33
16 17 31
1 5 20
19 2 7
23 24 25
23 26 27
21 22 28
21 27 30
21 26 29
22 25 16
22 24 31
23 29 30
25 28 13
24 28 33
27 32 18
31 33 14
30 32 17
174
{[22, 21, 20, 19, 15]}
{[17, 16, 15, 13, 11]}
34
3 12 14
19 9 6
9 4 20
0 5 7
2 10 5
19 3 4
8 1 7
20 3 6
15 12 6
1 2 11
4 13 14
15 9 13
0 8 17
10 11 31
0 10 26
8 16 11
15 18 32
12 18 33
16 17 29
1 5 20
19 2 7
23 24 25
23 26 27
21 22 28
21 27 30
21 26 29
22 25 14
22 24 31
23 29 30
25 28 18
24 28 33
27 32 13
31 33 16
30 32 17
175
{[22, 21, 20, 19, 15]}
{[17, 15, 14, 13, 12]}
34
3 12 14
19 9 6
9 4 20
0 5 7
2 10 5
19 3 4
8 1 7
20 3 6
15 12 6
1 2 11
4 13 14
15 9 13
0 8 17
10 11 30
0 10 33
8 16 11
15 18 29
12 18 31
16 17 32
1 5 20
19 2 7
23 24 25
23 26 27
21 22 28
21 27 30
21 26 29
22 25 32
22 24 31
23 29 30
25 28 16
24 28 13
27 33 17
26 33 18
31 32 14
176
{[22, 21, 20, 19, 15]}
{[17, 15, 14, 13, 12]}
34
3 12 14
19 9 6
9 4 20
0 5 7
2 10 5
19 3 4
8 1 7
20 3 6
15 12 6
1 2 11
4 13 14
15 9 13
0 8 17
10 11 32
0 10 29
8 16 11
15 18 33
12 18 31
16 17 30
1 5 20
19 2 7
23 24 25
23 26 27
21 22 28
21 27 30
21 26 29
22 25 32
22 24 31
23 29 30
25 28 14
24 28 18
27 33 17
26 33 13
31 32 16
177
{[23, 22, 20, 17, 15]}
{[5, 4, 2, 1, 0]}
34
3 12 14
19 9 6
9 4 20
0 5 7
2 10 5
19 3 4
8 1 7
20 3 6
15 12 6
1 2 11
4 13 14
15 9 13
0 8 16
10 11 21
0 10 17
8 11 23
12 18 24
18 14 22
16 17 27
1 5 20
19 2 7
22 25 13
21 26 17
24 25 15
23 31 16
21 23 30
22 28 32
29 32 18
26 29 30
27 28 31
25 28 33
24 29 33
26 27 33
30 31 32
178
{[23, 22, 20, 17, 15]}
{[6, 3, 2, 1, 0]}
34
3 12 14
19 9 6
9 4 20
0 5 7
2 10 5
19 3 4
8 1 7
20 3 6
15 12 6
1 2 11
4 13 14
15 9 13
0 8 16
10 11 22
0 10 17
8 11 26
12 18 23
18 14 25
16 17 21
1 5 20
19 2 7
22 24 18
21 27 13
24 25 16
21 23 31
23 30 17
28 32 15
22 29 32
26 29 30
27 28 31
25 28 33
24 29 33
26 27 33
30 31 32
179
{[23, 22, 20, 17, 15]}
{[8, 7, 4, 2, 0]}
34
3 12 14
19 9 6
9 4 20
0 5 7
2 10 5
19 3 4
8 1 7
20 3 6
15 12 6
1 2 11
4 13 14
15 9 13
0 8 16
10 11 25
0 10 17
8 11 31
12 18 21
18 14 23
16 17 22
1 5 20
19 2 7
23 24 16
24 25 18
21 27 17
21 22 26
22 30 13
24 28 32
23 29 32
26 29 30
27 28 31
25 28 33
29 33 15
26 27 33
30 31 32
180
{[23, 22, 20, 17, 15]}
{[9, 7, 3, 2, 0]}
34
3 12 14
19 9 6
9 4 20
0 5 7
2 10 5
19 3 4
8 1 7
20 3 6
15 12 6
1 2 11
4 13 14
15 9 13
0 8 16
10 11 22
0 10 17
8 11 21
12 18 24
18 14 25
16 17 30
1 5 20
19 2 7
23 24 15
23 25 13
21 22 27
21 26 16
22 31 17
24 28 32
23 29 32
26 29 30
27 28 31
28 33 18
25 29 33
26 27 33
30 31 32
181
{[23, 22, 20, 17, 15]}
{[6, 3, 2, 1, 0]}
34
3 12 14
19 9 6
9 4 20
0 5 7
2 10 5
19 3 4
8 1 7
20 3 6
15 12 6
1 2 11
4 13 14
15 9 13
0 8 16
10 11 23
0 10 17
8 11 21
12 18 22
18 14 25
16 17 26
1 5 20
19 2 7
22 24 15
21 27 16
24 25 13
21 23 31
23 30 17
28 32 18
22 29 32
26 29 30
27 28 31
25 28 33
24 29 33
26 27 33
30 31 32
182
{[23, 22, 20, 17, 15]}
{[9, 7, 3, 2, 0]}
34
3 12 14
19 9 6
9 4 20
0 5 7
2 10 5
19 3 4
8 1 7
20 3 6
15 12 6
1 2 11
4 13 14
15 9 13
0 8 16
10 11 24
0 10 17
8 11 30
12 18 22
18 14 25
16 17 21
1 5 20
19 2 7
23 24 18
23 25 16
21 22 27
21 26 13
22 31 17
24 28 32
23 29 32
26 29 30
27 28 31
28 33 15
25 29 33
26 27 33
30 31 32
183
{[23, 22, 20, 17, 15]}
{[5, 4, 2, 1, 0]}
34
3 12 14
19 9 6
9 4 20
0 5 7
2 10 5
19 3 4
8 1 7
20 3 6
15 12 6
1 2 11
4 13 14
15 9 13
0 8 16
10 11 24
0 10 17
8 11 27
12 18 21
18 14 22
16 17 23
1 5 20
19 2 7
22 25 16
21 26 17
24 25 18
23 31 13
21 23 30
22 28 32
29 32 15
26 29 30
27 28 31
25 28 33
24 29 33
26 27 33
30 31 32
184
{[23, 22, 20, 17, 15]}
{[8, 7, 4, 2, 0]}
34
3 12 14
19 9 6
9 4 20
0 5 7
2 10 5
19 3 4
8 1 7
20 3 6
15 12 6
1 2 11
4 13 14
15 9 13
0 8 16
10 11 21
0 10 17
8 11 22
12 18 25
18 14 23
16 17 31
1 5 20
19 2 7
23 24 13
24 25 15
21 27 17
21 22 26
22 30 16
24 28 32
23 29 32
26 29 30
27 28 31
25 28 33
29 33 18
26 27 33
30 31 32
185
{[23, 22, 20, 17, 15]}
{[16, 13, 12, 11, 10]}
34
3 12 14
19 9 6
9 4 20
0 5 7
2 10 5
19 3 4
8 1 7
20 3 6
15 12 6
1 2 11
4 13 14
15 9 13
0 8 16
10 11 27
0 10 17
8 11 31
12 18 33
18 14 32
16 17 26
1 5 20
19 2 7
23 24 25
23 26 27
21 22 28
21 27 30
21 26 29
22 25 18
22 24 13
23 29 30
25 28 32
24 28 31
30 33 15
29 33 17
31 32 16
186
{[23, 22, 20, 17, 15]}
{[17, 16, 14, 12, 10]}
34
3 12 14
19 9 6
9 4 20
0 5 7
2 10 5
19 3 4
8 1 7
20 3 6
15 12 6
1 2 11
4 13 14
15 9 13
0 8 16
10 11 30
0 10 17
8 11 33
12 18 32
18 14 31
16 17 27
1 5 20
19 2 7
23 24 25
23 26 27
21 22 28
21 27 30
21 26 29
22 25 31
22 24 18
23 29 30
25 28 33
24 28 13
26 32 17
31 33 16
29 32 15
187
{[23, 22, 20, 17, 15]}
{[16, 13, 12, 11, 10]}
34
3 12 14
19 9 6
9 4 20
0 5 7
2 10 5
19 3 4
8 1 7
20 3 6
15 12 6
1 2 11
4 13 14
15 9 13
0 8 16
10 11 33
0 10 17
8 11 26
12 18 27
18 14 32
16 17 31
1 5 20
19 2 7
23 24 25
23 26 27
21 22 28
21 27 30
21 26 29
22 25 15
22 24 16
23 29 30
25 28 32
24 28 31
30 33 18
29 33 17
31 32 13
188
{[23, 22, 20, 17, 15]}
{[17, 16, 14, 12, 10]}
34
3 12 14
19 9 6
9 4 20
0 5 7
2 10 5
19 3 4
8 1 7
20 3 6
15 12 6
1 2 11
4 13 14
15 9 13
0 8 16
10 11 32
0 10 17
8 11 27
12 18 30
18 14 31
16 17 33
1 5 20
19 2 7
23 24 25
23 26 27
21 22 28
21 27 30
21 26 29
22 25 31
22 24 15
23 29 30
25 28 33
24 28 16
26 32 17
31 33 13
29 32 18
189
{[23, 22, 20, 17, 15]}
{[17, 16, 15, 13, 11]}
34
3 12 14
19 9 6
9 4 20
0 5 7
2 10 5
19 3 4
8 1 7
20 3 6
15 12 6
1 2 11
4 13 14
15 9 13
0 8 16
10 11 32
0 10 17
8 11 29
12 18 26
18 14 33
16 17 31
1 5 20
19 2 7
23 24 25
23 26 27
21 22 28
21 27 30
21 26 29
22 25 16
22 24 31
23 29 30
25 28 15
24 28 33
27 32 18
31 33 13
30 32 17
190
{[23, 22, 20, 17, 15]}
{[17, 16, 15, 13, 11]}
34
3 12 14
19 9 6
9 4 20
0 5 7
2 10 5
19 3 4
8 1 7
20 3 6
15 12 6
1 2 11
4 13 14
15 9 13
0 8 16
10 11 26
0 10 17
8 11 31
12 18 32
18 14 33
16 17 29
1 5 20
19 2 7
23 24 25
23 26 27
21 22 28
21 27 30
21 26 29
22 25 13
22 24 31
23 29 30
25 28 18
24 28 33
27 32 15
31 33 16
30 32 17
191
{[23, 22, 20, 17, 15]}
{[17, 15, 14, 13, 12]}
34
3 12 14
19 9 6
9 4 20
0 5 7
2 10 5
19 3 4
8 1 7
20 3 6
15 12 6
1 2 11
4 13 14
15 9 13
0 8 16
10 11 33
0 10 17
8 11 30
12 18 29
18 14 31
16 17 32
1 5 20
19 2 7
23 24 25
23 26 27
21 22 28
21 27 30
21 26 29
22 25 32
22 24 31
23 29 30
25 28 16
24 28 15
27 33 17
26 33 18
31 32 13
192
{[23, 22, 20, 17, 15]}
{[17, 15, 14, 13, 12]}
34
3 12 14
19 9 6
9 4 20
0 5 7
2 10 5
19 3 4
8 1 7
20 3 6
15 12 6
1 2 11
4 13 14
15 9 13
0 8 16
10 11 29
0 10 17
8 11 32
12 18 33
18 14 31
16 17 30
1 5 20
19 2 7
23 24 25
23 26 27
21 22 28
21 27 30
21 26 29
22 25 32
22 24 31
23 29 30
25 28 13
24 28 18
27 33 17
26 33 15
31 32 16
193
{[23, 21, 20, 18, 17]}
{[5, 4, 2, 1, 0]}
34
3 12 14
19 9 6
9 4 20
0 5 7
2 10 5
19 3 4
8 1 7
20 3 6
16 12 6
1 2 11
4 13 14
16 9 13
0 8 23
10 11 15
0 10 17
13 18 22
8 11 21
18 14 24
17 15 27
1 5 20
19 2 7
22 25 16
21 26 15
24 25 12
23 31 17
21 23 30
22 28 32
29 32 18
26 29 30
27 28 31
25 28 33
24 29 33
26 27 33
30 31 32
194
{[23, 21, 20, 18, 17]}
{[6, 3, 2, 1, 0]}
34
3 12 14
19 9 6
9 4 20
0 5 7
2 10 5
19 3 4
8 1 7
20 3 6
16 12 6
1 2 11
4 13 14
16 9 13
0 8 26
10 11 15
0 10 17
13 18 25
8 11 22
18 14 23
17 15 21
1 5 20
19 2 7
22 24 18
21 27 16
24 25 17
21 23 31
23 30 15
28 32 12
22 29 32
26 29 30
27 28 31
25 28 33
24 29 33
26 27 33
30 31 32
195
{[23, 21, 20, 18, 17]}
{[8, 7, 4, 2, 0]}
34
3 12 14
19 9 6
9 4 20
0 5 7
2 10 5
19 3 4
8 1 7
20 3 6
16 12 6
1 2 11
4 13 14
16 9 13
0 8 31
10 11 15
0 10 17
13 18 23
8 11 25
18 14 21
17 15 22
1 5 20
19 2 7
23 24 17
24 25 18
21 27 15
21 22 26
22 30 16
24 28 32
23 29 32
26 29 30
27 28 31
25 28 33
29 33 12
26 27 33
30 31 32
196
{[23, 21, 20, 18, 17]}
{[9, 7, 3, 2, 0]}
34
3 12 14
19 9 6
9 4 20
0 5 7
2 10 5
19 3 4
8 1 7
20 3 6
16 12 6
1 2 11
4 13 14
16 9 13
0 8 21
10 11 15
0 10 17
13 18 25
8 11 22
18 14 24
17 15 30
1 5 20
19 2 7
23 24 12
23 25 16
21 22 27
21 26 17
22 31 15
24 28 32
23 29 32
26 29 30
27 28 31
28 33 18
25 29 33
26 27 33
30 31 32
197
{[23, 21, 20, 18, 17]}
{[6, 3, 2, 1, 0]}
34
3 12 14
19 9 6
9 4 20
0 5 7
2 10 5
19 3 4
8 1 7
20 3 6
16 12 6
1 2 11
4 13 14
16 9 13
0 8 21
10 11 15
0 10 17
13 18 25
8 11 23
18 14 22
17 15 26
1 5 20
19 2 7
22 24 12
21 27 17
24 25 16
21 23 31
23 30 15
28 32 18
22 29 32
26 29 30
27 28 31
25 28 33
24 29 33
26 27 33
30 31 32
198
{[23, 21, 20, 18, 17]}
{[9, 7, 3, 2, 0]}
34
3 12 14
19 9 6
9 4 20
0 5 7
2 10 5
19 3 4
8 1 7
20 3 6
16 12 6
1 2 11
4 13 14
16 9 13
0 8 30
10 11 15
0 10 17
13 18 25
8 11 24
18 14 22
17 15 21
1 5 20
19 2 7
23 24 18
23 25 17
21 22 27
21 26 16
22 31 15
24 28 32
23 29 32
26 29 30
27 28 31
28 33 12
25 29 33
26 27 33
30 31 32
199
{[23, 21, 20, 18, 17]}
{[5, 4, 2, 1, 0]}
34
3 12 14
19 9 6
9 4 20
0 5 7
2 10 5
19 3 4
8 1 7
20 3 6
16 12 6
1 2 11
4 13 14
16 9 13
0 8 27
10 11 15
0 10 17
13 18 22
8 11 24
18 14 21
17 15 23
1 5 20
19 2 7
22 25 17
21 26 15
24 25 18
23 31 16
21 23 30
22 28 32
29 32 12
26 29 30
27 28 31
25 28 33
24 29 33
26 27 33
30 31 32
200
{[23, 21, 20, 18, 17]}
{[8, 7, 4, 2, 0]}
34
3 12 14
19 9 6
9 4 20
0 5 7
2 10 5
19 3 4
8 1 7
20 3 6
16 12 6
1 2 11
4 13 14
16 9 13
0 8 22
10 11 15
0 10 17
13 18 23
8 11 21
18 14 25
17 15 31
1 5 20
19 2 7
23 24 16
24 25 12
21 27 15
21 22 26
22 30 17
24 28 32
23 29 32
26 29 30
27 28 31
25 28 33
29 33 18
26 27 33
30 31 32
201
{[23, 21, 20, 18, 17]}
{[16, 13, 12, 11, 10]}
34
3 12 14
19 9 6
9 4 20
0 5 7
2 10 5
19 3 4
8 1 7
20 3 6
16 12 6
1 2 11
4 13 14
16 9 13
0 8 31
10 11 15
0 10 17
13 18 32
8 11 27
18 14 33
17 15 26
1 5 20
19 2 7
23 24 25
23 26 27
21 22 28
21 27 30
21 26 29
22 25 18
22 24 16
23 29 30
25 28 32
24 28 31
30 33 12
29 33 15
31 32 17
202
{[23, 21, 20, 18, 17]}
{[17, 16, 14, 12, 10]}
34
3 12 14
19 9 6
9 4 20
0 5 7
2 10 5
19 3 4
8 1 7
20 3 6
16 12 6
1 2 11
4 13 14
16 9 13
0 8 33
10 11 15
0 10 17
13 18 31
8 11 30
18 14 32
17 15 27
1 5 20
19 2 7
23 24 25
23 26 27
21 22 28
21 27 30
21 26 29
22 25 31
22 24 18
23 29 30
25 28 33
24 28 16
26 32 15
31 33 17
29 32 12
203
{[23, 21, 20, 18, 17]}
{[16, 13, 12, 11, 10]}
34
3 12 14
19 9 6
9 4 20
0 5 7
2 10 5
19 3 4
8 1 7
20 3 6
16 12 6
1 2 11
4 13 14
16 9 13
0 8 26
10 11 15
0 10 17
13 18 32
8 11 33
18 14 27
17 15 31
1 5 20
19 2 7
23 24 25
23 26 27
21 22 28
21 27 30
21 26 29
22 25 12
22 24 17
23 29 30
25 28 32
24 28 31
30 33 18
29 33 15
31 32 16
204
{[23, 21, 20, 18, 17]}
{[17, 16, 14, 12, 10]}
34
3 12 14
19 9 6
9 4 20
0 5 7
2 10 5
19 3 4
8 1 7
20 3 6
16 12 6
1 2 11
4 13 14
16 9 13
0 8 27
10 11 15
0 10 17
13 18 31
8 11 32
18 14 30
17 15 33
1 5 20
19 2 7
23 24 25
23 26 27
21 22 28
21 27 30
21 26 29
22 25 31
22 24 12
23 29 30
25 28 33
24 28 17
26 32 15
31 33 16
29 32 18
205
{[23, 21, 20, 18, 17]}
{[17, 16, 15, 13, 11]}
34
3 12 14
19 9 6
9 4 20
0 5 7
2 10 5
19 3 4
8 1 7
20 3 6
16 12 6
1 2 11
4 13 14
16 9 13
0 8 29
10 11 15
0 10 17
13 18 33
8 11 32
18 14 26
17 15 31
1 5 20
19 2 7
23 24 25
23 26 27
21 22 28
21 27 30
21 26 29
22 25 17
22 24 31
23 29 30
25 28 12
24 28 33
27 32 18
31 33 16
30 32 15
206
{[23, 21, 20, 18, 17]}
{[17, 16, 15, 13, 11]}
34
3 12 14
19 9 6
9 4 20
0 5 7
2 10 5
19 3 4
8 1 7
20 3 6
16 12 6
1 2 11
4 13 14
16 9 13
0 8 31
10 11 15
0 10 17
13 18 33
8 11 26
18 14 32
17 15 29
1 5 20
19 2 7
23 24 25
23 26 27
21 22 28
21 27 30
21 26 29
22 25 16
22 24 31
23 29 30
25 28 18
24 28 33
27 32 12
31 33 17
30 32 15
207
{[23, 21, 20, 18, 17]}
{[17, 15, 14, 13, 12]}
34
3 12 14
19 9 6
9 4 20
0 5 7
2 10 5
19 3 4
8 1 7
20 3 6
16 12 6
1 2 11
4 13 14
16 9 13
0 8 30
10 11 15
0 10 17
13 18 31
8 11 33
18 14 29
17 15 32
1 5 20
19 2 7
23 24 25
23 26 27
21 22 28
21 27 30
21 26 29
22 25 32
22 24 31
23 29 30
25 28 17
24 28 12
27 33 15
26 33 18
31 32 16
208
{[23, 21, 20, 18, 17]}
{[17, 15, 14, 13, 12]}
34
3 12 14
19 9 6
9 4 20
0 5 7
2 10 5
19 3 4
8 1 7
20 3 6
16 12 6
1 2 11
4 13 14
16 9 13
0 8 32
10 11 15
0 10 17
13 18 31
8 11 29
18 14 33
17 15 30
1 5 20
19 2 7
23 24 25
23 26 27
21 22 28
21 27 30
21 26 29
22 25 32
22 24 31
23 29 30
25 28 16
24 28 18
27 33 15
26 33 12
31 32 17
209
{[23, 21, 20, 18, 17]}
{[5, 4, 2, 1, 0]}
34
3 12 14
19 9 6
9 4 20
0 5 7
2 10 5
19 3 4
8 1 7
20 3 6
16 12 6
1 2 11
4 13 14
16 9 13
0 8 27
10 11 15
0 10 17
13 18 22
8 11 24
18 14 21
17 15 23
1 5 20
19 2 7
22 25 17
21 26 15
24 25 18
23 31 16
21 23 30
22 28 32
29 32 12
26 29 30
27 28 31
25 28 33
24 29 33
26 27 33
30 31 32
210
{[23, 21, 20, 18, 17]}
{[6, 3, 2, 1, 0]}
34
3 12 14
19 9 6
9 4 20
0 5 7
2 10 5
19 3 4
8 1 7
20 3 6
16 12 6
1 2 11
4 13 14
16 9 13
0 8 21
10 11 15
0 10 17
13 18 25
8 11 23
18 14 22
17 15 26
1 5 20
19 2 7
22 24 12
21 27 17
24 25 16
21 23 31
23 30 15
28 32 18
22 29 32
26 29 30
27 28 31
25 28 33
24 29 33
26 27 33
30 31 32
211
{[23, 21, 20, 18, 17]}
{[8, 7, 4, 2, 0]}
34
3 12 14
19 9 6
9 4 20
0 5 7
2 10 5
19 3 4
8 1 7
20 3 6
16 12 6
1 2 11
4 13 14
16 9 13
0 8 22
10 11 15
0 10 17
13 18 23
8 11 21
18 14 25
17 15 31
1 5 20
19 2 7
23 24 16
24 25 12
21 27 15
21 22 26
22 30 17
24 28 32
23 29 32
26 29 30
27 28 31
25 28 33
29 33 18
26 27 33
30 31 32
212
{[23, 21, 20, 18, 17]}
{[9, 7, 3, 2, 0]}
34
3 12 14
19 9 6
9 4 20
0 5 7
2 10 5
19 3 4
8 1 7
20 3 6
16 12 6
1 2 11
4 13 14
16 9 13
0 8 30
10 11 15
0 10 17
13 18 25
8 11 24
18 14 22
17 15 21
1 5 20
19 2 7
23 24 18
23 25 17
21 22 27
21 26 16
22 31 15
24 28 32
23 29 32
26 29 30
27 28 31
28 33 12
25 29 33
26 27 33
30 31 32
213
{[23, 21, 20, 18, 17]}
{[6, 3, 2, 1, 0]}
34
3 12 14
19 9 6
9 4 20
0 5 7
2 10 5
19 3 4
8 1 7
20 3 6
16 12 6
1 2 11
4 13 14
16 9 13
0 8 26
10 11 15
0 10 17
13 18 25
8 11 22
18 14 23
17 15 21
1 5 20
19 2 7
22 24 18
21 27 16
24 25 17
21 23 31
23 30 15
28 32 12
22 29 32
26 29 30
27 28 31
25 28 33
24 29 33
26 27 33
30 31 32
214
{[23, 21, 20, 18, 17]}
{[9, 7, 3, 2, 0]}
34
3 12 14
19 9 6
9 4 20
0 5 7
2 10 5
19 3 4
8 1 7
20 3 6
16 12 6
1 2 11
4 13 14
16 9 13
0 8 21
10 11 15
0 10 17
13 18 25
8 11 22
18 14 24
17 15 30
1 5 20
19 2 7
23 24 12
23 25 16
21 22 27
21 26 17
22 31 15
24 28 32
23 29 32
26 29 30
27 28 31
28 33 18
25 29 33
26 27 33
30 31 32
215
{[23, 21, 20, 18, 17]}
{[5, 4, 2, 1, 0]}
34
3 12 14
19 9 6
9 4 20
0 5 7
2 10 5
19 3 4
8 1 7
20 3 6
16 12 6
1 2 11
4 13 14
16 9 13
0 8 23
10 11 15
0 10 17
13 18 22
8 11 21
18 14 24
17 15 27
1 5 20
19 2 7
22 25 16
21 26 15
24 25 12
23 31 17
21 23 30
22 28 32
29 32 18
26 29 30
27 28 31
25 28 33
24 29 33
26 27 33
30 31 32
216
{[23, 21, 20, 18, 17]}
{[8, 7, 4, 2, 0]}
34
3 12 14
19 9 6
9 4 20
0 5 7
2 10 5
19 3 4
8 1 7
20 3 6
16 12 6
1 2 11
4 13 14
16 9 13
0 8 31
10 11 15
0 10 17
13 18 23
8 11 25
18 14 21
17 15 22
1 5 20
19 2 7
23 24 17
24 25 18
21 27 15
21 22 26
22 30 16
24 28 32
23 29 32
26 29 30
27 28 31
25 28 33
29 33 12
26 27 33
30 31 32
217
{[23, 21, 20, 18, 17]}
{[16, 13, 12, 11, 10]}
34
3 12 14
19 9 6
9 4 20
0 5 7
2 10 5
19 3 4
8 1 7
20 3 6
16 12 6
1 2 11
4 13 14
16 9 13
0 8 26
10 11 15
0 10 17
13 18 32
8 11 33
18 14 27
17 15 31
1 5 20
19 2 7
23 24 25
23 26 27
21 22 28
21 27 30
21 26 29
22 25 12
22 24 17
23 29 30
25 28 32
24 28 31
30 33 18
29 33 15
31 32 16
218
{[23, 21, 20, 18, 17]}
{[17, 16, 14, 12, 10]}
34
3 12 14
19 9 6
9 4 20
0 5 7
2 10 5
19 3 4
8 1 7
20 3 6
16 12 6
1 2 11
4 13 14
16 9 13
0 8 27
10 11 15
0 10 17
13 18 31
8 11 32
18 14 30
17 15 33
1 5 20
19 2 7
23 24 25
23 26 27
21 22 28
21 27 30
21 26 29
22 25 31
22 24 12
23 29 30
25 28 33
24 28 17
26 32 15
31 33 16
29 32 18
219
{[23, 21, 20, 18, 17]}
{[16, 13, 12, 11, 10]}
34
3 12 14
19 9 6
9 4 20
0 5 7
2 10 5
19 3 4
8 1 7
20 3 6
16 12 6
1 2 11
4 13 14
16 9 13
0 8 31
10 11 15
0 10 17
13 18 32
8 11 27
18 14 33
17 15 26
1 5 20
19 2 7
23 24 25
23 26 27
21 22 28
21 27 30
21 26 29
22 25 18
22 24 16
23 29 30
25 28 32
24 28 31
30 33 12
29 33 15
31 32 17
220
{[23, 21, 20, 18, 17]}
{[17, 16, 14, 12, 10]}
34
3 12 14
19 9 6
9 4 20
0 5 7
2 10 5
19 3 4
8 1 7
20 3 6
16 12 6
1 2 11
4 13 14
16 9 13
0 8 33
10 11 15
0 10 17
13 18 31
8 11 30
18 14 32
17 15 27
1 5 20
19 2 7
23 24 25
23 26 27
21 22 28
21 27 30
21 26 29
22 25 31
22 24 18
23 29 30
25 28 33
24 28 16
26 32 15
31 33 17
29 32 12
221
{[23, 21, 20, 18, 17]}
{[17, 16, 15, 13, 11]}
34
3 12 14
19 9 6
9 4 20
0 5 7
2 10 5
19 3 4
8 1 7
20 3 6
16 12 6
1 2 11
4 13 14
16 9 13
0 8 31
10 11 15
0 10 17
13 18 33
8 11 26
18 14 32
17 15 29
1 5 20
19 2 7
23 24 25
23 26 27
21 22 28
21 27 30
21 26 29
22 25 16
22 24 31
23 29 30
25 28 18
24 28 33
27 32 12
31 33 17
30 32 15
222
{[23, 21, 20, 18, 17]}
{[17, 16, 15, 13, 11]}
34
3 12 14
19 9 6
9 4 20
0 5 7
2 10 5
19 3 4
8 1 7
20 3 6
16 12 6
1 2 11
4 13 14
16 9 13
0 8 29
10 11 15
0 10 17
13 18 33
8 11 32
18 14 26
17 15 31
1 5 20
19 2 7
23 24 25
23 26 27
21 22 28
21 27 30
21 26 29
22 25 17
22 24 31
23 29 30
25 28 12
24 28 33
27 32 18
31 33 16
30 32 15
223
{[23, 21, 20, 18, 17]}
{[17, 15, 14, 13, 12]}
34
3 12 14
19 9 6
9 4 20
0 5 7
2 10 5
19 3 4
8 1 7
20 3 6
16 12 6
1 2 11
4 13 14
16 9 13
0 8 32
10 11 15
0 10 17
13 18 31
8 11 29
18 14 33
17 15 30
1 5 20
19 2 7
23 24 25
23 26 27
21 22 28
21 27 30
21 26 29
22 25 32
22 24 31
23 29 30
25 28 16
24 28 18
27 33 15
26 33 12
31 32 17
224
{[23, 21, 20, 18, 17]}
{[17, 15, 14, 13, 12]}
34
3 12 14
19 9 6
9 4 20
0 5 7
2 10 5
19 3 4
8 1 7
20 3 6
16 12 6
1 2 11
4 13 14
16 9 13
0 8 30
10 11 15
0 10 17
13 18 31
8 11 33
18 14 29
17 15 32
1 5 20
19 2 7
23 24 25
23 26 27
21 22 28
21 27 30
21 26 29
22 25 32
22 24 31
23 29 30
25 28 17
24 28 12
27 33 15
26 33 18
31 32 16
225
{[23, 22, 21, 19, 18]}
{[5, 4, 2, 1, 0]}
34
3 12 14
19 9 6
9 4 20
0 5 7
2 10 5
19 3 4
8 1 7
20 3 6
16 12 6
1 2 11
4 13 14
16 9 13
0 8 24
10 11 15
0 10 27
18 13 21
8 17 11
16 18 22
17 15 23
1 5 20
19 2 7
22 25 15
21 26 17
24 25 18
23 31 12
21 23 30
22 28 32
29 32 14
26 29 30
27 28 31
25 28 33
24 29 33
26 27 33
30 31 32
226
{[23, 22, 21, 19, 18]}
{[6, 3, 2, 1, 0]}
34
3 12 14
19 9 6
9 4 20
0 5 7
2 10 5
19 3 4
8 1 7
20 3 6
16 12 6
1 2 11
4 13 14
16 9 13
0 8 23
10 11 15
0 10 21
18 13 22
8 17 11
16 18 25
17 15 26
1 5 20
19 2 7
22 24 14
21 27 15
24 25 12
21 23 31
23 30 17
28 32 18
22 29 32
26 29 30
27 28 31
25 28 33
24 29 33
26 27 33
30 31 32
227
{[23, 22, 21, 19, 18]}
{[8, 7, 4, 2, 0]}
34
3 12 14
19 9 6
9 4 20
0 5 7
2 10 5
19 3 4
8 1 7
20 3 6
16 12 6
1 2 11
4 13 14
16 9 13
0 8 21
10 11 15
0 10 22
18 13 25
8 17 11
16 18 23
17 15 31
1 5 20
19 2 7
23 24 12
24 25 14
21 27 17
21 22 26
22 30 15
24 28 32
23 29 32
26 29 30
27 28 31
25 28 33
29 33 18
26 27 33
30 31 32
228
{[23, 22, 21, 19, 18]}
{[9, 7, 3, 2, 0]}
34
3 12 14
19 9 6
9 4 20
0 5 7
2 10 5
19 3 4
8 1 7
20 3 6
16 12 6
1 2 11
4 13 14
16 9 13
0 8 24
10 11 15
0 10 30
18 13 22
8 17 11
16 18 25
17 15 21
1 5 20
19 2 7
23 24 18
23 25 15
21 22 27
21 26 12
22 31 17
24 28 32
23 29 32
26 29 30
27 28 31
28 33 14
25 29 33
26 27 33
30 31 32
229
{[23, 22, 21, 19, 18]}
{[6, 3, 2, 1, 0]}
34
3 12 14
19 9 6
9 4 20
0 5 7
2 10 5
19 3 4
8 1 7
20 3 6
16 12 6
1 2 11
4 13 14
16 9 13
0 8 22
10 11 15
0 10 26
18 13 23
8 17 11
16 18 25
17 15 21
1 5 20
19 2 7
22 24 18
21 27 12
24 25 15
21 23 31
23 30 17
28 32 14
22 29 32
26 29 30
27 28 31
25 28 33
24 29 33
26 27 33
30 31 32
230
{[23, 22, 21, 19, 18]}
{[9, 7, 3, 2, 0]}
34
3 12 14
19 9 6
9 4 20
0 5 7
2 10 5
19 3 4
8 1 7
20 3 6
16 12 6
1 2 11
4 13 14
16 9 13
0 8 22
10 11 15
0 10 21
18 13 24
8 17 11
16 18 25
17 15 30
1 5 20
19 2 7
23 24 14
23 25 12
21 22 27
21 26 15
22 31 17
24 28 32
23 29 32
26 29 30
27 28 31
28 33 18
25 29 33
26 27 33
30 31 32
231
{[23, 22, 21, 19, 18]}
{[5, 4, 2, 1, 0]}
34
3 12 14
19 9 6
9 4 20
0 5 7
2 10 5
19 3 4
8 1 7
20 3 6
16 12 6
1 2 11
4 13 14
16 9 13
0 8 21
10 11 15
0 10 23
18 13 24
8 17 11
16 18 22
17 15 27
1 5 20
19 2 7
22 25 12
21 26 17
24 25 14
23 31 15
21 23 30
22 28 32
29 32 18
26 29 30
27 28 31
25 28 33
24 29 33
26 27 33
30 31 32
232
{[23, 22, 21, 19, 18]}
{[8, 7, 4, 2, 0]}
34
3 12 14
19 9 6
9 4 20
0 5 7
2 10 5
19 3 4
8 1 7
20 3 6
16 12 6
1 2 11
4 13 14
16 9 13
0 8 25
10 11 15
0 10 31
18 13 21
8 17 11
16 18 23
17 15 22
1 5 20
19 2 7
23 24 15
24 25 18
21 27 17
21 22 26
22 30 12
24 28 32
23 29 32
26 29 30
27 28 31
25 28 33
29 33 14
26 27 33
30 31 32
233
{[23, 22, 21, 19, 18]}
{[16, 13, 12, 11, 10]}
34
3 12 14
19 9 6
9 4 20
0 5 7
2 10 5
19 3 4
8 1 7
20 3 6
16 12 6
1 2 11
4 13 14
16 9 13
0 8 33
10 11 15
0 10 26
18 13 27
8 17 11
16 18 32
17 15 31
1 5 20
19 2 7
23 24 25
23 26 27
21 22 28
21 27 30
21 26 29
22 25 14
22 24 15
23 29 30
25 28 32
24 28 31
30 33 18
29 33 17
31 32 12
234
{[23, 22, 21, 19, 18]}
{[17, 16, 14, 12, 10]}
34
3 12 14
19 9 6
9 4 20
0 5 7
2 10 5
19 3 4
8 1 7
20 3 6
16 12 6
1 2 11
4 13 14
16 9 13
0 8 32
10 11 15
0 10 27
18 13 30
8 17 11
16 18 31
17 15 33
1 5 20
19 2 7
23 24 25
23 26 27
21 22 28
21 27 30
21 26 29
22 25 31
22 24 14
23 29 30
25 28 33
24 28 15
26 32 17
31 33 12
29 32 18
235
{[23, 22, 21, 19, 18]}
{[16, 13, 12, 11, 10]}
34
3 12 14
19 9 6
9 4 20
0 5 7
2 10 5
19 3 4
8 1 7
20 3 6
16 12 6
1 2 11
4 13 14
16 9 13
0 8 27
10 11 15
0 10 31
18 13 33
8 17 11
16 18 32
17 15 26
1 5 20
19 2 7
23 24 25
23 26 27
21 22 28
21 27 30
21 26 29
22 25 18
22 24 12
23 29 30
25 28 32
24 28 31
30 33 14
29 33 17
31 32 15
236
{[23, 22, 21, 19, 18]}
{[17, 16, 14, 12, 10]}
34
3 12 14
19 9 6
9 4 20
0 5 7
2 10 5
19 3 4
8 1 7
20 3 6
16 12 6
1 2 11
4 13 14
16 9 13
0 8 30
10 11 15
0 10 33
18 13 32
8 17 11
16 18 31
17 15 27
1 5 20
19 2 7
23 24 25
23 26 27
21 22 28
21 27 30
21 26 29
22 25 31
22 24 18
23 29 30
25 28 33
24 28 12
26 32 17
31 33 15
29 32 14
237
{[23, 22, 21, 19, 18]}
{[17, 16, 15, 13, 11]}
34
3 12 14
19 9 6
9 4 20
0 5 7
2 10 5
19 3 4
8 1 7
20 3 6
16 12 6
1 2 11
4 13 14
16 9 13
0 8 26
10 11 15
0 10 31
18 13 32
8 17 11
16 18 33
17 15 29
1 5 20
19 2 7
23 24 25
23 26 27
21 22 28
21 27 30
21 26 29
22 25 12
22 24 31
23 29 30
25 28 18
24 28 33
27 32 14
31 33 15
30 32 17
238
{[23, 22, 21, 19, 18]}
{[17, 16, 15, 13, 11]}
34
3 12 14
19 9 6
9 4 20
0 5 7
2 10 5
19 3 4
8 1 7
20 3 6
16 12 6
1 2 11
4 13 14
16 9 13
0 8 32
10 11 15
0 10 29
18 13 26
8 17 11
16 18 33
17 15 31
1 5 20
19 2 7
23 24 25
23 26 27
21 22 28
21 27 30
21 26 29
22 25 15
22 24 31
23 29 30
25 28 14
24 28 33
27 32 18
31 33 12
30 32 17
239
{[23, 22, 21, 19, 18]}
{[17, 15, 14, 13, 12]}
34
3 12 14
19 9 6
9 4 20
0 5 7
2 10 5
19 3 4
8 1 7
20 3 6
16 12 6
1 2 11
4 13 14
16 9 13
0 8 29
10 11 15
0 10 32
18 13 33
8 17 11
16 18 31
17 15 30
1 5 20
19 2 7
23 24 25
23 26 27
21 22 28
21 27 30
21 26 29
22 25 32
22 24 31
23 29 30
25 28 12
24 28 18
27 33 17
26 33 14
31 32 15
240
{[23, 22, 21, 19, 18]}
{[17, 15, 14, 13, 12]}
34
3 12 14
19 9 6
9 4 20
0 5 7
2 10 5
19 3 4
8 1 7
20 3 6
16 12 6
1 2 11
4 13 14
16 9 13
0 8 33
10 11 15
0 10 30
18 13 29
8 17 11
16 18 31
17 15 32
1 5 20
19 2 7
23 24 25
23 26 27
21 22 28
21 27 30
21 26 29
22 25 32
22 24 31
23 29 30
25 28 15
24 28 14
27 33 17
26 33 18
31 32 12
241
{[23, 22, 21, 19, 18]}
{[5, 4, 2, 1, 0]}
34
3 12 14
19 9 6
9 4 20
0 5 7
2 10 5
19 3 4
8 1 7
20 3 6
16 12 6
1 2 11
4 13 14
16 9 13
0 8 21
10 11 15
0 10 23
18 13 24
8 17 11
16 18 22
17 15 27
1 5 20
19 2 7
22 25 12
21 26 17
24 25 14
23 31 15
21 23 30
22 28 32
29 32 18
26 29 30
27 28 31
25 28 33
24 29 33
26 27 33
30 31 32
242
{[23, 22, 21, 19, 18]}
{[6, 3, 2, 1, 0]}
34
3 12 14
19 9 6
9 4 20
0 5 7
2 10 5
19 3 4
8 1 7
20 3 6
16 12 6
1 2 11
4 13 14
16 9 13
0 8 22
10 11 15
0 10 26
18 13 23
8 17 11
16 18 25
17 15 21
1 5 20
19 2 7
22 24 18
21 27 12
24 25 15
21 23 31
23 30 17
28 32 14
22 29 32
26 29 30
27 28 31
25 28 33
24 29 33
26 27 33
30 31 32
243
{[23, 22, 21, 19, 18]}
{[8, 7, 4, 2, 0]}
34
3 12 14
19 9 6
9 4 20
0 5 7
2 10 5
19 3 4
8 1 7
20 3 6
16 12 6
1 2 11
4 13 14
16 9 13
0 8 25
10 11 15
0 10 31
18 13 21
8 17 11
16 18 23
17 15 22
1 5 20
19 2 7
23 24 15
24 25 18
21 27 17
21 22 26
22 30 12
24 28 32
23 29 32
26 29 30
27 28 31
25 28 33
29 33 14
26 27 33
30 31 32
244
{[23, 22, 21, 19, 18]}
{[9, 7, 3, 2, 0]}
34
3 12 14
19 9 6
9 4 20
0 5 7
2 10 5
19 3 4
8 1 7
20 3 6
16 12 6
1 2 11
4 13 14
16 9 13
0 8 22
10 11 15
0 10 21
18 13 24
8 17 11
16 18 25
17 15 30
1 5 20
19 2 7
23 24 14
23 25 12
21 22 27
21 26 15
22 31 17
24 28 32
23 29 32
26 29 30
27 28 31
28 33 18
25 29 33
26 27 33
30 31 32
245
{[23, 22, 21, 19, 18]}
{[6, 3, 2, 1, 0]}
34
3 12 14
19 9 6
9 4 20
0 5 7
2 10 5
19 3 4
8 1 7
20 3 6
16 12 6
1 2 11
4 13 14
16 9 13
0 8 23
10 11 15
0 10 21
18 13 22
8 17 11
16 18 25
17 15 26
1 5 20
19 2 7
22 24 14
21 27 15
24 25 12
21 23 31
23 30 17
28 32 18
22 29 32
26 29 30
27 28 31
25 28 33
24 29 33
26 27 33
30 31 32
246
{[23, 22, 21, 19, 18]}
{[9, 7, 3, 2, 0]}
34
3 12 14
19 9 6
9 4 20
0 5 7
2 10 5
19 3 4
8 1 7
20 3 6
16 12 6
1 2 11
4 13 14
16 9 13
0 8 24
10 11 15
0 10 30
18 13 22
8 17 11
16 18 25
17 15 21
1 5 20
19 2 7
23 24 18
23 25 15
21 22 27
21 26 12
22 31 17
24 28 32
23 29 32
26 29 30
27 28 31
28 33 14
25 29 33
26 27 33
30 31 32
247
{[23, 22, 21, 19, 18]}
{[5, 4, 2, 1, 0]}
34
3 12 14
19 9 6
9 4 20
0 5 7
2 10 5
19 3 4
8 1 7
20 3 6
16 12 6
1 2 11
4 13 14
16 9 13
0 8 24
10 11 15
0 10 27
18 13 21
8 17 11
16 18 22
17 15 23
1 5 20
19 2 7
22 25 15
21 26 17
24 25 18
23 31 12
21 23 30
22 28 32
29 32 14
26 29 30
27 28 31
25 28 33
24 29 33
26 27 33
30 31 32
248
{[23, 22, 21, 19, 18]}
{[8, 7, 4, 2, 0]}
34
3 12 14
19 9 6
9 4 20
0 5 7
2 10 5
19 3 4
8 1 7
20 3 6
16 12 6
1 2 11
4 13 14
16 9 13
0 8 21
10 11 15
0 10 22
18 13 25
8 17 11
16 18 23
17 15 31
1 5 20
19 2 7
23 24 12
24 25 14
21 27 17
21 22 26
22 30 15
24 28 32
23 29 32
26 29 30
27 28 31
25 28 33
29 33 18
26 27 33
30 31 32
249
{[23, 22, 21, 19, 18]}
{[16, 13, 12, 11, 10]}
34
3 12 14
19 9 6
9 4 20
0 5 7
2 10 5
19 3 4
8 1 7
20 3 6
16 12 6
1 2 11
4 13 14
16 9 13
0 8 27
10 11 15
0 10 31
18 13 33
8 17 11
16 18 32
17 15 26
1 5 20
19 2 7
23 24 25
23 26 27
21 22 28
21 27 30
21 26 29
22 25 18
22 24 12
23 29 30
25 28 32
24 28 31
30 33 14
29 33 17
31 32 15
250
{[23, 22, 21, 19, 18]}
{[17, 16, 14, 12, 10]}
34
3 12 14
19 9 6
9 4 20
0 5 7
2 10 5
19 3 4
8 1 7
20 3 6
16 12 6
1 2 11
4 13 14
16 9 13
0 8 30
10 11 15
0 10 33
18 13 32
8 17 11
16 18 31
17 15 27
1 5 20
19 2 7
23 24 25
23 26 27
21 22 28
21 27 30
21 26 29
22 25 31
22 24 18
23 29 30
25 28 33
24 28 12
26 32 17
31 33 15
29 32 14
251
{[23, 22, 21, 19, 18]}
{[16, 13, 12, 11, 10]}
34
3 12 14
19 9 6
9 4 20
0 5 7
2 10 5
19 3 4
8 1 7
20 3 6
16 12 6
1 2 11
4 13 14
16 9 13
0 8 33
10 11 15
0 10 26
18 13 27
8 17 11
16 18 32
17 15 31
1 5 20
19 2 7
23 24 25
23 26 27
21 22 28
21 27 30
21 26 29
22 25 14
22 24 15
23 29 30
25 28 32
24 28 31
30 33 18
29 33 17
31 32 12
252
{[23, 22, 21, 19, 18]}
{[17, 16, 14, 12, 10]}
34
3 12 14
19 9 6
9 4 20
0 5 7
2 10 5
19 3 4
8 1 7
20 3 6
16 12 6
1 2 11
4 13 14
16 9 13
0 8 32
10 11 15
0 10 27
18 13 30
8 17 11
16 18 31
17 15 33
1 5 20
19 2 7
23 24 25
23 26 27
21 22 28
21 27 30
21 26 29
22 25 31
22 24 14
23 29 30
25 28 33
24 28 15
26 32 17
31 33 12
29 32 18
253
{[23, 22, 21, 19, 18]}
{[17, 16, 15, 13, 11]}
34
3 12 14
19 9 6
9 4 20
0 5 7
2 10 5
19 3 4
8 1 7
20 3 6
16 12 6
1 2 11
4 13 14
16 9 13
0 8 32
10 11 15
0 10 29
18 13 26
8 17 11
16 18 33
17 15 31
1 5 20
19 2 7
23 24 25
23 26 27
21 22 28
21 27 30
21 26 29
22 25 15
22 24 31
23 29 30
25 28 14
24 28 33
27 32 18
31 33 12
30 32 17
254
{[23, 22, 21, 19, 18]}
{[17, 16, 15, 13, 11]}
34
3 12 14
19 9 6
9 4 20
0 5 7
2 10 5
19 3 4
8 1 7
20 3 6
16 12 6
1 2 11
4 13 14
16 9 13
0 8 26
10 11 15
0 10 31
18 13 32
8 17 11
16 18 33
17 15 29
1 5 20
19 2 7
23 24 25
23 26 27
21 22 28
21 27 30
21 26 29
22 25 12
22 24 31
23 29 30
25 28 18
24 28 33
27 32 14
31 33 15
30 32 17
255
{[23, 22, 21, 19, 18]}
{[17, 15, 14, 13, 12]}
34
3 12 14
19 9 6
9 4 20
0 5 7
2 10 5
19 3 4
8 1 7
20 3 6
16 12 6
1 2 11
4 13 14
16 9 13
0 8 33
10 11 15
0 10 30
18 13 29
8 17 11
16 18 31
17 15 32
1 5 20
19 2 7
23 24 25
23 26 27
21 22 28
21 27 30
21 26 29
22 25 32
22 24 31
23 29 30
25 28 15
24 28 14
27 33 17
26 33 18
31 32 12
256
{[23, 22, 21, 19, 18]}
{[17, 15, 14, 13, 12]}
34
3 12 14
19 9 6
9 4 20
0 5 7
2 10 5
19 3 4
8 1 7
20 3 6
16 12 6
1 2 11
4 13 14
16 9 13
0 8 29
10 11 15
0 10 32
18 13 33
8 17 11
16 18 31
17 15 30
1 5 20
19 2 7
23 24 25
23 26 27
21 22 28
21 27 30
21 26 29
22 25 32
22 24 31
23 29 30
25 28 12
24 28 18
27 33 17
26 33 14
31 32 15
