288
1
{[25, 24, 9, 8, 0]}
{[5, 4, 2, 1, 0]}
34
13 4 10
8 17 6
14 4 21
15 11 27
0 2 19
13 7 12
14 1 12
8 9 5
1 7 24
7 10 23
0 9 22
3 18 19
16 5 6
0 5 14
13 2 6
16 3 20
15 18 12
1 18 20
16 17 11
4 11 20
15 17 19
22 25 2
21 26 10
24 25 9
23 31 8
21 23 30
22 28 32
29 32 3
26 29 30
27 28 31
25 28 33
24 29 33
26 27 33
30 31 32
2
{[25, 24, 9, 8, 0]}
{[6, 3, 2, 1, 0]}
34
13 4 10
8 17 6
14 4 22
15 11 21
0 2 19
13 7 12
14 1 12
8 9 5
1 7 23
7 10 26
0 9 25
3 18 19
16 5 6
0 5 14
13 2 6
16 3 20
15 18 12
1 18 20
16 17 11
4 11 20
15 17 19
22 24 3
21 27 2
24 25 8
21 23 31
23 30 10
28 32 9
22 29 32
26 29 30
27 28 31
25 28 33
24 29 33
26 27 33
30 31 32
3
{[25, 24, 9, 8, 0]}
{[8, 7, 4, 2, 0]}
34
13 4 10
8 17 6
14 4 25
15 11 22
0 2 19
13 7 12
14 1 12
8 9 5
1 7 21
7 10 31
0 9 23
3 18 19
16 5 6
0 5 14
13 2 6
16 3 20
15 18 12
1 18 20
16 17 11
4 11 20
15 17 19
23 24 8
24 25 3
21 27 10
21 22 26
22 30 2
24 28 32
23 29 32
26 29 30
27 28 31
25 28 33
29 33 9
26 27 33
30 31 32
4
{[25, 24, 9, 8, 0]}
{[9, 7, 3, 2, 0]}
34
13 4 10
8 17 6
14 4 22
15 11 30
0 2 19
13 7 12
14 1 12
8 9 5
1 7 24
7 10 21
0 9 25
3 18 19
16 5 6
0 5 14
13 2 6
16 3 20
15 18 12
1 18 20
16 17 11
4 11 20
15 17 19
23 24 9
23 25 2
21 22 27
21 26 8
22 31 10
24 28 32
23 29 32
26 29 30
27 28 31
28 33 3
25 29 33
26 27 33
30 31 32
5
{[25, 24, 9, 8, 0]}
{[6, 3, 2, 1, 0]}
34
13 4 10
8 17 6
14 4 23
15 11 26
0 2 19
13 7 12
14 1 12
8 9 5
1 7 22
7 10 21
0 9 25
3 18 19
16 5 6
0 5 14
13 2 6
16 3 20
15 18 12
1 18 20
16 17 11
4 11 20
15 17 19
22 24 9
21 27 8
24 25 2
21 23 31
23 30 10
28 32 3
22 29 32
26 29 30
27 28 31
25 28 33
24 29 33
26 27 33
30 31 32
6
{[25, 24, 9, 8, 0]}
{[9, 7, 3, 2, 0]}
34
13 4 10
8 17 6
14 4 24
15 11 21
0 2 19
13 7 12
14 1 12
8 9 5
1 7 22
7 10 30
0 9 25
3 18 19
16 5 6
0 5 14
13 2 6
16 3 20
15 18 12
1 18 20
16 17 11
4 11 20
15 17 19
23 24 3
23 25 8
21 22 27
21 26 2
22 31 10
24 28 32
23 29 32
26 29 30
27 28 31
28 33 9
25 29 33
26 27 33
30 31 32
7
{[25, 24, 9, 8, 0]}
{[5, 4, 2, 1, 0]}
34
13 4 10
8 17 6
14 4 24
15 11 23
0 2 19
13 7 12
14 1 12
8 9 5
1 7 21
7 10 27
0 9 22
3 18 19
16 5 6
0 5 14
13 2 6
16 3 20
15 18 12
1 18 20
16 17 11
4 11 20
15 17 19
22 25 8
21 26 10
24 25 3
23 31 2
21 23 30
22 28 32
29 32 9
26 29 30
27 28 31
25 28 33
24 29 33
26 27 33
30 31 32
8
{[25, 24, 9, 8, 0]}
{[8, 7, 4, 2, 0]}
34
13 4 10
8 17 6
14 4 21
15 11 31
0 2 19
13 7 12
14 1 12
8 9 5
1 7 25
7 10 22
0 9 23
3 18 19
16 5 6
0 5 14
13 2 6
16 3 20
15 18 12
1 18 20
16 17 11
4 11 20
15 17 19
23 24 2
24 25 9
21 27 10
21 22 26
22 30 8
24 28 32
23 29 32
26 29 30
27 28 31
25 28 33
29 33 3
26 27 33
30 31 32
9
{[25, 24, 9, 8, 0]}
{[16, 13, 12, 11, 10]}
34
13 4 10
8 17 6
14 4 27
15 11 26
0 2 19
13 7 12
14 1 12
8 9 5
1 7 33
7 10 31
0 9 32
3 18 19
16 5 6
0 5 14
13 2 6
16 3 20
15 18 12
1 18 20
16 17 11
4 11 20
15 17 19
23 24 25
23 26 27
21 22 28
21 27 30
21 26 29
22 25 3
22 24 2
23 29 30
25 28 32
24 28 31
30 33 9
29 33 10
31 32 8
10
{[25, 24, 9, 8, 0]}
{[17, 16, 14, 12, 10]}
34
13 4 10
8 17 6
14 4 30
15 11 27
0 2 19
13 7 12
14 1 12
8 9 5
1 7 32
7 10 33
0 9 31
3 18 19
16 5 6
0 5 14
13 2 6
16 3 20
15 18 12
1 18 20
16 17 11
4 11 20
15 17 19
23 24 25
23 26 27
21 22 28
21 27 30
21 26 29
22 25 31
22 24 3
23 29 30
25 28 33
24 28 2
26 32 10
31 33 8
29 32 9
11
{[25, 24, 9, 8, 0]}
{[16, 13, 12, 11, 10]}
34
13 4 10
8 17 6
14 4 33
15 11 31
0 2 19
13 7 12
14 1 12
8 9 5
1 7 27
7 10 26
0 9 32
3 18 19
16 5 6
0 5 14
13 2 6
16 3 20
15 18 12
1 18 20
16 17 11
4 11 20
15 17 19
23 24 25
23 26 27
21 22 28
21 27 30
21 26 29
22 25 9
22 24 8
23 29 30
25 28 32
24 28 31
30 33 3
29 33 10
31 32 2
12
{[25, 24, 9, 8, 0]}
{[17, 16, 14, 12, 10]}
34
13 4 10
8 17 6
14 4 32
15 11 33
0 2 19
13 7 12
14 1 12
8 9 5
1 7 30
7 10 27
0 9 31
3 18 19
16 5 6
0 5 14
13 2 6
16 3 20
15 18 12
1 18 20
16 17 11
4 11 20
15 17 19
23 24 25
23 26 27
21 22 28
21 27 30
21 26 29
22 25 31
22 24 9
23 29 30
25 28 33
24 28 8
26 32 10
31 33 2
29 32 3
13
{[25, 24, 9, 8, 0]}
{[17, 16, 15, 13, 11]}
34
13 4 10
8 17 6
14 4 32
15 11 31
0 2 19
13 7 12
14 1 12
8 9 5
1 7 26
7 10 29
0 9 33
3 18 19
16 5 6
0 5 14
13 2 6
16 3 20
15 18 12
1 18 20
16 17 11
4 11 20
15 17 19
23 24 25
23 26 27
21 22 28
21 27 30
21 26 29
22 25 8
22 24 31
23 29 30
25 28 9
24 28 33
27 32 3
31 33 2
30 32 10
14
{[25, 24, 9, 8, 0]}
{[17, 16, 15, 13, 11]}
34
13 4 10
8 17 6
14 4 26
15 11 29
0 2 19
13 7 12
14 1 12
8 9 5
1 7 32
7 10 31
0 9 33
3 18 19
16 5 6
0 5 14
13 2 6
16 3 20
15 18 12
1 18 20
16 17 11
4 11 20
15 17 19
23 24 25
23 26 27
21 22 28
21 27 30
21 26 29
22 25 2
22 24 31
23 29 30
25 28 3
24 28 33
27 32 9
31 33 8
30 32 10
15
{[25, 24, 9, 8, 0]}
{[17, 15, 14, 13, 12]}
34
13 4 10
8 17 6
14 4 33
15 11 32
0 2 19
13 7 12
14 1 12
8 9 5
1 7 29
7 10 30
0 9 31
3 18 19
16 5 6
0 5 14
13 2 6
16 3 20
15 18 12
1 18 20
16 17 11
4 11 20
15 17 19
23 24 25
23 26 27
21 22 28
21 27 30
21 26 29
22 25 32
22 24 31
23 29 30
25 28 8
24 28 9
27 33 10
26 33 3
31 32 2
16
{[25, 24, 9, 8, 0]}
{[17, 15, 14, 13, 12]}
34
13 4 10
8 17 6
14 4 29
15 11 30
0 2 19
13 7 12
14 1 12
8 9 5
1 7 33
7 10 32
0 9 31
3 18 19
16 5 6
0 5 14
13 2 6
16 3 20
15 18 12
1 18 20
16 17 11
4 11 20
15 17 19
23 24 25
23 26 27
21 22 28
21 27 30
21 26 29
22 25 32
22 24 31
23 29 30
25 28 2
24 28 3
27 33 10
26 33 9
31 32 8
17
{[25, 24, 9, 8, 0]}
{[5, 4, 2, 1, 0]}
34
13 4 10
8 17 6
14 4 24
15 11 23
0 2 19
13 7 12
14 1 12
8 9 5
1 7 21
7 10 27
0 9 22
3 18 19
16 5 6
0 5 14
13 2 6
16 3 20
15 18 12
1 18 20
16 17 11
4 11 20
15 17 19
22 25 8
21 26 10
24 25 3
23 31 2
21 23 30
22 28 32
29 32 9
26 29 30
27 28 31
25 28 33
24 29 33
26 27 33
30 31 32
18
{[25, 24, 9, 8, 0]}
{[6, 3, 2, 1, 0]}
34
13 4 10
8 17 6
14 4 23
15 11 26
0 2 19
13 7 12
14 1 12
8 9 5
1 7 22
7 10 21
0 9 25
3 18 19
16 5 6
0 5 14
13 2 6
16 3 20
15 18 12
1 18 20
16 17 11
4 11 20
15 17 19
22 24 9
21 27 8
24 25 2
21 23 31
23 30 10
28 32 3
22 29 32
26 29 30
27 28 31
25 28 33
24 29 33
26 27 33
30 31 32
19
{[25, 24, 9, 8, 0]}
{[8, 7, 4, 2, 0]}
34
13 4 10
8 17 6
14 4 21
15 11 31
0 2 19
13 7 12
14 1 12
8 9 5
1 7 25
7 10 22
0 9 23
3 18 19
16 5 6
0 5 14
13 2 6
16 3 20
15 18 12
1 18 20
16 17 11
4 11 20
15 17 19
23 24 2
24 25 9
21 27 10
21 22 26
22 30 8
24 28 32
23 29 32
26 29 30
27 28 31
25 28 33
29 33 3
26 27 33
30 31 32
20
{[25, 24, 9, 8, 0]}
{[9, 7, 3, 2, 0]}
34
13 4 10
8 17 6
14 4 24
15 11 21
0 2 19
13 7 12
14 1 12
8 9 5
1 7 22
7 10 30
0 9 25
3 18 19
16 5 6
0 5 14
13 2 6
16 3 20
15 18 12
1 18 20
16 17 11
4 11 20
15 17 19
23 24 3
23 25 8
21 22 27
21 26 2
22 31 10
24 28 32
23 29 32
26 29 30
27 28 31
28 33 9
25 29 33
26 27 33
30 31 32
21
{[25, 24, 9, 8, 0]}
{[6, 3, 2, 1, 0]}
34
13 4 10
8 17 6
14 4 22
15 11 21
0 2 19
13 7 12
14 1 12
8 9 5
1 7 23
7 10 26
0 9 25
3 18 19
16 5 6
0 5 14
13 2 6
16 3 20
15 18 12
1 18 20
16 17 11
4 11 20
15 17 19
22 24 3
21 27 2
24 25 8
21 23 31
23 30 10
28 32 9
22 29 32
26 29 30
27 28 31
25 28 33
24 29 33
26 27 33
30 31 32
22
{[25, 24, 9, 8, 0]}
{[9, 7, 3, 2, 0]}
34
13 4 10
8 17 6
14 4 22
15 11 30
0 2 19
13 7 12
14 1 12
8 9 5
1 7 24
7 10 21
0 9 25
3 18 19
16 5 6
0 5 14
13 2 6
16 3 20
15 18 12
1 18 20
16 17 11
4 11 20
15 17 19
23 24 9
23 25 2
21 22 27
21 26 8
22 31 10
24 28 32
23 29 32
26 29 30
27 28 31
28 33 3
25 29 33
26 27 33
30 31 32
23
{[25, 24, 9, 8, 0]}
{[5, 4, 2, 1, 0]}
34
13 4 10
8 17 6
14 4 21
15 11 27
0 2 19
13 7 12
14 1 12
8 9 5
1 7 24
7 10 23
0 9 22
3 18 19
16 5 6
0 5 14
13 2 6
16 3 20
15 18 12
1 18 20
16 17 11
4 11 20
15 17 19
22 25 2
21 26 10
24 25 9
23 31 8
21 23 30
22 28 32
29 32 3
26 29 30
27 28 31
25 28 33
24 29 33
26 27 33
30 31 32
24
{[25, 24, 9, 8, 0]}
{[8, 7, 4, 2, 0]}
34
13 4 10
8 17 6
14 4 25
15 11 22
0 2 19
13 7 12
14 1 12
8 9 5
1 7 21
7 10 31
0 9 23
3 18 19
16 5 6
0 5 14
13 2 6
16 3 20
15 18 12
1 18 20
16 17 11
4 11 20
15 17 19
23 24 8
24 25 3
21 27 10
21 22 26
22 30 2
24 28 32
23 29 32
26 29 30
27 28 31
25 28 33
29 33 9
26 27 33
30 31 32
25
{[25, 24, 9, 8, 0]}
{[16, 13, 12, 11, 10]}
34
13 4 10
8 17 6
14 4 33
15 11 31
0 2 19
13 7 12
14 1 12
8 9 5
1 7 27
7 10 26
0 9 32
3 18 19
16 5 6
0 5 14
13 2 6
16 3 20
15 18 12
1 18 20
16 17 11
4 11 20
15 17 19
23 24 25
23 26 27
21 22 28
21 27 30
21 26 29
22 25 9
22 24 8
23 29 30
25 28 32
24 28 31
30 33 3
29 33 10
31 32 2
26
{[25, 24, 9, 8, 0]}
{[17, 16, 14, 12, 10]}
34
13 4 10
8 17 6
14 4 32
15 11 33
0 2 19
13 7 12
14 1 12
8 9 5
1 7 30
7 10 27
0 9 31
3 18 19
16 5 6
0 5 14
13 2 6
16 3 20
15 18 12
1 18 20
16 17 11
4 11 20
15 17 19
23 24 25
23 26 27
21 22 28
21 27 30
21 26 29
22 25 31
22 24 9
23 29 30
25 28 33
24 28 8
26 32 10
31 33 2
29 32 3
27
{[25, 24, 9, 8, 0]}
{[16, 13, 12, 11, 10]}
34
13 4 10
8 17 6
14 4 27
15 11 26
0 2 19
13 7 12
14 1 12
8 9 5
1 7 33
7 10 31
0 9 32
3 18 19
16 5 6
0 5 14
13 2 6
16 3 20
15 18 12
1 18 20
16 17 11
4 11 20
15 17 19
23 24 25
23 26 27
21 22 28
21 27 30
21 26 29
22 25 3
22 24 2
23 29 30
25 28 32
24 28 31
30 33 9
29 33 10
31 32 8
28
{[25, 24, 9, 8, 0]}
{[17, 16, 14, 12, 10]}
34
13 4 10
8 17 6
14 4 30
15 11 27
0 2 19
13 7 12
14 1 12
8 9 5
1 7 32
7 10 33
0 9 31
3 18 19
16 5 6
0 5 14
13 2 6
16 3 20
15 18 12
1 18 20
16 17 11
4 11 20
15 17 19
23 24 25
23 26 27
21 22 28
21 27 30
21 26 29
22 25 31
22 24 3
23 29 30
25 28 33
24 28 2
26 32 10
31 33 8
29 32 9
29
{[25, 24, 9, 8, 0]}
{[17, 16, 15, 13, 11]}
34
13 4 10
8 17 6
14 4 26
15 11 29
0 2 19
13 7 12
14 1 12
8 9 5
1 7 32
7 10 31
0 9 33
3 18 19
16 5 6
0 5 14
13 2 6
16 3 20
15 18 12
1 18 20
16 17 11
4 11 20
15 17 19
23 24 25
23 26 27
21 22 28
21 27 30
21 26 29
22 25 2
22 24 31
23 29 30
25 28 3
24 28 33
27 32 9
31 33 8
30 32 10
30
{[25, 24, 9, 8, 0]}
{[17, 16, 15, 13, 11]}
34
13 4 10
8 17 6
14 4 32
15 11 31
0 2 19
13 7 12
14 1 12
8 9 5
1 7 26
7 10 29
0 9 33
3 18 19
16 5 6
0 5 14
13 2 6
16 3 20
15 18 12
1 18 20
16 17 11
4 11 20
15 17 19
23 24 25
23 26 27
21 22 28
21 27 30
21 26 29
22 25 8
22 24 31
23 29 30
25 28 9
24 28 33
27 32 3
31 33 2
30 32 10
31
{[25, 24, 9, 8, 0]}
{[17, 15, 14, 13, 12]}
34
13 4 10
8 17 6
14 4 29
15 11 30
0 2 19
13 7 12
14 1 12
8 9 5
1 7 33
7 10 32
0 9 31
3 18 19
16 5 6
0 5 14
13 2 6
16 3 20
15 18 12
1 18 20
16 17 11
4 11 20
15 17 19
23 24 25
23 26 27
21 22 28
21 27 30
21 26 29
22 25 32
22 24 31
23 29 30
25 28 2
24 28 3
27 33 10
26 33 9
31 32 8
32
{[25, 24, 9, 8, 0]}
{[17, 15, 14, 13, 12]}
34
13 4 10
8 17 6
14 4 33
15 11 32
0 2 19
13 7 12
14 1 12
8 9 5
1 7 29
7 10 30
0 9 31
3 18 19
16 5 6
0 5 14
13 2 6
16 3 20
15 18 12
1 18 20
16 17 11
4 11 20
15 17 19
23 24 25
23 26 27
21 22 28
21 27 30
21 26 29
22 25 32
22 24 31
23 29 30
25 28 8
24 28 9
27 33 10
26 33 3
31 32 2
33
{[17, 16, 5, 3, 1]}
{[5, 4, 2, 1, 0]}
34
5 19 2
8 15 4
0 13 11
7 12 22
1 12 21
0 6 27
5 20 10
8 9 3
20 1 7
19 7 10
9 6 24
2 16 17
14 3 4
14 2 18
13 16 12
1 16 18
14 15 11
11 18 23
13 15 17
0 20 9
19 6 8
22 25 4
21 26 3
24 25 17
23 31 10
21 23 30
22 28 32
29 32 5
26 29 30
27 28 31
25 28 33
24 29 33
26 27 33
30 31 32
34
{[17, 16, 5, 3, 1]}
{[6, 3, 2, 1, 0]}
34
5 19 2
8 15 4
0 13 11
7 12 25
1 12 22
0 6 21
5 20 10
8 9 3
20 1 7
19 7 10
9 6 23
2 16 17
14 3 4
14 2 18
13 16 12
1 16 18
14 15 11
11 18 26
13 15 17
0 20 9
19 6 8
22 24 5
21 27 4
24 25 10
21 23 31
23 30 3
28 32 17
22 29 32
26 29 30
27 28 31
25 28 33
24 29 33
26 27 33
30 31 32
35
{[17, 16, 5, 3, 1]}
{[8, 7, 4, 2, 0]}
34
5 19 2
8 15 4
0 13 11
7 12 23
1 12 25
0 6 22
5 20 10
8 9 3
20 1 7
19 7 10
9 6 21
2 16 17
14 3 4
14 2 18
13 16 12
1 16 18
14 15 11
11 18 31
13 15 17
0 20 9
19 6 8
23 24 10
24 25 5
21 27 3
21 22 26
22 30 4
24 28 32
23 29 32
26 29 30
27 28 31
25 28 33
29 33 17
26 27 33
30 31 32
36
{[17, 16, 5, 3, 1]}
{[9, 7, 3, 2, 0]}
34
5 19 2
8 15 4
0 13 11
7 12 25
1 12 22
0 6 30
5 20 10
8 9 3
20 1 7
19 7 10
9 6 24
2 16 17
14 3 4
14 2 18
13 16 12
1 16 18
14 15 11
11 18 21
13 15 17
0 20 9
19 6 8
23 24 17
23 25 4
21 22 27
21 26 10
22 31 3
24 28 32
23 29 32
26 29 30
27 28 31
28 33 5
25 29 33
26 27 33
30 31 32
37
{[17, 16, 5, 3, 1]}
{[6, 3, 2, 1, 0]}
34
5 19 2
8 15 4
0 13 11
7 12 25
1 12 23
0 6 26
5 20 10
8 9 3
20 1 7
19 7 10
9 6 22
2 16 17
14 3 4
14 2 18
13 16 12
1 16 18
14 15 11
11 18 21
13 15 17
0 20 9
19 6 8
22 24 17
21 27 10
24 25 4
21 23 31
23 30 3
28 32 5
22 29 32
26 29 30
27 28 31
25 28 33
24 29 33
26 27 33
30 31 32
38
{[17, 16, 5, 3, 1]}
{[9, 7, 3, 2, 0]}
34
5 19 2
8 15 4
0 13 11
7 12 25
1 12 24
0 6 21
5 20 10
8 9 3
20 1 7
19 7 10
9 6 22
2 16 17
14 3 4
14 2 18
13 16 12
1 16 18
14 15 11
11 18 30
13 15 17
0 20 9
19 6 8
23 24 5
23 25 10
21 22 27
21 26 4
22 31 3
24 28 32
23 29 32
26 29 30
27 28 31
28 33 17
25 29 33
26 27 33
30 31 32
39
{[17, 16, 5, 3, 1]}
{[5, 4, 2, 1, 0]}
34
5 19 2
8 15 4
0 13 11
7 12 22
1 12 24
0 6 23
5 20 10
8 9 3
20 1 7
19 7 10
9 6 21
2 16 17
14 3 4
14 2 18
13 16 12
1 16 18
14 15 11
11 18 27
13 15 17
0 20 9
19 6 8
22 25 10
21 26 3
24 25 5
23 31 4
21 23 30
22 28 32
29 32 17
26 29 30
27 28 31
25 28 33
24 29 33
26 27 33
30 31 32
40
{[17, 16, 5, 3, 1]}
{[8, 7, 4, 2, 0]}
34
5 19 2
8 15 4
0 13 11
7 12 23
1 12 21
0 6 31
5 20 10
8 9 3
20 1 7
19 7 10
9 6 25
2 16 17
14 3 4
14 2 18
13 16 12
1 16 18
14 15 11
11 18 22
13 15 17
0 20 9
19 6 8
23 24 4
24 25 17
21 27 3
21 22 26
22 30 10
24 28 32
23 29 32
26 29 30
27 28 31
25 28 33
29 33 5
26 27 33
30 31 32
41
{[17, 16, 5, 3, 1]}
{[16, 13, 12, 11, 10]}
34
5 19 2
8 15 4
0 13 11
7 12 32
1 12 27
0 6 26
5 20 10
8 9 3
20 1 7
19 7 10
9 6 33
2 16 17
14 3 4
14 2 18
13 16 12
1 16 18
14 15 11
11 18 31
13 15 17
0 20 9
19 6 8
23 24 25
23 26 27
21 22 28
21 27 30
21 26 29
22 25 5
22 24 4
23 29 30
25 28 32
24 28 31
30 33 17
29 33 3
31 32 10
42
{[17, 16, 5, 3, 1]}
{[17, 16, 14, 12, 10]}
34
5 19 2
8 15 4
0 13 11
7 12 31
1 12 30
0 6 27
5 20 10
8 9 3
20 1 7
19 7 10
9 6 32
2 16 17
14 3 4
14 2 18
13 16 12
1 16 18
14 15 11
11 18 33
13 15 17
0 20 9
19 6 8
23 24 25
23 26 27
21 22 28
21 27 30
21 26 29
22 25 31
22 24 5
23 29 30
25 28 33
24 28 4
26 32 3
31 33 10
29 32 17
43
{[17, 16, 5, 3, 1]}
{[16, 13, 12, 11, 10]}
34
5 19 2
8 15 4
0 13 11
7 12 32
1 12 33
0 6 31
5 20 10
8 9 3
20 1 7
19 7 10
9 6 27
2 16 17
14 3 4
14 2 18
13 16 12
1 16 18
14 15 11
11 18 26
13 15 17
0 20 9
19 6 8
23 24 25
23 26 27
21 22 28
21 27 30
21 26 29
22 25 17
22 24 10
23 29 30
25 28 32
24 28 31
30 33 5
29 33 3
31 32 4
44
{[17, 16, 5, 3, 1]}
{[17, 16, 14, 12, 10]}
34
5 19 2
8 15 4
0 13 11
7 12 31
1 12 32
0 6 33
5 20 10
8 9 3
20 1 7
19 7 10
9 6 30
2 16 17
14 3 4
14 2 18
13 16 12
1 16 18
14 15 11
11 18 27
13 15 17
0 20 9
19 6 8
23 24 25
23 26 27
21 22 28
21 27 30
21 26 29
22 25 31
22 24 17
23 29 30
25 28 33
24 28 10
26 32 3
31 33 4
29 32 5
45
{[17, 16, 5, 3, 1]}
{[17, 16, 15, 13, 11]}
34
5 19 2
8 15 4
0 13 11
7 12 33
1 12 32
0 6 31
5 20 10
8 9 3
20 1 7
19 7 10
9 6 26
2 16 17
14 3 4
14 2 18
13 16 12
1 16 18
14 15 11
11 18 29
13 15 17
0 20 9
19 6 8
23 24 25
23 26 27
21 22 28
21 27 30
21 26 29
22 25 10
22 24 31
23 29 30
25 28 17
24 28 33
27 32 5
31 33 4
30 32 3
46
{[17, 16, 5, 3, 1]}
{[17, 16, 15, 13, 11]}
34
5 19 2
8 15 4
0 13 11
7 12 33
1 12 26
0 6 29
5 20 10
8 9 3
20 1 7
19 7 10
9 6 32
2 16 17
14 3 4
14 2 18
13 16 12
1 16 18
14 15 11
11 18 31
13 15 17
0 20 9
19 6 8
23 24 25
23 26 27
21 22 28
21 27 30
21 26 29
22 25 4
22 24 31
23 29 30
25 28 5
24 28 33
27 32 17
31 33 10
30 32 3
47
{[17, 16, 5, 3, 1]}
{[17, 15, 14, 13, 12]}
34
5 19 2
8 15 4
0 13 11
7 12 31
1 12 33
0 6 32
5 20 10
8 9 3
20 1 7
19 7 10
9 6 29
2 16 17
14 3 4
14 2 18
13 16 12
1 16 18
14 15 11
11 18 30
13 15 17
0 20 9
19 6 8
23 24 25
23 26 27
21 22 28
21 27 30
21 26 29
22 25 32
22 24 31
23 29 30
25 28 10
24 28 17
27 33 3
26 33 5
31 32 4
48
{[17, 16, 5, 3, 1]}
{[17, 15, 14, 13, 12]}
34
5 19 2
8 15 4
0 13 11
7 12 31
1 12 29
0 6 30
5 20 10
8 9 3
20 1 7
19 7 10
9 6 33
2 16 17
14 3 4
14 2 18
13 16 12
1 16 18
14 15 11
11 18 32
13 15 17
0 20 9
19 6 8
23 24 25
23 26 27
21 22 28
21 27 30
21 26 29
22 25 32
22 24 31
23 29 30
25 28 4
24 28 5
27 33 3
26 33 17
31 32 10
49
{[17, 16, 5, 3, 1]}
{[5, 4, 2, 1, 0]}
34
5 19 2
8 15 4
0 13 11
7 12 22
1 12 24
0 6 23
5 20 10
8 9 3
20 1 7
19 7 10
9 6 21
2 16 17
14 3 4
14 2 18
13 16 12
1 16 18
14 15 11
11 18 27
13 15 17
0 20 9
19 6 8
22 25 10
21 26 3
24 25 5
23 31 4
21 23 30
22 28 32
29 32 17
26 29 30
27 28 31
25 28 33
24 29 33
26 27 33
30 31 32
50
{[17, 16, 5, 3, 1]}
{[6, 3, 2, 1, 0]}
34
5 19 2
8 15 4
0 13 11
7 12 25
1 12 23
0 6 26
5 20 10
8 9 3
20 1 7
19 7 10
9 6 22
2 16 17
14 3 4
14 2 18
13 16 12
1 16 18
14 15 11
11 18 21
13 15 17
0 20 9
19 6 8
22 24 17
21 27 10
24 25 4
21 23 31
23 30 3
28 32 5
22 29 32
26 29 30
27 28 31
25 28 33
24 29 33
26 27 33
30 31 32
51
{[17, 16, 5, 3, 1]}
{[8, 7, 4, 2, 0]}
34
5 19 2
8 15 4
0 13 11
7 12 23
1 12 21
0 6 31
5 20 10
8 9 3
20 1 7
19 7 10
9 6 25
2 16 17
14 3 4
14 2 18
13 16 12
1 16 18
14 15 11
11 18 22
13 15 17
0 20 9
19 6 8
23 24 4
24 25 17
21 27 3
21 22 26
22 30 10
24 28 32
23 29 32
26 29 30
27 28 31
25 28 33
29 33 5
26 27 33
30 31 32
52
{[17, 16, 5, 3, 1]}
{[9, 7, 3, 2, 0]}
34
5 19 2
8 15 4
0 13 11
7 12 25
1 12 24
0 6 21
5 20 10
8 9 3
20 1 7
19 7 10
9 6 22
2 16 17
14 3 4
14 2 18
13 16 12
1 16 18
14 15 11
11 18 30
13 15 17
0 20 9
19 6 8
23 24 5
23 25 10
21 22 27
21 26 4
22 31 3
24 28 32
23 29 32
26 29 30
27 28 31
28 33 17
25 29 33
26 27 33
30 31 32
53
{[17, 16, 5, 3, 1]}
{[6, 3, 2, 1, 0]}
34
5 19 2
8 15 4
0 13 11
7 12 25
1 12 22
0 6 21
5 20 10
8 9 3
20 1 7
19 7 10
9 6 23
2 16 17
14 3 4
14 2 18
13 16 12
1 16 18
14 15 11
11 18 26
13 15 17
0 20 9
19 6 8
22 24 5
21 27 4
24 25 10
21 23 31
23 30 3
28 32 17
22 29 32
26 29 30
27 28 31
25 28 33
24 29 33
26 27 33
30 31 32
54
{[17, 16, 5, 3, 1]}
{[9, 7, 3, 2, 0]}
34
5 19 2
8 15 4
0 13 11
7 12 25
1 12 22
0 6 30
5 20 10
8 9 3
20 1 7
19 7 10
9 6 24
2 16 17
14 3 4
14 2 18
13 16 12
1 16 18
14 15 11
11 18 21
13 15 17
0 20 9
19 6 8
23 24 17
23 25 4
21 22 27
21 26 10
22 31 3
24 28 32
23 29 32
26 29 30
27 28 31
28 33 5
25 29 33
26 27 33
30 31 32
55
{[17, 16, 5, 3, 1]}
{[5, 4, 2, 1, 0]}
34
5 19 2
8 15 4
0 13 11
7 12 22
1 12 21
0 6 27
5 20 10
8 9 3
20 1 7
19 7 10
9 6 24
2 16 17
14 3 4
14 2 18
13 16 12
1 16 18
14 15 11
11 18 23
13 15 17
0 20 9
19 6 8
22 25 4
21 26 3
24 25 17
23 31 10
21 23 30
22 28 32
29 32 5
26 29 30
27 28 31
25 28 33
24 29 33
26 27 33
30 31 32
56
{[17, 16, 5, 3, 1]}
{[8, 7, 4, 2, 0]}
34
5 19 2
8 15 4
0 13 11
7 12 23
1 12 25
0 6 22
5 20 10
8 9 3
20 1 7
19 7 10
9 6 21
2 16 17
14 3 4
14 2 18
13 16 12
1 16 18
14 15 11
11 18 31
13 15 17
0 20 9
19 6 8
23 24 10
24 25 5
21 27 3
21 22 26
22 30 4
24 28 32
23 29 32
26 29 30
27 28 31
25 28 33
29 33 17
26 27 33
30 31 32
57
{[17, 16, 5, 3, 1]}
{[16, 13, 12, 11, 10]}
34
5 19 2
8 15 4
0 13 11
7 12 32
1 12 33
0 6 31
5 20 10
8 9 3
20 1 7
19 7 10
9 6 27
2 16 17
14 3 4
14 2 18
13 16 12
1 16 18
14 15 11
11 18 26
13 15 17
0 20 9
19 6 8
23 24 25
23 26 27
21 22 28
21 27 30
21 26 29
22 25 17
22 24 10
23 29 30
25 28 32
24 28 31
30 33 5
29 33 3
31 32 4
58
{[17, 16, 5, 3, 1]}
{[17, 16, 14, 12, 10]}
34
5 19 2
8 15 4
0 13 11
7 12 31
1 12 32
0 6 33
5 20 10
8 9 3
20 1 7
19 7 10
9 6 30
2 16 17
14 3 4
14 2 18
13 16 12
1 16 18
14 15 11
11 18 27
13 15 17
0 20 9
19 6 8
23 24 25
23 26 27
21 22 28
21 27 30
21 26 29
22 25 31
22 24 17
23 29 30
25 28 33
24 28 10
26 32 3
31 33 4
29 32 5
59
{[17, 16, 5, 3, 1]}
{[16, 13, 12, 11, 10]}
34
5 19 2
8 15 4
0 13 11
7 12 32
1 12 27
0 6 26
5 20 10
8 9 3
20 1 7
19 7 10
9 6 33
2 16 17
14 3 4
14 2 18
13 16 12
1 16 18
14 15 11
11 18 31
13 15 17
0 20 9
19 6 8
23 24 25
23 26 27
21 22 28
21 27 30
21 26 29
22 25 5
22 24 4
23 29 30
25 28 32
24 28 31
30 33 17
29 33 3
31 32 10
60
{[17, 16, 5, 3, 1]}
{[17, 16, 14, 12, 10]}
34
5 19 2
8 15 4
0 13 11
7 12 31
1 12 30
0 6 27
5 20 10
8 9 3
20 1 7
19 7 10
9 6 32
2 16 17
14 3 4
14 2 18
13 16 12
1 16 18
14 15 11
11 18 33
13 15 17
0 20 9
19 6 8
23 24 25
23 26 27
21 22 28
21 27 30
21 26 29
22 25 31
22 24 5
23 29 30
25 28 33
24 28 4
26 32 3
31 33 10
29 32 17
61
{[17, 16, 5, 3, 1]}
{[17, 16, 15, 13, 11]}
34
5 19 2
8 15 4
0 13 11
7 12 33
1 12 26
0 6 29
5 20 10
8 9 3
20 1 7
19 7 10
9 6 32
2 16 17
14 3 4
14 2 18
13 16 12
1 16 18
14 15 11
11 18 31
13 15 17
0 20 9
19 6 8
23 24 25
23 26 27
21 22 28
21 27 30
21 26 29
22 25 4
22 24 31
23 29 30
25 28 5
24 28 33
27 32 17
31 33 10
30 32 3
62
{[17, 16, 5, 3, 1]}
{[17, 16, 15, 13, 11]}
34
5 19 2
8 15 4
0 13 11
7 12 33
1 12 32
0 6 31
5 20 10
8 9 3
20 1 7
19 7 10
9 6 26
2 16 17
14 3 4
14 2 18
13 16 12
1 16 18
14 15 11
11 18 29
13 15 17
0 20 9
19 6 8
23 24 25
23 26 27
21 22 28
21 27 30
21 26 29
22 25 10
22 24 31
23 29 30
25 28 17
24 28 33
27 32 5
31 33 4
30 32 3
63
{[17, 16, 5, 3, 1]}
{[17, 15, 14, 13, 12]}
34
5 19 2
8 15 4
0 13 11
7 12 31
1 12 29
0 6 30
5 20 10
8 9 3
20 1 7
19 7 10
9 6 33
2 16 17
14 3 4
14 2 18
13 16 12
1 16 18
14 15 11
11 18 32
13 15 17
0 20 9
19 6 8
23 24 25
23 26 27
21 22 28
21 27 30
21 26 29
22 25 32
22 24 31
23 29 30
25 28 4
24 28 5
27 33 3
26 33 17
31 32 10
64
{[17, 16, 5, 3, 1]}
{[17, 15, 14, 13, 12]}
34
5 19 2
8 15 4
0 13 11
7 12 31
1 12 33
0 6 32
5 20 10
8 9 3
20 1 7
19 7 10
9 6 29
2 16 17
14 3 4
14 2 18
13 16 12
1 16 18
14 15 11
11 18 30
13 15 17
0 20 9
19 6 8
23 24 25
23 26 27
21 22 28
21 27 30
21 26 29
22 25 32
22 24 31
23 29 30
25 28 10
24 28 17
27 33 3
26 33 5
31 32 4
65
{[21, 19, 18, 14, 4]}
{[5, 4, 2, 1, 0]}
34
7 19 21
14 4 12
10 16 6
7 15 4
1 3 17
14 9 13
15 2 13
0 8 3
7 20 12
10 11 5
20 2 9
19 9 12
1 11 8
5 6 23
1 5 15
14 3 6
2 18 24
4 18 22
16 17 27
0 20 11
19 8 10
22 25 0
21 26 17
24 25 13
23 31 16
21 23 30
22 28 32
29 32 18
26 29 30
27 28 31
25 28 33
24 29 33
26 27 33
30 31 32
66
{[21, 19, 18, 14, 4]}
{[6, 3, 2, 1, 0]}
34
7 19 22
14 4 12
10 16 6
7 15 4
1 3 17
14 9 13
15 2 13
0 8 3
7 20 12
10 11 5
20 2 9
19 9 12
1 11 8
5 6 26
1 5 15
14 3 6
2 18 23
4 18 25
16 17 21
0 20 11
19 8 10
22 24 18
21 27 0
24 25 16
21 23 31
23 30 17
28 32 13
22 29 32
26 29 30
27 28 31
25 28 33
24 29 33
26 27 33
30 31 32
67
{[21, 19, 18, 14, 4]}
{[8, 7, 4, 2, 0]}
34
7 19 25
14 4 12
10 16 6
7 15 4
1 3 17
14 9 13
15 2 13
0 8 3
7 20 12
10 11 5
20 2 9
19 9 12
1 11 8
5 6 31
1 5 15
14 3 6
2 18 21
4 18 23
16 17 22
0 20 11
19 8 10
23 24 16
24 25 18
21 27 17
21 22 26
22 30 0
24 28 32
23 29 32
26 29 30
27 28 31
25 28 33
29 33 13
26 27 33
30 31 32
68
{[21, 19, 18, 14, 4]}
{[9, 7, 3, 2, 0]}
34
7 19 22
14 4 12
10 16 6
7 15 4
1 3 17
14 9 13
15 2 13
0 8 3
7 20 12
10 11 5
20 2 9
19 9 12
1 11 8
5 6 21
1 5 15
14 3 6
2 18 24
4 18 25
16 17 30
0 20 11
19 8 10
23 24 13
23 25 0
21 22 27
21 26 16
22 31 17
24 28 32
23 29 32
26 29 30
27 28 31
28 33 18
25 29 33
26 27 33
30 31 32
69
{[21, 19, 18, 14, 4]}
{[6, 3, 2, 1, 0]}
34
7 19 23
14 4 12
10 16 6
7 15 4
1 3 17
14 9 13
15 2 13
0 8 3
7 20 12
10 11 5
20 2 9
19 9 12
1 11 8
5 6 21
1 5 15
14 3 6
2 18 22
4 18 25
16 17 26
0 20 11
19 8 10
22 24 13
21 27 16
24 25 0
21 23 31
23 30 17
28 32 18
22 29 32
26 29 30
27 28 31
25 28 33
24 29 33
26 27 33
30 31 32
70
{[21, 19, 18, 14, 4]}
{[9, 7, 3, 2, 0]}
34
7 19 24
14 4 12
10 16 6
7 15 4
1 3 17
14 9 13
15 2 13
0 8 3
7 20 12
10 11 5
20 2 9
19 9 12
1 11 8
5 6 30
1 5 15
14 3 6
2 18 22
4 18 25
16 17 21
0 20 11
19 8 10
23 24 18
23 25 16
21 22 27
21 26 0
22 31 17
24 28 32
23 29 32
26 29 30
27 28 31
28 33 13
25 29 33
26 27 33
30 31 32
71
{[21, 19, 18, 14, 4]}
{[5, 4, 2, 1, 0]}
34
7 19 24
14 4 12
10 16 6
7 15 4
1 3 17
14 9 13
15 2 13
0 8 3
7 20 12
10 11 5
20 2 9
19 9 12
1 11 8
5 6 27
1 5 15
14 3 6
2 18 21
4 18 22
16 17 23
0 20 11
19 8 10
22 25 16
21 26 17
24 25 18
23 31 0
21 23 30
22 28 32
29 32 13
26 29 30
27 28 31
25 28 33
24 29 33
26 27 33
30 31 32
72
{[21, 19, 18, 14, 4]}
{[8, 7, 4, 2, 0]}
34
7 19 21
14 4 12
10 16 6
7 15 4
1 3 17
14 9 13
15 2 13
0 8 3
7 20 12
10 11 5
20 2 9
19 9 12
1 11 8
5 6 22
1 5 15
14 3 6
2 18 25
4 18 23
16 17 31
0 20 11
19 8 10
23 24 0
24 25 13
21 27 17
21 22 26
22 30 16
24 28 32
23 29 32
26 29 30
27 28 31
25 28 33
29 33 18
26 27 33
30 31 32
73
{[21, 19, 18, 14, 4]}
{[16, 13, 12, 11, 10]}
34
7 19 27
14 4 12
10 16 6
7 15 4
1 3 17
14 9 13
15 2 13
0 8 3
7 20 12
10 11 5
20 2 9
19 9 12
1 11 8
5 6 31
1 5 15
14 3 6
2 18 33
4 18 32
16 17 26
0 20 11
19 8 10
23 24 25
23 26 27
21 22 28
21 27 30
21 26 29
22 25 18
22 24 0
23 29 30
25 28 32
24 28 31
30 33 13
29 33 17
31 32 16
74
{[21, 19, 18, 14, 4]}
{[17, 16, 14, 12, 10]}
34
7 19 30
14 4 12
10 16 6
7 15 4
1 3 17
14 9 13
15 2 13
0 8 3
7 20 12
10 11 5
20 2 9
19 9 12
1 11 8
5 6 33
1 5 15
14 3 6
2 18 32
4 18 31
16 17 27
0 20 11
19 8 10
23 24 25
23 26 27
21 22 28
21 27 30
21 26 29
22 25 31
22 24 18
23 29 30
25 28 33
24 28 0
26 32 17
31 33 16
29 32 13
75
{[21, 19, 18, 14, 4]}
{[16, 13, 12, 11, 10]}
34
7 19 33
14 4 12
10 16 6
7 15 4
1 3 17
14 9 13
15 2 13
0 8 3
7 20 12
10 11 5
20 2 9
19 9 12
1 11 8
5 6 26
1 5 15
14 3 6
2 18 27
4 18 32
16 17 31
0 20 11
19 8 10
23 24 25
23 26 27
21 22 28
21 27 30
21 26 29
22 25 13
22 24 16
23 29 30
25 28 32
24 28 31
30 33 18
29 33 17
31 32 0
76
{[21, 19, 18, 14, 4]}
{[17, 16, 14, 12, 10]}
34
7 19 32
14 4 12
10 16 6
7 15 4
1 3 17
14 9 13
15 2 13
0 8 3
7 20 12
10 11 5
20 2 9
19 9 12
1 11 8
5 6 27
1 5 15
14 3 6
2 18 30
4 18 31
16 17 33
0 20 11
19 8 10
23 24 25
23 26 27
21 22 28
21 27 30
21 26 29
22 25 31
22 24 13
23 29 30
25 28 33
24 28 16
26 32 17
31 33 0
29 32 18
77
{[21, 19, 18, 14, 4]}
{[17, 16, 15, 13, 11]}
34
7 19 32
14 4 12
10 16 6
7 15 4
1 3 17
14 9 13
15 2 13
0 8 3
7 20 12
10 11 5
20 2 9
19 9 12
1 11 8
5 6 29
1 5 15
14 3 6
2 18 26
4 18 33
16 17 31
0 20 11
19 8 10
23 24 25
23 26 27
21 22 28
21 27 30
21 26 29
22 25 16
22 24 31
23 29 30
25 28 13
24 28 33
27 32 18
31 33 0
30 32 17
78
{[21, 19, 18, 14, 4]}
{[17, 16, 15, 13, 11]}
34
7 19 26
14 4 12
10 16 6
7 15 4
1 3 17
14 9 13
15 2 13
0 8 3
7 20 12
10 11 5
20 2 9
19 9 12
1 11 8
5 6 31
1 5 15
14 3 6
2 18 32
4 18 33
16 17 29
0 20 11
19 8 10
23 24 25
23 26 27
21 22 28
21 27 30
21 26 29
22 25 0
22 24 31
23 29 30
25 28 18
24 28 33
27 32 13
31 33 16
30 32 17
79
{[21, 19, 18, 14, 4]}
{[17, 15, 14, 13, 12]}
34
7 19 33
14 4 12
10 16 6
7 15 4
1 3 17
14 9 13
15 2 13
0 8 3
7 20 12
10 11 5
20 2 9
19 9 12
1 11 8
5 6 30
1 5 15
14 3 6
2 18 29
4 18 31
16 17 32
0 20 11
19 8 10
23 24 25
23 26 27
21 22 28
21 27 30
21 26 29
22 25 32
22 24 31
23 29 30
25 28 16
24 28 13
27 33 17
26 33 18
31 32 0
80
{[21, 19, 18, 14, 4]}
{[17, 15, 14, 13, 12]}
34
7 19 29
14 4 12
10 16 6
7 15 4
1 3 17
14 9 13
15 2 13
0 8 3
7 20 12
10 11 5
20 2 9
19 9 12
1 11 8
5 6 32
1 5 15
14 3 6
2 18 33
4 18 31
16 17 30
0 20 11
19 8 10
23 24 25
23 26 27
21 22 28
21 27 30
21 26 29
22 25 32
22 24 31
23 29 30
25 28 0
24 28 18
27 33 17
26 33 13
31 32 16
81
{[23, 22, 18, 14, 4]}
{[5, 4, 2, 1, 0]}
34
7 19 23
14 4 12
10 17 6
7 15 4
1 3 21
14 9 13
15 2 13
0 8 3
7 20 12
10 11 5
20 2 9
19 9 12
1 11 8
16 5 6
1 5 15
14 3 6
18 13 24
2 18 22
16 17 27
0 20 11
19 8 10
22 25 4
21 26 17
24 25 0
23 31 16
21 23 30
22 28 32
29 32 18
26 29 30
27 28 31
25 28 33
24 29 33
26 27 33
30 31 32
82
{[23, 22, 18, 14, 4]}
{[6, 3, 2, 1, 0]}
34
7 19 26
14 4 12
10 17 6
7 15 4
1 3 22
14 9 13
15 2 13
0 8 3
7 20 12
10 11 5
20 2 9
19 9 12
1 11 8
16 5 6
1 5 15
14 3 6
18 13 23
2 18 25
16 17 21
0 20 11
19 8 10
22 24 18
21 27 4
24 25 16
21 23 31
23 30 17
28 32 0
22 29 32
26 29 30
27 28 31
25 28 33
24 29 33
26 27 33
30 31 32
83
{[23, 22, 18, 14, 4]}
{[8, 7, 4, 2, 0]}
34
7 19 31
14 4 12
10 17 6
7 15 4
1 3 25
14 9 13
15 2 13
0 8 3
7 20 12
10 11 5
20 2 9
19 9 12
1 11 8
16 5 6
1 5 15
14 3 6
18 13 21
2 18 23
16 17 22
0 20 11
19 8 10
23 24 16
24 25 18
21 27 17
21 22 26
22 30 4
24 28 32
23 29 32
26 29 30
27 28 31
25 28 33
29 33 0
26 27 33
30 31 32
84
{[23, 22, 18, 14, 4]}
{[9, 7, 3, 2, 0]}
34
7 19 21
14 4 12
10 17 6
7 15 4
1 3 22
14 9 13
15 2 13
0 8 3
7 20 12
10 11 5
20 2 9
19 9 12
1 11 8
16 5 6
1 5 15
14 3 6
18 13 24
2 18 25
16 17 30
0 20 11
19 8 10
23 24 0
23 25 4
21 22 27
21 26 16
22 31 17
24 28 32
23 29 32
26 29 30
27 28 31
28 33 18
25 29 33
26 27 33
30 31 32
85
{[23, 22, 18, 14, 4]}
{[6, 3, 2, 1, 0]}
34
7 19 21
14 4 12
10 17 6
7 15 4
1 3 23
14 9 13
15 2 13
0 8 3
7 20 12
10 11 5
20 2 9
19 9 12
1 11 8
16 5 6
1 5 15
14 3 6
18 13 22
2 18 25
16 17 26
0 20 11
19 8 10
22 24 0
21 27 16
24 25 4
21 23 31
23 30 17
28 32 18
22 29 32
26 29 30
27 28 31
25 28 33
24 29 33
26 27 33
30 31 32
86
{[23, 22, 18, 14, 4]}
{[9, 7, 3, 2, 0]}
34
7 19 30
14 4 12
10 17 6
7 15 4
1 3 24
14 9 13
15 2 13
0 8 3
7 20 12
10 11 5
20 2 9
19 9 12
1 11 8
16 5 6
1 5 15
14 3 6
18 13 22
2 18 25
16 17 21
0 20 11
19 8 10
23 24 18
23 25 16
21 22 27
21 26 4
22 31 17
24 28 32
23 29 32
26 29 30
27 28 31
28 33 0
25 29 33
26 27 33
30 31 32
87
{[23, 22, 18, 14, 4]}
{[5, 4, 2, 1, 0]}
34
7 19 27
14 4 12
10 17 6
7 15 4
1 3 24
14 9 13
15 2 13
0 8 3
7 20 12
10 11 5
20 2 9
19 9 12
1 11 8
16 5 6
1 5 15
14 3 6
18 13 21
2 18 22
16 17 23
0 20 11
19 8 10
22 25 16
21 26 17
24 25 18
23 31 4
21 23 30
22 28 32
29 32 0
26 29 30
27 28 31
25 28 33
24 29 33
26 27 33
30 31 32
88
{[23, 22, 18, 14, 4]}
{[8, 7, 4, 2, 0]}
34
7 19 22
14 4 12
10 17 6
7 15 4
1 3 21
14 9 13
15 2 13
0 8 3
7 20 12
10 11 5
20 2 9
19 9 12
1 11 8
16 5 6
1 5 15
14 3 6
18 13 25
2 18 23
16 17 31
0 20 11
19 8 10
23 24 4
24 25 0
21 27 17
21 22 26
22 30 16
24 28 32
23 29 32
26 29 30
27 28 31
25 28 33
29 33 18
26 27 33
30 31 32
89
{[23, 22, 18, 14, 4]}
{[16, 13, 12, 11, 10]}
34
7 19 31
14 4 12
10 17 6
7 15 4
1 3 27
14 9 13
15 2 13
0 8 3
7 20 12
10 11 5
20 2 9
19 9 12
1 11 8
16 5 6
1 5 15
14 3 6
18 13 33
2 18 32
16 17 26
0 20 11
19 8 10
23 24 25
23 26 27
21 22 28
21 27 30
21 26 29
22 25 18
22 24 4
23 29 30
25 28 32
24 28 31
30 33 0
29 33 17
31 32 16
90
{[23, 22, 18, 14, 4]}
{[17, 16, 14, 12, 10]}
34
7 19 33
14 4 12
10 17 6
7 15 4
1 3 30
14 9 13
15 2 13
0 8 3
7 20 12
10 11 5
20 2 9
19 9 12
1 11 8
16 5 6
1 5 15
14 3 6
18 13 32
2 18 31
16 17 27
0 20 11
19 8 10
23 24 25
23 26 27
21 22 28
21 27 30
21 26 29
22 25 31
22 24 18
23 29 30
25 28 33
24 28 4
26 32 17
31 33 16
29 32 0
91
{[23, 22, 18, 14, 4]}
{[16, 13, 12, 11, 10]}
34
7 19 26
14 4 12
10 17 6
7 15 4
1 3 33
14 9 13
15 2 13
0 8 3
7 20 12
10 11 5
20 2 9
19 9 12
1 11 8
16 5 6
1 5 15
14 3 6
18 13 27
2 18 32
16 17 31
0 20 11
19 8 10
23 24 25
23 26 27
21 22 28
21 27 30
21 26 29
22 25 0
22 24 16
23 29 30
25 28 32
24 28 31
30 33 18
29 33 17
31 32 4
92
{[23, 22, 18, 14, 4]}
{[17, 16, 14, 12, 10]}
34
7 19 27
14 4 12
10 17 6
7 15 4
1 3 32
14 9 13
15 2 13
0 8 3
7 20 12
10 11 5
20 2 9
19 9 12
1 11 8
16 5 6
1 5 15
14 3 6
18 13 30
2 18 31
16 17 33
0 20 11
19 8 10
23 24 25
23 26 27
21 22 28
21 27 30
21 26 29
22 25 31
22 24 0
23 29 30
25 28 33
24 28 16
26 32 17
31 33 4
29 32 18
93
{[23, 22, 18, 14, 4]}
{[17, 16, 15, 13, 11]}
34
7 19 29
14 4 12
10 17 6
7 15 4
1 3 32
14 9 13
15 2 13
0 8 3
7 20 12
10 11 5
20 2 9
19 9 12
1 11 8
16 5 6
1 5 15
14 3 6
18 13 26
2 18 33
16 17 31
0 20 11
19 8 10
23 24 25
23 26 27
21 22 28
21 27 30
21 26 29
22 25 16
22 24 31
23 29 30
25 28 0
24 28 33
27 32 18
31 33 4
30 32 17
94
{[23, 22, 18, 14, 4]}
{[17, 16, 15, 13, 11]}
34
7 19 31
14 4 12
10 17 6
7 15 4
1 3 26
14 9 13
15 2 13
0 8 3
7 20 12
10 11 5
20 2 9
19 9 12
1 11 8
16 5 6
1 5 15
14 3 6
18 13 32
2 18 33
16 17 29
0 20 11
19 8 10
23 24 25
23 26 27
21 22 28
21 27 30
21 26 29
22 25 4
22 24 31
23 29 30
25 28 18
24 28 33
27 32 0
31 33 16
30 32 17
95
{[23, 22, 18, 14, 4]}
{[17, 15, 14, 13, 12]}
34
7 19 30
14 4 12
10 17 6
7 15 4
1 3 33
14 9 13
15 2 13
0 8 3
7 20 12
10 11 5
20 2 9
19 9 12
1 11 8
16 5 6
1 5 15
14 3 6
18 13 29
2 18 31
16 17 32
0 20 11
19 8 10
23 24 25
23 26 27
21 22 28
21 27 30
21 26 29
22 25 32
22 24 31
23 29 30
25 28 16
24 28 0
27 33 17
26 33 18
31 32 4
96
{[23, 22, 18, 14, 4]}
{[17, 15, 14, 13, 12]}
34
7 19 32
14 4 12
10 17 6
7 15 4
1 3 29
14 9 13
15 2 13
0 8 3
7 20 12
10 11 5
20 2 9
19 9 12
1 11 8
16 5 6
1 5 15
14 3 6
18 13 33
2 18 31
16 17 30
0 20 11
19 8 10
23 24 25
23 26 27
21 22 28
21 27 30
21 26 29
22 25 32
22 24 31
23 29 30
25 28 4
24 28 18
27 33 17
26 33 0
31 32 16
97
{[21, 19, 18, 14, 4]}
{[5, 4, 2, 1, 0]}
34
7 19 24
14 4 12
10 16 6
7 15 4
1 3 17
14 9 13
15 2 13
0 8 3
7 20 12
10 11 5
20 2 9
19 9 12
1 11 8
5 6 27
1 5 15
14 3 6
2 18 21
4 18 22
16 17 23
0 20 11
19 8 10
22 25 16
21 26 17
24 25 18
23 31 0
21 23 30
22 28 32
29 32 13
26 29 30
27 28 31
25 28 33
24 29 33
26 27 33
30 31 32
98
{[21, 19, 18, 14, 4]}
{[6, 3, 2, 1, 0]}
34
7 19 23
14 4 12
10 16 6
7 15 4
1 3 17
14 9 13
15 2 13
0 8 3
7 20 12
10 11 5
20 2 9
19 9 12
1 11 8
5 6 21
1 5 15
14 3 6
2 18 22
4 18 25
16 17 26
0 20 11
19 8 10
22 24 13
21 27 16
24 25 0
21 23 31
23 30 17
28 32 18
22 29 32
26 29 30
27 28 31
25 28 33
24 29 33
26 27 33
30 31 32
99
{[21, 19, 18, 14, 4]}
{[8, 7, 4, 2, 0]}
34
7 19 21
14 4 12
10 16 6
7 15 4
1 3 17
14 9 13
15 2 13
0 8 3
7 20 12
10 11 5
20 2 9
19 9 12
1 11 8
5 6 22
1 5 15
14 3 6
2 18 25
4 18 23
16 17 31
0 20 11
19 8 10
23 24 0
24 25 13
21 27 17
21 22 26
22 30 16
24 28 32
23 29 32
26 29 30
27 28 31
25 28 33
29 33 18
26 27 33
30 31 32
100
{[21, 19, 18, 14, 4]}
{[9, 7, 3, 2, 0]}
34
7 19 24
14 4 12
10 16 6
7 15 4
1 3 17
14 9 13
15 2 13
0 8 3
7 20 12
10 11 5
20 2 9
19 9 12
1 11 8
5 6 30
1 5 15
14 3 6
2 18 22
4 18 25
16 17 21
0 20 11
19 8 10
23 24 18
23 25 16
21 22 27
21 26 0
22 31 17
24 28 32
23 29 32
26 29 30
27 28 31
28 33 13
25 29 33
26 27 33
30 31 32
101
{[21, 19, 18, 14, 4]}
{[6, 3, 2, 1, 0]}
34
7 19 22
14 4 12
10 16 6
7 15 4
1 3 17
14 9 13
15 2 13
0 8 3
7 20 12
10 11 5
20 2 9
19 9 12
1 11 8
5 6 26
1 5 15
14 3 6
2 18 23
4 18 25
16 17 21
0 20 11
19 8 10
22 24 18
21 27 0
24 25 16
21 23 31
23 30 17
28 32 13
22 29 32
26 29 30
27 28 31
25 28 33
24 29 33
26 27 33
30 31 32
102
{[21, 19, 18, 14, 4]}
{[9, 7, 3, 2, 0]}
34
7 19 22
14 4 12
10 16 6
7 15 4
1 3 17
14 9 13
15 2 13
0 8 3
7 20 12
10 11 5
20 2 9
19 9 12
1 11 8
5 6 21
1 5 15
14 3 6
2 18 24
4 18 25
16 17 30
0 20 11
19 8 10
23 24 13
23 25 0
21 22 27
21 26 16
22 31 17
24 28 32
23 29 32
26 29 30
27 28 31
28 33 18
25 29 33
26 27 33
30 31 32
103
{[21, 19, 18, 14, 4]}
{[5, 4, 2, 1, 0]}
34
7 19 21
14 4 12
10 16 6
7 15 4
1 3 17
14 9 13
15 2 13
0 8 3
7 20 12
10 11 5
20 2 9
19 9 12
1 11 8
5 6 23
1 5 15
14 3 6
2 18 24
4 18 22
16 17 27
0 20 11
19 8 10
22 25 0
21 26 17
24 25 13
23 31 16
21 23 30
22 28 32
29 32 18
26 29 30
27 28 31
25 28 33
24 29 33
26 27 33
30 31 32
104
{[21, 19, 18, 14, 4]}
{[8, 7, 4, 2, 0]}
34
7 19 25
14 4 12
10 16 6
7 15 4
1 3 17
14 9 13
15 2 13
0 8 3
7 20 12
10 11 5
20 2 9
19 9 12
1 11 8
5 6 31
1 5 15
14 3 6
2 18 21
4 18 23
16 17 22
0 20 11
19 8 10
23 24 16
24 25 18
21 27 17
21 22 26
22 30 0
24 28 32
23 29 32
26 29 30
27 28 31
25 28 33
29 33 13
26 27 33
30 31 32
105
{[21, 19, 18, 14, 4]}
{[16, 13, 12, 11, 10]}
34
7 19 33
14 4 12
10 16 6
7 15 4
1 3 17
14 9 13
15 2 13
0 8 3
7 20 12
10 11 5
20 2 9
19 9 12
1 11 8
5 6 26
1 5 15
14 3 6
2 18 27
4 18 32
16 17 31
0 20 11
19 8 10
23 24 25
23 26 27
21 22 28
21 27 30
21 26 29
22 25 13
22 24 16
23 29 30
25 28 32
24 28 31
30 33 18
29 33 17
31 32 0
106
{[21, 19, 18, 14, 4]}
{[17, 16, 14, 12, 10]}
34
7 19 32
14 4 12
10 16 6
7 15 4
1 3 17
14 9 13
15 2 13
0 8 3
7 20 12
10 11 5
20 2 9
19 9 12
1 11 8
5 6 27
1 5 15
14 3 6
2 18 30
4 18 31
16 17 33
0 20 11
19 8 10
23 24 25
23 26 27
21 22 28
21 27 30
21 26 29
22 25 31
22 24 13
23 29 30
25 28 33
24 28 16
26 32 17
31 33 0
29 32 18
107
{[21, 19, 18, 14, 4]}
{[16, 13, 12, 11, 10]}
34
7 19 27
14 4 12
10 16 6
7 15 4
1 3 17
14 9 13
15 2 13
0 8 3
7 20 12
10 11 5
20 2 9
19 9 12
1 11 8
5 6 31
1 5 15
14 3 6
2 18 33
4 18 32
16 17 26
0 20 11
19 8 10
23 24 25
23 26 27
21 22 28
21 27 30
21 26 29
22 25 18
22 24 0
23 29 30
25 28 32
24 28 31
30 33 13
29 33 17
31 32 16
108
{[21, 19, 18, 14, 4]}
{[17, 16, 14, 12, 10]}
34
7 19 30
14 4 12
10 16 6
7 15 4
1 3 17
14 9 13
15 2 13
0 8 3
7 20 12
10 11 5
20 2 9
19 9 12
1 11 8
5 6 33
1 5 15
14 3 6
2 18 32
4 18 31
16 17 27
0 20 11
19 8 10
23 24 25
23 26 27
21 22 28
21 27 30
21 26 29
22 25 31
22 24 18
23 29 30
25 28 33
24 28 0
26 32 17
31 33 16
29 32 13
109
{[21, 19, 18, 14, 4]}
{[17, 16, 15, 13, 11]}
34
7 19 26
14 4 12
10 16 6
7 15 4
1 3 17
14 9 13
15 2 13
0 8 3
7 20 12
10 11 5
20 2 9
19 9 12
1 11 8
5 6 31
1 5 15
14 3 6
2 18 32
4 18 33
16 17 29
0 20 11
19 8 10
23 24 25
23 26 27
21 22 28
21 27 30
21 26 29
22 25 0
22 24 31
23 29 30
25 28 18
24 28 33
27 32 13
31 33 16
30 32 17
110
{[21, 19, 18, 14, 4]}
{[17, 16, 15, 13, 11]}
34
7 19 32
14 4 12
10 16 6
7 15 4
1 3 17
14 9 13
15 2 13
0 8 3
7 20 12
10 11 5
20 2 9
19 9 12
1 11 8
5 6 29
1 5 15
14 3 6
2 18 26
4 18 33
16 17 31
0 20 11
19 8 10
23 24 25
23 26 27
21 22 28
21 27 30
21 26 29
22 25 16
22 24 31
23 29 30
25 28 13
24 28 33
27 32 18
31 33 0
30 32 17
111
{[21, 19, 18, 14, 4]}
{[17, 15, 14, 13, 12]}
34
7 19 29
14 4 12
10 16 6
7 15 4
1 3 17
14 9 13
15 2 13
0 8 3
7 20 12
10 11 5
20 2 9
19 9 12
1 11 8
5 6 32
1 5 15
14 3 6
2 18 33
4 18 31
16 17 30
0 20 11
19 8 10
23 24 25
23 26 27
21 22 28
21 27 30
21 26 29
22 25 32
22 24 31
23 29 30
25 28 0
24 28 18
27 33 17
26 33 13
31 32 16
112
{[21, 19, 18, 14, 4]}
{[17, 15, 14, 13, 12]}
34
7 19 33
14 4 12
10 16 6
7 15 4
1 3 17
14 9 13
15 2 13
0 8 3
7 20 12
10 11 5
20 2 9
19 9 12
1 11 8
5 6 30
1 5 15
14 3 6
2 18 29
4 18 31
16 17 32
0 20 11
19 8 10
23 24 25
23 26 27
21 22 28
21 27 30
21 26 29
22 25 32
22 24 31
23 29 30
25 28 16
24 28 13
27 33 17
26 33 18
31 32 0
113
{[23, 22, 18, 14, 4]}
{[5, 4, 2, 1, 0]}
34
7 19 27
14 4 12
10 17 6
7 15 4
1 3 24
14 9 13
15 2 13
0 8 3
7 20 12
10 11 5
20 2 9
19 9 12
1 11 8
16 5 6
1 5 15
14 3 6
18 13 21
2 18 22
16 17 23
0 20 11
19 8 10
22 25 16
21 26 17
24 25 18
23 31 4
21 23 30
22 28 32
29 32 0
26 29 30
27 28 31
25 28 33
24 29 33
26 27 33
30 31 32
114
{[23, 22, 18, 14, 4]}
{[6, 3, 2, 1, 0]}
34
7 19 21
14 4 12
10 17 6
7 15 4
1 3 23
14 9 13
15 2 13
0 8 3
7 20 12
10 11 5
20 2 9
19 9 12
1 11 8
16 5 6
1 5 15
14 3 6
18 13 22
2 18 25
16 17 26
0 20 11
19 8 10
22 24 0
21 27 16
24 25 4
21 23 31
23 30 17
28 32 18
22 29 32
26 29 30
27 28 31
25 28 33
24 29 33
26 27 33
30 31 32
115
{[23, 22, 18, 14, 4]}
{[8, 7, 4, 2, 0]}
34
7 19 22
14 4 12
10 17 6
7 15 4
1 3 21
14 9 13
15 2 13
0 8 3
7 20 12
10 11 5
20 2 9
19 9 12
1 11 8
16 5 6
1 5 15
14 3 6
18 13 25
2 18 23
16 17 31
0 20 11
19 8 10
23 24 4
24 25 0
21 27 17
21 22 26
22 30 16
24 28 32
23 29 32
26 29 30
27 28 31
25 28 33
29 33 18
26 27 33
30 31 32
116
{[23, 22, 18, 14, 4]}
{[9, 7, 3, 2, 0]}
34
7 19 30
14 4 12
10 17 6
7 15 4
1 3 24
14 9 13
15 2 13
0 8 3
7 20 12
10 11 5
20 2 9
19 9 12
1 11 8
16 5 6
1 5 15
14 3 6
18 13 22
2 18 25
16 17 21
0 20 11
19 8 10
23 24 18
23 25 16
21 22 27
21 26 4
22 31 17
24 28 32
23 29 32
26 29 30
27 28 31
28 33 0
25 29 33
26 27 33
30 31 32
117
{[23, 22, 18, 14, 4]}
{[6, 3, 2, 1, 0]}
34
7 19 26
14 4 12
10 17 6
7 15 4
1 3 22
14 9 13
15 2 13
0 8 3
7 20 12
10 11 5
20 2 9
19 9 12
1 11 8
16 5 6
1 5 15
14 3 6
18 13 23
2 18 25
16 17 21
0 20 11
19 8 10
22 24 18
21 27 4
24 25 16
21 23 31
23 30 17
28 32 0
22 29 32
26 29 30
27 28 31
25 28 33
24 29 33
26 27 33
30 31 32
118
{[23, 22, 18, 14, 4]}
{[9, 7, 3, 2, 0]}
34
7 19 21
14 4 12
10 17 6
7 15 4
1 3 22
14 9 13
15 2 13
0 8 3
7 20 12
10 11 5
20 2 9
19 9 12
1 11 8
16 5 6
1 5 15
14 3 6
18 13 24
2 18 25
16 17 30
0 20 11
19 8 10
23 24 0
23 25 4
21 22 27
21 26 16
22 31 17
24 28 32
23 29 32
26 29 30
27 28 31
28 33 18
25 29 33
26 27 33
30 31 32
119
{[23, 22, 18, 14, 4]}
{[5, 4, 2, 1, 0]}
34
7 19 23
14 4 12
10 17 6
7 15 4
1 3 21
14 9 13
15 2 13
0 8 3
7 20 12
10 11 5
20 2 9
19 9 12
1 11 8
16 5 6
1 5 15
14 3 6
18 13 24
2 18 22
16 17 27
0 20 11
19 8 10
22 25 4
21 26 17
24 25 0
23 31 16
21 23 30
22 28 32
29 32 18
26 29 30
27 28 31
25 28 33
24 29 33
26 27 33
30 31 32
120
{[23, 22, 18, 14, 4]}
{[8, 7, 4, 2, 0]}
34
7 19 31
14 4 12
10 17 6
7 15 4
1 3 25
14 9 13
15 2 13
0 8 3
7 20 12
10 11 5
20 2 9
19 9 12
1 11 8
16 5 6
1 5 15
14 3 6
18 13 21
2 18 23
16 17 22
0 20 11
19 8 10
23 24 16
24 25 18
21 27 17
21 22 26
22 30 4
24 28 32
23 29 32
26 29 30
27 28 31
25 28 33
29 33 0
26 27 33
30 31 32
121
{[23, 22, 18, 14, 4]}
{[16, 13, 12, 11, 10]}
34
7 19 26
14 4 12
10 17 6
7 15 4
1 3 33
14 9 13
15 2 13
0 8 3
7 20 12
10 11 5
20 2 9
19 9 12
1 11 8
16 5 6
1 5 15
14 3 6
18 13 27
2 18 32
16 17 31
0 20 11
19 8 10
23 24 25
23 26 27
21 22 28
21 27 30
21 26 29
22 25 0
22 24 16
23 29 30
25 28 32
24 28 31
30 33 18
29 33 17
31 32 4
122
{[23, 22, 18, 14, 4]}
{[17, 16, 14, 12, 10]}
34
7 19 27
14 4 12
10 17 6
7 15 4
1 3 32
14 9 13
15 2 13
0 8 3
7 20 12
10 11 5
20 2 9
19 9 12
1 11 8
16 5 6
1 5 15
14 3 6
18 13 30
2 18 31
16 17 33
0 20 11
19 8 10
23 24 25
23 26 27
21 22 28
21 27 30
21 26 29
22 25 31
22 24 0
23 29 30
25 28 33
24 28 16
26 32 17
31 33 4
29 32 18
123
{[23, 22, 18, 14, 4]}
{[16, 13, 12, 11, 10]}
34
7 19 31
14 4 12
10 17 6
7 15 4
1 3 27
14 9 13
15 2 13
0 8 3
7 20 12
10 11 5
20 2 9
19 9 12
1 11 8
16 5 6
1 5 15
14 3 6
18 13 33
2 18 32
16 17 26
0 20 11
19 8 10
23 24 25
23 26 27
21 22 28
21 27 30
21 26 29
22 25 18
22 24 4
23 29 30
25 28 32
24 28 31
30 33 0
29 33 17
31 32 16
124
{[23, 22, 18, 14, 4]}
{[17, 16, 14, 12, 10]}
34
7 19 33
14 4 12
10 17 6
7 15 4
1 3 30
14 9 13
15 2 13
0 8 3
7 20 12
10 11 5
20 2 9
19 9 12
1 11 8
16 5 6
1 5 15
14 3 6
18 13 32
2 18 31
16 17 27
0 20 11
19 8 10
23 24 25
23 26 27
21 22 28
21 27 30
21 26 29
22 25 31
22 24 18
23 29 30
25 28 33
24 28 4
26 32 17
31 33 16
29 32 0
125
{[23, 22, 18, 14, 4]}
{[17, 16, 15, 13, 11]}
34
7 19 31
14 4 12
10 17 6
7 15 4
1 3 26
14 9 13
15 2 13
0 8 3
7 20 12
10 11 5
20 2 9
19 9 12
1 11 8
16 5 6
1 5 15
14 3 6
18 13 32
2 18 33
16 17 29
0 20 11
19 8 10
23 24 25
23 26 27
21 22 28
21 27 30
21 26 29
22 25 4
22 24 31
23 29 30
25 28 18
24 28 33
27 32 0
31 33 16
30 32 17
126
{[23, 22, 18, 14, 4]}
{[17, 16, 15, 13, 11]}
34
7 19 29
14 4 12
10 17 6
7 15 4
1 3 32
14 9 13
15 2 13
0 8 3
7 20 12
10 11 5
20 2 9
19 9 12
1 11 8
16 5 6
1 5 15
14 3 6
18 13 26
2 18 33
16 17 31
0 20 11
19 8 10
23 24 25
23 26 27
21 22 28
21 27 30
21 26 29
22 25 16
22 24 31
23 29 30
25 28 0
24 28 33
27 32 18
31 33 4
30 32 17
127
{[23, 22, 18, 14, 4]}
{[17, 15, 14, 13, 12]}
34
7 19 32
14 4 12
10 17 6
7 15 4
1 3 29
14 9 13
15 2 13
0 8 3
7 20 12
10 11 5
20 2 9
19 9 12
1 11 8
16 5 6
1 5 15
14 3 6
18 13 33
2 18 31
16 17 30
0 20 11
19 8 10
23 24 25
23 26 27
21 22 28
21 27 30
21 26 29
22 25 32
22 24 31
23 29 30
25 28 4
24 28 18
27 33 17
26 33 0
31 32 16
128
{[23, 22, 18, 14, 4]}
{[17, 15, 14, 13, 12]}
34
7 19 30
14 4 12
10 17 6
7 15 4
1 3 33
14 9 13
15 2 13
0 8 3
7 20 12
10 11 5
20 2 9
19 9 12
1 11 8
16 5 6
1 5 15
14 3 6
18 13 29
2 18 31
16 17 32
0 20 11
19 8 10
23 24 25
23 26 27
21 22 28
21 27 30
21 26 29
22 25 32
22 24 31
23 29 30
25 28 16
24 28 0
27 33 17
26 33 18
31 32 4
129
{[17, 16, 15, 7, 6]}
{[5, 4, 2, 1, 0]}
34
6 19 4
5 11 24
9 15 21
6 5 22
0 13 12
1 3 17
0 7 3
6 20 11
9 10 23
20 2 8
19 8 11
1 10 7
4 16 17
14 4 18
13 16 27
2 16 18
14 15 12
5 12 18
13 15 17
0 20 10
19 7 9
22 25 2
21 26 3
24 25 8
23 31 1
21 23 30
22 28 32
29 32 14
26 29 30
27 28 31
25 28 33
24 29 33
26 27 33
30 31 32
130
{[17, 16, 15, 7, 6]}
{[6, 3, 2, 1, 0]}
34
6 19 4
5 11 23
9 15 22
6 5 25
0 13 12
1 3 17
0 7 3
6 20 11
9 10 26
20 2 8
19 8 11
1 10 7
4 16 17
14 4 18
13 16 21
2 16 18
14 15 12
5 12 18
13 15 17
0 20 10
19 7 9
22 24 14
21 27 2
24 25 1
21 23 31
23 30 3
28 32 8
22 29 32
26 29 30
27 28 31
25 28 33
24 29 33
26 27 33
30 31 32
131
{[17, 16, 15, 7, 6]}
{[8, 7, 4, 2, 0]}
34
6 19 4
5 11 21
9 15 25
6 5 23
0 13 12
1 3 17
0 7 3
6 20 11
9 10 31
20 2 8
19 8 11
1 10 7
4 16 17
14 4 18
13 16 22
2 16 18
14 15 12
5 12 18
13 15 17
0 20 10
19 7 9
23 24 1
24 25 14
21 27 3
21 22 26
22 30 2
24 28 32
23 29 32
26 29 30
27 28 31
25 28 33
29 33 8
26 27 33
30 31 32
132
{[17, 16, 15, 7, 6]}
{[9, 7, 3, 2, 0]}
34
6 19 4
5 11 24
9 15 22
6 5 25
0 13 12
1 3 17
0 7 3
6 20 11
9 10 21
20 2 8
19 8 11
1 10 7
4 16 17
14 4 18
13 16 30
2 16 18
14 15 12
5 12 18
13 15 17
0 20 10
19 7 9
23 24 8
23 25 2
21 22 27
21 26 1
22 31 3
24 28 32
23 29 32
26 29 30
27 28 31
28 33 14
25 29 33
26 27 33
30 31 32
133
{[17, 16, 15, 7, 6]}
{[6, 3, 2, 1, 0]}
34
6 19 4
5 11 22
9 15 23
6 5 25
0 13 12
1 3 17
0 7 3
6 20 11
9 10 21
20 2 8
19 8 11
1 10 7
4 16 17
14 4 18
13 16 26
2 16 18
14 15 12
5 12 18
13 15 17
0 20 10
19 7 9
22 24 8
21 27 1
24 25 2
21 23 31
23 30 3
28 32 14
22 29 32
26 29 30
27 28 31
25 28 33
24 29 33
26 27 33
30 31 32
134
{[17, 16, 15, 7, 6]}
{[9, 7, 3, 2, 0]}
34
6 19 4
5 11 22
9 15 24
6 5 25
0 13 12
1 3 17
0 7 3
6 20 11
9 10 30
20 2 8
19 8 11
1 10 7
4 16 17
14 4 18
13 16 21
2 16 18
14 15 12
5 12 18
13 15 17
0 20 10
19 7 9
23 24 14
23 25 1
21 22 27
21 26 2
22 31 3
24 28 32
23 29 32
26 29 30
27 28 31
28 33 8
25 29 33
26 27 33
30 31 32
135
{[17, 16, 15, 7, 6]}
{[5, 4, 2, 1, 0]}
34
6 19 4
5 11 21
9 15 24
6 5 22
0 13 12
1 3 17
0 7 3
6 20 11
9 10 27
20 2 8
19 8 11
1 10 7
4 16 17
14 4 18
13 16 23
2 16 18
14 15 12
5 12 18
13 15 17
0 20 10
19 7 9
22 25 1
21 26 3
24 25 14
23 31 2
21 23 30
22 28 32
29 32 8
26 29 30
27 28 31
25 28 33
24 29 33
26 27 33
30 31 32
136
{[17, 16, 15, 7, 6]}
{[8, 7, 4, 2, 0]}
34
6 19 4
5 11 25
9 15 21
6 5 23
0 13 12
1 3 17
0 7 3
6 20 11
9 10 22
20 2 8
19 8 11
1 10 7
4 16 17
14 4 18
13 16 31
2 16 18
14 15 12
5 12 18
13 15 17
0 20 10
19 7 9
23 24 2
24 25 8
21 27 3
21 22 26
22 30 1
24 28 32
23 29 32
26 29 30
27 28 31
25 28 33
29 33 14
26 27 33
30 31 32
137
{[17, 16, 15, 7, 6]}
{[16, 13, 12, 11, 10]}
34
6 19 4
5 11 33
9 15 27
6 5 32
0 13 12
1 3 17
0 7 3
6 20 11
9 10 31
20 2 8
19 8 11
1 10 7
4 16 17
14 4 18
13 16 26
2 16 18
14 15 12
5 12 18
13 15 17
0 20 10
19 7 9
23 24 25
23 26 27
21 22 28
21 27 30
21 26 29
22 25 14
22 24 2
23 29 30
25 28 32
24 28 31
30 33 8
29 33 3
31 32 1
138
{[17, 16, 15, 7, 6]}
{[17, 16, 14, 12, 10]}
34
6 19 4
5 11 32
9 15 30
6 5 31
0 13 12
1 3 17
0 7 3
6 20 11
9 10 33
20 2 8
19 8 11
1 10 7
4 16 17
14 4 18
13 16 27
2 16 18
14 15 12
5 12 18
13 15 17
0 20 10
19 7 9
23 24 25
23 26 27
21 22 28
21 27 30
21 26 29
22 25 31
22 24 14
23 29 30
25 28 33
24 28 2
26 32 3
31 33 1
29 32 8
139
{[17, 16, 15, 7, 6]}
{[16, 13, 12, 11, 10]}
34
6 19 4
5 11 27
9 15 33
6 5 32
0 13 12
1 3 17
0 7 3
6 20 11
9 10 26
20 2 8
19 8 11
1 10 7
4 16 17
14 4 18
13 16 31
2 16 18
14 15 12
5 12 18
13 15 17
0 20 10
19 7 9
23 24 25
23 26 27
21 22 28
21 27 30
21 26 29
22 25 8
22 24 1
23 29 30
25 28 32
24 28 31
30 33 14
29 33 3
31 32 2
140
{[17, 16, 15, 7, 6]}
{[17, 16, 14, 12, 10]}
34
6 19 4
5 11 30
9 15 32
6 5 31
0 13 12
1 3 17
0 7 3
6 20 11
9 10 27
20 2 8
19 8 11
1 10 7
4 16 17
14 4 18
13 16 33
2 16 18
14 15 12
5 12 18
13 15 17
0 20 10
19 7 9
23 24 25
23 26 27
21 22 28
21 27 30
21 26 29
22 25 31
22 24 8
23 29 30
25 28 33
24 28 1
26 32 3
31 33 2
29 32 14
141
{[17, 16, 15, 7, 6]}
{[17, 16, 15, 13, 11]}
34
6 19 4
5 11 26
9 15 32
6 5 33
0 13 12
1 3 17
0 7 3
6 20 11
9 10 29
20 2 8
19 8 11
1 10 7
4 16 17
14 4 18
13 16 31
2 16 18
14 15 12
5 12 18
13 15 17
0 20 10
19 7 9
23 24 25
23 26 27
21 22 28
21 27 30
21 26 29
22 25 1
22 24 31
23 29 30
25 28 8
24 28 33
27 32 14
31 33 2
30 32 3
142
{[17, 16, 15, 7, 6]}
{[17, 16, 15, 13, 11]}
34
6 19 4
5 11 32
9 15 26
6 5 33
0 13 12
1 3 17
0 7 3
6 20 11
9 10 31
20 2 8
19 8 11
1 10 7
4 16 17
14 4 18
13 16 29
2 16 18
14 15 12
5 12 18
13 15 17
0 20 10
19 7 9
23 24 25
23 26 27
21 22 28
21 27 30
21 26 29
22 25 2
22 24 31
23 29 30
25 28 14
24 28 33
27 32 8
31 33 1
30 32 3
143
{[17, 16, 15, 7, 6]}
{[17, 15, 14, 13, 12]}
34
6 19 4
5 11 29
9 15 33
6 5 31
0 13 12
1 3 17
0 7 3
6 20 11
9 10 30
20 2 8
19 8 11
1 10 7
4 16 17
14 4 18
13 16 32
2 16 18
14 15 12
5 12 18
13 15 17
0 20 10
19 7 9
23 24 25
23 26 27
21 22 28
21 27 30
21 26 29
22 25 32
22 24 31
23 29 30
25 28 1
24 28 8
27 33 3
26 33 14
31 32 2
144
{[17, 16, 15, 7, 6]}
{[17, 15, 14, 13, 12]}
34
6 19 4
5 11 33
9 15 29
6 5 31
0 13 12
1 3 17
0 7 3
6 20 11
9 10 32
20 2 8
19 8 11
1 10 7
4 16 17
14 4 18
13 16 30
2 16 18
14 15 12
5 12 18
13 15 17
0 20 10
19 7 9
23 24 25
23 26 27
21 22 28
21 27 30
21 26 29
22 25 32
22 24 31
23 29 30
25 28 2
24 28 14
27 33 3
26 33 8
31 32 1
145
{[17, 16, 15, 7, 6]}
{[5, 4, 2, 1, 0]}
34
6 19 4
5 11 21
9 15 24
6 5 22
0 13 12
1 3 17
0 7 3
6 20 11
9 10 27
20 2 8
19 8 11
1 10 7
4 16 17
14 4 18
13 16 23
2 16 18
14 15 12
5 12 18
13 15 17
0 20 10
19 7 9
22 25 1
21 26 3
24 25 14
23 31 2
21 23 30
22 28 32
29 32 8
26 29 30
27 28 31
25 28 33
24 29 33
26 27 33
30 31 32
146
{[17, 16, 15, 7, 6]}
{[6, 3, 2, 1, 0]}
34
6 19 4
5 11 22
9 15 23
6 5 25
0 13 12
1 3 17
0 7 3
6 20 11
9 10 21
20 2 8
19 8 11
1 10 7
4 16 17
14 4 18
13 16 26
2 16 18
14 15 12
5 12 18
13 15 17
0 20 10
19 7 9
22 24 8
21 27 1
24 25 2
21 23 31
23 30 3
28 32 14
22 29 32
26 29 30
27 28 31
25 28 33
24 29 33
26 27 33
30 31 32
147
{[17, 16, 15, 7, 6]}
{[8, 7, 4, 2, 0]}
34
6 19 4
5 11 25
9 15 21
6 5 23
0 13 12
1 3 17
0 7 3
6 20 11
9 10 22
20 2 8
19 8 11
1 10 7
4 16 17
14 4 18
13 16 31
2 16 18
14 15 12
5 12 18
13 15 17
0 20 10
19 7 9
23 24 2
24 25 8
21 27 3
21 22 26
22 30 1
24 28 32
23 29 32
26 29 30
27 28 31
25 28 33
29 33 14
26 27 33
30 31 32
148
{[17, 16, 15, 7, 6]}
{[9, 7, 3, 2, 0]}
34
6 19 4
5 11 22
9 15 24
6 5 25
0 13 12
1 3 17
0 7 3
6 20 11
9 10 30
20 2 8
19 8 11
1 10 7
4 16 17
14 4 18
13 16 21
2 16 18
14 15 12
5 12 18
13 15 17
0 20 10
19 7 9
23 24 14
23 25 1
21 22 27
21 26 2
22 31 3
24 28 32
23 29 32
26 29 30
27 28 31
28 33 8
25 29 33
26 27 33
30 31 32
149
{[17, 16, 15, 7, 6]}
{[6, 3, 2, 1, 0]}
34
6 19 4
5 11 23
9 15 22
6 5 25
0 13 12
1 3 17
0 7 3
6 20 11
9 10 26
20 2 8
19 8 11
1 10 7
4 16 17
14 4 18
13 16 21
2 16 18
14 15 12
5 12 18
13 15 17
0 20 10
19 7 9
22 24 14
21 27 2
24 25 1
21 23 31
23 30 3
28 32 8
22 29 32
26 29 30
27 28 31
25 28 33
24 29 33
26 27 33
30 31 32
150
{[17, 16, 15, 7, 6]}
{[9, 7, 3, 2, 0]}
34
6 19 4
5 11 24
9 15 22
6 5 25
0 13 12
1 3 17
0 7 3
6 20 11
9 10 21
20 2 8
19 8 11
1 10 7
4 16 17
14 4 18
13 16 30
2 16 18
14 15 12
5 12 18
13 15 17
0 20 10
19 7 9
23 24 8
23 25 2
21 22 27
21 26 1
22 31 3
24 28 32
23 29 32
26 29 30
27 28 31
28 33 14
25 29 33
26 27 33
30 31 32
151
{[17, 16, 15, 7, 6]}
{[5, 4, 2, 1, 0]}
34
6 19 4
5 11 24
9 15 21
6 5 22
0 13 12
1 3 17
0 7 3
6 20 11
9 10 23
20 2 8
19 8 11
1 10 7
4 16 17
14 4 18
13 16 27
2 16 18
14 15 12
5 12 18
13 15 17
0 20 10
19 7 9
22 25 2
21 26 3
24 25 8
23 31 1
21 23 30
22 28 32
29 32 14
26 29 30
27 28 31
25 28 33
24 29 33
26 27 33
30 31 32
152
{[17, 16, 15, 7, 6]}
{[8, 7, 4, 2, 0]}
34
6 19 4
5 11 21
9 15 25
6 5 23
0 13 12
1 3 17
0 7 3
6 20 11
9 10 31
20 2 8
19 8 11
1 10 7
4 16 17
14 4 18
13 16 22
2 16 18
14 15 12
5 12 18
13 15 17
0 20 10
19 7 9
23 24 1
24 25 14
21 27 3
21 22 26
22 30 2
24 28 32
23 29 32
26 29 30
27 28 31
25 28 33
29 33 8
26 27 33
30 31 32
153
{[17, 16, 15, 7, 6]}
{[16, 13, 12, 11, 10]}
34
6 19 4
5 11 27
9 15 33
6 5 32
0 13 12
1 3 17
0 7 3
6 20 11
9 10 26
20 2 8
19 8 11
1 10 7
4 16 17
14 4 18
13 16 31
2 16 18
14 15 12
5 12 18
13 15 17
0 20 10
19 7 9
23 24 25
23 26 27
21 22 28
21 27 30
21 26 29
22 25 8
22 24 1
23 29 30
25 28 32
24 28 31
30 33 14
29 33 3
31 32 2
154
{[17, 16, 15, 7, 6]}
{[17, 16, 14, 12, 10]}
34
6 19 4
5 11 30
9 15 32
6 5 31
0 13 12
1 3 17
0 7 3
6 20 11
9 10 27
20 2 8
19 8 11
1 10 7
4 16 17
14 4 18
13 16 33
2 16 18
14 15 12
5 12 18
13 15 17
0 20 10
19 7 9
23 24 25
23 26 27
21 22 28
21 27 30
21 26 29
22 25 31
22 24 8
23 29 30
25 28 33
24 28 1
26 32 3
31 33 2
29 32 14
155
{[17, 16, 15, 7, 6]}
{[16, 13, 12, 11, 10]}
34
6 19 4
5 11 33
9 15 27
6 5 32
0 13 12
1 3 17
0 7 3
6 20 11
9 10 31
20 2 8
19 8 11
1 10 7
4 16 17
14 4 18
13 16 26
2 16 18
14 15 12
5 12 18
13 15 17
0 20 10
19 7 9
23 24 25
23 26 27
21 22 28
21 27 30
21 26 29
22 25 14
22 24 2
23 29 30
25 28 32
24 28 31
30 33 8
29 33 3
31 32 1
156
{[17, 16, 15, 7, 6]}
{[17, 16, 14, 12, 10]}
34
6 19 4
5 11 32
9 15 30
6 5 31
0 13 12
1 3 17
0 7 3
6 20 11
9 10 33
20 2 8
19 8 11
1 10 7
4 16 17
14 4 18
13 16 27
2 16 18
14 15 12
5 12 18
13 15 17
0 20 10
19 7 9
23 24 25
23 26 27
21 22 28
21 27 30
21 26 29
22 25 31
22 24 14
23 29 30
25 28 33
24 28 2
26 32 3
31 33 1
29 32 8
157
{[17, 16, 15, 7, 6]}
{[17, 16, 15, 13, 11]}
34
6 19 4
5 11 32
9 15 26
6 5 33
0 13 12
1 3 17
0 7 3
6 20 11
9 10 31
20 2 8
19 8 11
1 10 7
4 16 17
14 4 18
13 16 29
2 16 18
14 15 12
5 12 18
13 15 17
0 20 10
19 7 9
23 24 25
23 26 27
21 22 28
21 27 30
21 26 29
22 25 2
22 24 31
23 29 30
25 28 14
24 28 33
27 32 8
31 33 1
30 32 3
158
{[17, 16, 15, 7, 6]}
{[17, 16, 15, 13, 11]}
34
6 19 4
5 11 26
9 15 32
6 5 33
0 13 12
1 3 17
0 7 3
6 20 11
9 10 29
20 2 8
19 8 11
1 10 7
4 16 17
14 4 18
13 16 31
2 16 18
14 15 12
5 12 18
13 15 17
0 20 10
19 7 9
23 24 25
23 26 27
21 22 28
21 27 30
21 26 29
22 25 1
22 24 31
23 29 30
25 28 8
24 28 33
27 32 14
31 33 2
30 32 3
159
{[17, 16, 15, 7, 6]}
{[17, 15, 14, 13, 12]}
34
6 19 4
5 11 33
9 15 29
6 5 31
0 13 12
1 3 17
0 7 3
6 20 11
9 10 32
20 2 8
19 8 11
1 10 7
4 16 17
14 4 18
13 16 30
2 16 18
14 15 12
5 12 18
13 15 17
0 20 10
19 7 9
23 24 25
23 26 27
21 22 28
21 27 30
21 26 29
22 25 32
22 24 31
23 29 30
25 28 2
24 28 14
27 33 3
26 33 8
31 32 1
160
{[17, 16, 15, 7, 6]}
{[17, 15, 14, 13, 12]}
34
6 19 4
5 11 29
9 15 33
6 5 31
0 13 12
1 3 17
0 7 3
6 20 11
9 10 30
20 2 8
19 8 11
1 10 7
4 16 17
14 4 18
13 16 32
2 16 18
14 15 12
5 12 18
13 15 17
0 20 10
19 7 9
23 24 25
23 26 27
21 22 28
21 27 30
21 26 29
22 25 32
22 24 31
23 29 30
25 28 1
24 28 8
27 33 3
26 33 14
31 32 2
161
{[25, 24, 13, 12, 9]}
{[5, 4, 2, 1, 0]}
34
8 4 24
13 5 21
10 17 7
8 14 5
0 15 11
1 3 19
13 9 12
14 2 12
0 3 27
10 6 22
2 9 23
4 18 19
16 6 7
1 6 14
13 3 7
16 4 20
15 18 12
2 18 20
16 17 11
5 11 20
15 17 19
22 25 1
21 26 9
24 25 10
23 31 0
21 23 30
22 28 32
29 32 8
26 29 30
27 28 31
25 28 33
24 29 33
26 27 33
30 31 32
162
{[25, 24, 13, 12, 9]}
{[6, 3, 2, 1, 0]}
34
8 4 23
13 5 22
10 17 7
8 14 5
0 15 11
1 3 19
13 9 12
14 2 12
0 3 21
10 6 25
2 9 26
4 18 19
16 6 7
1 6 14
13 3 7
16 4 20
15 18 12
2 18 20
16 17 11
5 11 20
15 17 19
22 24 8
21 27 1
24 25 0
21 23 31
23 30 9
28 32 10
22 29 32
26 29 30
27 28 31
25 28 33
24 29 33
26 27 33
30 31 32
163
{[25, 24, 13, 12, 9]}
{[8, 7, 4, 2, 0]}
34
8 4 21
13 5 25
10 17 7
8 14 5
0 15 11
1 3 19
13 9 12
14 2 12
0 3 22
10 6 23
2 9 31
4 18 19
16 6 7
1 6 14
13 3 7
16 4 20
15 18 12
2 18 20
16 17 11
5 11 20
15 17 19
23 24 0
24 25 8
21 27 9
21 22 26
22 30 1
24 28 32
23 29 32
26 29 30
27 28 31
25 28 33
29 33 10
26 27 33
30 31 32
164
{[25, 24, 13, 12, 9]}
{[9, 7, 3, 2, 0]}
34
8 4 24
13 5 22
10 17 7
8 14 5
0 15 11
1 3 19
13 9 12
14 2 12
0 3 30
10 6 25
2 9 21
4 18 19
16 6 7
1 6 14
13 3 7
16 4 20
15 18 12
2 18 20
16 17 11
5 11 20
15 17 19
23 24 10
23 25 1
21 22 27
21 26 0
22 31 9
24 28 32
23 29 32
26 29 30
27 28 31
28 33 8
25 29 33
26 27 33
30 31 32
165
{[25, 24, 13, 12, 9]}
{[6, 3, 2, 1, 0]}
34
8 4 22
13 5 23
10 17 7
8 14 5
0 15 11
1 3 19
13 9 12
14 2 12
0 3 26
10 6 25
2 9 21
4 18 19
16 6 7
1 6 14
13 3 7
16 4 20
15 18 12
2 18 20
16 17 11
5 11 20
15 17 19
22 24 10
21 27 0
24 25 1
21 23 31
23 30 9
28 32 8
22 29 32
26 29 30
27 28 31
25 28 33
24 29 33
26 27 33
30 31 32
166
{[25, 24, 13, 12, 9]}
{[9, 7, 3, 2, 0]}
34
8 4 22
13 5 24
10 17 7
8 14 5
0 15 11
1 3 19
13 9 12
14 2 12
0 3 21
10 6 25
2 9 30
4 18 19
16 6 7
1 6 14
13 3 7
16 4 20
15 18 12
2 18 20
16 17 11
5 11 20
15 17 19
23 24 8
23 25 0
21 22 27
21 26 1
22 31 9
24 28 32
23 29 32
26 29 30
27 28 31
28 33 10
25 29 33
26 27 33
30 31 32
167
{[25, 24, 13, 12, 9]}
{[5, 4, 2, 1, 0]}
34
8 4 21
13 5 24
10 17 7
8 14 5
0 15 11
1 3 19
13 9 12
14 2 12
0 3 23
10 6 22
2 9 27
4 18 19
16 6 7
1 6 14
13 3 7
16 4 20
15 18 12
2 18 20
16 17 11
5 11 20
15 17 19
22 25 0
21 26 9
24 25 8
23 31 1
21 23 30
22 28 32
29 32 10
26 29 30
27 28 31
25 28 33
24 29 33
26 27 33
30 31 32
168
{[25, 24, 13, 12, 9]}
{[8, 7, 4, 2, 0]}
34
8 4 25
13 5 21
10 17 7
8 14 5
0 15 11
1 3 19
13 9 12
14 2 12
0 3 31
10 6 23
2 9 22
4 18 19
16 6 7
1 6 14
13 3 7
16 4 20
15 18 12
2 18 20
16 17 11
5 11 20
15 17 19
23 24 1
24 25 10
21 27 9
21 22 26
22 30 0
24 28 32
23 29 32
26 29 30
27 28 31
25 28 33
29 33 8
26 27 33
30 31 32
169
{[25, 24, 13, 12, 9]}
{[16, 13, 12, 11, 10]}
34
8 4 33
13 5 27
10 17 7
8 14 5
0 15 11
1 3 19
13 9 12
14 2 12
0 3 26
10 6 32
2 9 31
4 18 19
16 6 7
1 6 14
13 3 7
16 4 20
15 18 12
2 18 20
16 17 11
5 11 20
15 17 19
23 24 25
23 26 27
21 22 28
21 27 30
21 26 29
22 25 8
22 24 1
23 29 30
25 28 32
24 28 31
30 33 10
29 33 9
31 32 0
170
{[25, 24, 13, 12, 9]}
{[17, 16, 14, 12, 10]}
34
8 4 32
13 5 30
10 17 7
8 14 5
0 15 11
1 3 19
13 9 12
14 2 12
0 3 27
10 6 31
2 9 33
4 18 19
16 6 7
1 6 14
13 3 7
16 4 20
15 18 12
2 18 20
16 17 11
5 11 20
15 17 19
23 24 25
23 26 27
21 22 28
21 27 30
21 26 29
22 25 31
22 24 8
23 29 30
25 28 33
24 28 1
26 32 9
31 33 0
29 32 10
171
{[25, 24, 13, 12, 9]}
{[16, 13, 12, 11, 10]}
34
8 4 27
13 5 33
10 17 7
8 14 5
0 15 11
1 3 19
13 9 12
14 2 12
0 3 31
10 6 32
2 9 26
4 18 19
16 6 7
1 6 14
13 3 7
16 4 20
15 18 12
2 18 20
16 17 11
5 11 20
15 17 19
23 24 25
23 26 27
21 22 28
21 27 30
21 26 29
22 25 10
22 24 0
23 29 30
25 28 32
24 28 31
30 33 8
29 33 9
31 32 1
172
{[25, 24, 13, 12, 9]}
{[17, 16, 14, 12, 10]}
34
8 4 30
13 5 32
10 17 7
8 14 5
0 15 11
1 3 19
13 9 12
14 2 12
0 3 33
10 6 31
2 9 27
4 18 19
16 6 7
1 6 14
13 3 7
16 4 20
15 18 12
2 18 20
16 17 11
5 11 20
15 17 19
23 24 25
23 26 27
21 22 28
21 27 30
21 26 29
22 25 31
22 24 10
23 29 30
25 28 33
24 28 0
26 32 9
31 33 1
29 32 8
173
{[25, 24, 13, 12, 9]}
{[17, 16, 15, 13, 11]}
34
8 4 26
13 5 32
10 17 7
8 14 5
0 15 11
1 3 19
13 9 12
14 2 12
0 3 31
10 6 33
2 9 29
4 18 19
16 6 7
1 6 14
13 3 7
16 4 20
15 18 12
2 18 20
16 17 11
5 11 20
15 17 19
23 24 25
23 26 27
21 22 28
21 27 30
21 26 29
22 25 0
22 24 31
23 29 30
25 28 10
24 28 33
27 32 8
31 33 1
30 32 9
174
{[25, 24, 13, 12, 9]}
{[17, 16, 15, 13, 11]}
34
8 4 32
13 5 26
10 17 7
8 14 5
0 15 11
1 3 19
13 9 12
14 2 12
0 3 29
10 6 33
2 9 31
4 18 19
16 6 7
1 6 14
13 3 7
16 4 20
15 18 12
2 18 20
16 17 11
5 11 20
15 17 19
23 24 25
23 26 27
21 22 28
21 27 30
21 26 29
22 25 1
22 24 31
23 29 30
25 28 8
24 28 33
27 32 10
31 33 0
30 32 9
175
{[25, 24, 13, 12, 9]}
{[17, 15, 14, 13, 12]}
34
8 4 29
13 5 33
10 17 7
8 14 5
0 15 11
1 3 19
13 9 12
14 2 12
0 3 32
10 6 31
2 9 30
4 18 19
16 6 7
1 6 14
13 3 7
16 4 20
15 18 12
2 18 20
16 17 11
5 11 20
15 17 19
23 24 25
23 26 27
21 22 28
21 27 30
21 26 29
22 25 32
22 24 31
23 29 30
25 28 0
24 28 10
27 33 9
26 33 8
31 32 1
176
{[25, 24, 13, 12, 9]}
{[17, 15, 14, 13, 12]}
34
8 4 33
13 5 29
10 17 7
8 14 5
0 15 11
1 3 19
13 9 12
14 2 12
0 3 30
10 6 31
2 9 32
4 18 19
16 6 7
1 6 14
13 3 7
16 4 20
15 18 12
2 18 20
16 17 11
5 11 20
15 17 19
23 24 25
23 26 27
21 22 28
21 27 30
21 26 29
22 25 32
22 24 31
23 29 30
25 28 1
24 28 8
27 33 9
26 33 10
31 32 0
177
{[25, 24, 13, 12, 9]}
{[5, 4, 2, 1, 0]}
34
8 4 21
13 5 24
10 17 7
8 14 5
0 15 11
1 3 19
13 9 12
14 2 12
0 3 23
10 6 22
2 9 27
4 18 19
16 6 7
1 6 14
13 3 7
16 4 20
15 18 12
2 18 20
16 17 11
5 11 20
15 17 19
22 25 0
21 26 9
24 25 8
23 31 1
21 23 30
22 28 32
29 32 10
26 29 30
27 28 31
25 28 33
24 29 33
26 27 33
30 31 32
178
{[25, 24, 13, 12, 9]}
{[6, 3, 2, 1, 0]}
34
8 4 22
13 5 23
10 17 7
8 14 5
0 15 11
1 3 19
13 9 12
14 2 12
0 3 26
10 6 25
2 9 21
4 18 19
16 6 7
1 6 14
13 3 7
16 4 20
15 18 12
2 18 20
16 17 11
5 11 20
15 17 19
22 24 10
21 27 0
24 25 1
21 23 31
23 30 9
28 32 8
22 29 32
26 29 30
27 28 31
25 28 33
24 29 33
26 27 33
30 31 32
179
{[25, 24, 13, 12, 9]}
{[8, 7, 4, 2, 0]}
34
8 4 25
13 5 21
10 17 7
8 14 5
0 15 11
1 3 19
13 9 12
14 2 12
0 3 31
10 6 23
2 9 22
4 18 19
16 6 7
1 6 14
13 3 7
16 4 20
15 18 12
2 18 20
16 17 11
5 11 20
15 17 19
23 24 1
24 25 10
21 27 9
21 22 26
22 30 0
24 28 32
23 29 32
26 29 30
27 28 31
25 28 33
29 33 8
26 27 33
30 31 32
180
{[25, 24, 13, 12, 9]}
{[9, 7, 3, 2, 0]}
34
8 4 22
13 5 24
10 17 7
8 14 5
0 15 11
1 3 19
13 9 12
14 2 12
0 3 21
10 6 25
2 9 30
4 18 19
16 6 7
1 6 14
13 3 7
16 4 20
15 18 12
2 18 20
16 17 11
5 11 20
15 17 19
23 24 8
23 25 0
21 22 27
21 26 1
22 31 9
24 28 32
23 29 32
26 29 30
27 28 31
28 33 10
25 29 33
26 27 33
30 31 32
181
{[25, 24, 13, 12, 9]}
{[6, 3, 2, 1, 0]}
34
8 4 23
13 5 22
10 17 7
8 14 5
0 15 11
1 3 19
13 9 12
14 2 12
0 3 21
10 6 25
2 9 26
4 18 19
16 6 7
1 6 14
13 3 7
16 4 20
15 18 12
2 18 20
16 17 11
5 11 20
15 17 19
22 24 8
21 27 1
24 25 0
21 23 31
23 30 9
28 32 10
22 29 32
26 29 30
27 28 31
25 28 33
24 29 33
26 27 33
30 31 32
182
{[25, 24, 13, 12, 9]}
{[9, 7, 3, 2, 0]}
34
8 4 24
13 5 22
10 17 7
8 14 5
0 15 11
1 3 19
13 9 12
14 2 12
0 3 30
10 6 25
2 9 21
4 18 19
16 6 7
1 6 14
13 3 7
16 4 20
15 18 12
2 18 20
16 17 11
5 11 20
15 17 19
23 24 10
23 25 1
21 22 27
21 26 0
22 31 9
24 28 32
23 29 32
26 29 30
27 28 31
28 33 8
25 29 33
26 27 33
30 31 32
183
{[25, 24, 13, 12, 9]}
{[5, 4, 2, 1, 0]}
34
8 4 24
13 5 21
10 17 7
8 14 5
0 15 11
1 3 19
13 9 12
14 2 12
0 3 27
10 6 22
2 9 23
4 18 19
16 6 7
1 6 14
13 3 7
16 4 20
15 18 12
2 18 20
16 17 11
5 11 20
15 17 19
22 25 1
21 26 9
24 25 10
23 31 0
21 23 30
22 28 32
29 32 8
26 29 30
27 28 31
25 28 33
24 29 33
26 27 33
30 31 32
184
{[25, 24, 13, 12, 9]}
{[8, 7, 4, 2, 0]}
34
8 4 21
13 5 25
10 17 7
8 14 5
0 15 11
1 3 19
13 9 12
14 2 12
0 3 22
10 6 23
2 9 31
4 18 19
16 6 7
1 6 14
13 3 7
16 4 20
15 18 12
2 18 20
16 17 11
5 11 20
15 17 19
23 24 0
24 25 8
21 27 9
21 22 26
22 30 1
24 28 32
23 29 32
26 29 30
27 28 31
25 28 33
29 33 10
26 27 33
30 31 32
185
{[25, 24, 13, 12, 9]}
{[16, 13, 12, 11, 10]}
34
8 4 27
13 5 33
10 17 7
8 14 5
0 15 11
1 3 19
13 9 12
14 2 12
0 3 31
10 6 32
2 9 26
4 18 19
16 6 7
1 6 14
13 3 7
16 4 20
15 18 12
2 18 20
16 17 11
5 11 20
15 17 19
23 24 25
23 26 27
21 22 28
21 27 30
21 26 29
22 25 10
22 24 0
23 29 30
25 28 32
24 28 31
30 33 8
29 33 9
31 32 1
186
{[25, 24, 13, 12, 9]}
{[17, 16, 14, 12, 10]}
34
8 4 30
13 5 32
10 17 7
8 14 5
0 15 11
1 3 19
13 9 12
14 2 12
0 3 33
10 6 31
2 9 27
4 18 19
16 6 7
1 6 14
13 3 7
16 4 20
15 18 12
2 18 20
16 17 11
5 11 20
15 17 19
23 24 25
23 26 27
21 22 28
21 27 30
21 26 29
22 25 31
22 24 10
23 29 30
25 28 33
24 28 0
26 32 9
31 33 1
29 32 8
187
{[25, 24, 13, 12, 9]}
{[16, 13, 12, 11, 10]}
34
8 4 33
13 5 27
10 17 7
8 14 5
0 15 11
1 3 19
13 9 12
14 2 12
0 3 26
10 6 32
2 9 31
4 18 19
16 6 7
1 6 14
13 3 7
16 4 20
15 18 12
2 18 20
16 17 11
5 11 20
15 17 19
23 24 25
23 26 27
21 22 28
21 27 30
21 26 29
22 25 8
22 24 1
23 29 30
25 28 32
24 28 31
30 33 10
29 33 9
31 32 0
188
{[25, 24, 13, 12, 9]}
{[17, 16, 14, 12, 10]}
34
8 4 32
13 5 30
10 17 7
8 14 5
0 15 11
1 3 19
13 9 12
14 2 12
0 3 27
10 6 31
2 9 33
4 18 19
16 6 7
1 6 14
13 3 7
16 4 20
15 18 12
2 18 20
16 17 11
5 11 20
15 17 19
23 24 25
23 26 27
21 22 28
21 27 30
21 26 29
22 25 31
22 24 8
23 29 30
25 28 33
24 28 1
26 32 9
31 33 0
29 32 10
189
{[25, 24, 13, 12, 9]}
{[17, 16, 15, 13, 11]}
34
8 4 32
13 5 26
10 17 7
8 14 5
0 15 11
1 3 19
13 9 12
14 2 12
0 3 29
10 6 33
2 9 31
4 18 19
16 6 7
1 6 14
13 3 7
16 4 20
15 18 12
2 18 20
16 17 11
5 11 20
15 17 19
23 24 25
23 26 27
21 22 28
21 27 30
21 26 29
22 25 1
22 24 31
23 29 30
25 28 8
24 28 33
27 32 10
31 33 0
30 32 9
190
{[25, 24, 13, 12, 9]}
{[17, 16, 15, 13, 11]}
34
8 4 26
13 5 32
10 17 7
8 14 5
0 15 11
1 3 19
13 9 12
14 2 12
0 3 31
10 6 33
2 9 29
4 18 19
16 6 7
1 6 14
13 3 7
16 4 20
15 18 12
2 18 20
16 17 11
5 11 20
15 17 19
23 24 25
23 26 27
21 22 28
21 27 30
21 26 29
22 25 0
22 24 31
23 29 30
25 28 10
24 28 33
27 32 8
31 33 1
30 32 9
191
{[25, 24, 13, 12, 9]}
{[17, 15, 14, 13, 12]}
34
8 4 33
13 5 29
10 17 7
8 14 5
0 15 11
1 3 19
13 9 12
14 2 12
0 3 30
10 6 31
2 9 32
4 18 19
16 6 7
1 6 14
13 3 7
16 4 20
15 18 12
2 18 20
16 17 11
5 11 20
15 17 19
23 24 25
23 26 27
21 22 28
21 27 30
21 26 29
22 25 32
22 24 31
23 29 30
25 28 1
24 28 8
27 33 9
26 33 10
31 32 0
192
{[25, 24, 13, 12, 9]}
{[17, 15, 14, 13, 12]}
34
8 4 29
13 5 33
10 17 7
8 14 5
0 15 11
1 3 19
13 9 12
14 2 12
0 3 32
10 6 31
2 9 30
4 18 19
16 6 7
1 6 14
13 3 7
16 4 20
15 18 12
2 18 20
16 17 11
5 11 20
15 17 19
23 24 25
23 26 27
21 22 28
21 27 30
21 26 29
22 25 32
22 24 31
23 29 30
25 28 0
24 28 10
27 33 9
26 33 8
31 32 1
193
{[25, 24, 12, 11, 10]}
{[5, 4, 2, 1, 0]}
34
8 4 23
13 5 10
17 7 22
8 14 5
0 15 11
1 3 19
13 12 21
14 2 12
0 9 3
8 10 24
1 9 27
4 18 19
16 6 7
1 6 14
13 3 7
16 4 20
15 18 12
2 18 20
16 17 11
5 11 20
15 17 19
22 25 6
21 26 2
24 25 0
23 31 9
21 23 30
22 28 32
29 32 10
26 29 30
27 28 31
25 28 33
24 29 33
26 27 33
30 31 32
194
{[25, 24, 12, 11, 10]}
{[6, 3, 2, 1, 0]}
34
8 4 26
13 5 10
17 7 25
8 14 5
0 15 11
1 3 19
13 12 22
14 2 12
0 9 3
8 10 23
1 9 21
4 18 19
16 6 7
1 6 14
13 3 7
16 4 20
15 18 12
2 18 20
16 17 11
5 11 20
15 17 19
22 24 10
21 27 6
24 25 9
21 23 31
23 30 2
28 32 0
22 29 32
26 29 30
27 28 31
25 28 33
24 29 33
26 27 33
30 31 32
195
{[25, 24, 12, 11, 10]}
{[8, 7, 4, 2, 0]}
34
8 4 31
13 5 10
17 7 23
8 14 5
0 15 11
1 3 19
13 12 25
14 2 12
0 9 3
8 10 21
1 9 22
4 18 19
16 6 7
1 6 14
13 3 7
16 4 20
15 18 12
2 18 20
16 17 11
5 11 20
15 17 19
23 24 9
24 25 10
21 27 2
21 22 26
22 30 6
24 28 32
23 29 32
26 29 30
27 28 31
25 28 33
29 33 0
26 27 33
30 31 32
196
{[25, 24, 12, 11, 10]}
{[9, 7, 3, 2, 0]}
34
8 4 21
13 5 10
17 7 25
8 14 5
0 15 11
1 3 19
13 12 22
14 2 12
0 9 3
8 10 24
1 9 30
4 18 19
16 6 7
1 6 14
13 3 7
16 4 20
15 18 12
2 18 20
16 17 11
5 11 20
15 17 19
23 24 0
23 25 6
21 22 27
21 26 9
22 31 2
24 28 32
23 29 32
26 29 30
27 28 31
28 33 10
25 29 33
26 27 33
30 31 32
197
{[25, 24, 12, 11, 10]}
{[6, 3, 2, 1, 0]}
34
8 4 21
13 5 10
17 7 25
8 14 5
0 15 11
1 3 19
13 12 23
14 2 12
0 9 3
8 10 22
1 9 26
4 18 19
16 6 7
1 6 14
13 3 7
16 4 20
15 18 12
2 18 20
16 17 11
5 11 20
15 17 19
22 24 0
21 27 9
24 25 6
21 23 31
23 30 2
28 32 10
22 29 32
26 29 30
27 28 31
25 28 33
24 29 33
26 27 33
30 31 32
198
{[25, 24, 12, 11, 10]}
{[9, 7, 3, 2, 0]}
34
8 4 30
13 5 10
17 7 25
8 14 5
0 15 11
1 3 19
13 12 24
14 2 12
0 9 3
8 10 22
1 9 21
4 18 19
16 6 7
1 6 14
13 3 7
16 4 20
15 18 12
2 18 20
16 17 11
5 11 20
15 17 19
23 24 10
23 25 9
21 22 27
21 26 6
22 31 2
24 28 32
23 29 32
26 29 30
27 28 31
28 33 0
25 29 33
26 27 33
30 31 32
199
{[25, 24, 12, 11, 10]}
{[5, 4, 2, 1, 0]}
34
8 4 27
13 5 10
17 7 22
8 14 5
0 15 11
1 3 19
13 12 24
14 2 12
0 9 3
8 10 21
1 9 23
4 18 19
16 6 7
1 6 14
13 3 7
16 4 20
15 18 12
2 18 20
16 17 11
5 11 20
15 17 19
22 25 9
21 26 2
24 25 10
23 31 6
21 23 30
22 28 32
29 32 0
26 29 30
27 28 31
25 28 33
24 29 33
26 27 33
30 31 32
200
{[25, 24, 12, 11, 10]}
{[8, 7, 4, 2, 0]}
34
8 4 22
13 5 10
17 7 23
8 14 5
0 15 11
1 3 19
13 12 21
14 2 12
0 9 3
8 10 25
1 9 31
4 18 19
16 6 7
1 6 14
13 3 7
16 4 20
15 18 12
2 18 20
16 17 11
5 11 20
15 17 19
23 24 6
24 25 0
21 27 2
21 22 26
22 30 9
24 28 32
23 29 32
26 29 30
27 28 31
25 28 33
29 33 10
26 27 33
30 31 32
201
{[25, 24, 12, 11, 10]}
{[16, 13, 12, 11, 10]}
34
8 4 31
13 5 10
17 7 32
8 14 5
0 15 11
1 3 19
13 12 27
14 2 12
0 9 3
8 10 33
1 9 26
4 18 19
16 6 7
1 6 14
13 3 7
16 4 20
15 18 12
2 18 20
16 17 11
5 11 20
15 17 19
23 24 25
23 26 27
21 22 28
21 27 30
21 26 29
22 25 10
22 24 6
23 29 30
25 28 32
24 28 31
30 33 0
29 33 2
31 32 9
202
{[25, 24, 12, 11, 10]}
{[17, 16, 14, 12, 10]}
34
8 4 33
13 5 10
17 7 31
8 14 5
0 15 11
1 3 19
13 12 30
14 2 12
0 9 3
8 10 32
1 9 27
4 18 19
16 6 7
1 6 14
13 3 7
16 4 20
15 18 12
2 18 20
16 17 11
5 11 20
15 17 19
23 24 25
23 26 27
21 22 28
21 27 30
21 26 29
22 25 31
22 24 10
23 29 30
25 28 33
24 28 6
26 32 2
31 33 9
29 32 0
203
{[25, 24, 12, 11, 10]}
{[16, 13, 12, 11, 10]}
34
8 4 26
13 5 10
17 7 32
8 14 5
0 15 11
1 3 19
13 12 33
14 2 12
0 9 3
8 10 27
1 9 31
4 18 19
16 6 7
1 6 14
13 3 7
16 4 20
15 18 12
2 18 20
16 17 11
5 11 20
15 17 19
23 24 25
23 26 27
21 22 28
21 27 30
21 26 29
22 25 0
22 24 9
23 29 30
25 28 32
24 28 31
30 33 10
29 33 2
31 32 6
204
{[25, 24, 12, 11, 10]}
{[17, 16, 14, 12, 10]}
34
8 4 27
13 5 10
17 7 31
8 14 5
0 15 11
1 3 19
13 12 32
14 2 12
0 9 3
8 10 30
1 9 33
4 18 19
16 6 7
1 6 14
13 3 7
16 4 20
15 18 12
2 18 20
16 17 11
5 11 20
15 17 19
23 24 25
23 26 27
21 22 28
21 27 30
21 26 29
22 25 31
22 24 0
23 29 30
25 28 33
24 28 9
26 32 2
31 33 6
29 32 10
205
{[25, 24, 12, 11, 10]}
{[17, 16, 15, 13, 11]}
34
8 4 29
13 5 10
17 7 33
8 14 5
0 15 11
1 3 19
13 12 32
14 2 12
0 9 3
8 10 26
1 9 31
4 18 19
16 6 7
1 6 14
13 3 7
16 4 20
15 18 12
2 18 20
16 17 11
5 11 20
15 17 19
23 24 25
23 26 27
21 22 28
21 27 30
21 26 29
22 25 9
22 24 31
23 29 30
25 28 0
24 28 33
27 32 10
31 33 6
30 32 2
206
{[25, 24, 12, 11, 10]}
{[17, 16, 15, 13, 11]}
34
8 4 31
13 5 10
17 7 33
8 14 5
0 15 11
1 3 19
13 12 26
14 2 12
0 9 3
8 10 32
1 9 29
4 18 19
16 6 7
1 6 14
13 3 7
16 4 20
15 18 12
2 18 20
16 17 11
5 11 20
15 17 19
23 24 25
23 26 27
21 22 28
21 27 30
21 26 29
22 25 6
22 24 31
23 29 30
25 28 10
24 28 33
27 32 0
31 33 9
30 32 2
207
{[25, 24, 12, 11, 10]}
{[17, 15, 14, 13, 12]}
34
8 4 30
13 5 10
17 7 31
8 14 5
0 15 11
1 3 19
13 12 33
14 2 12
0 9 3
8 10 29
1 9 32
4 18 19
16 6 7
1 6 14
13 3 7
16 4 20
15 18 12
2 18 20
16 17 11
5 11 20
15 17 19
23 24 25
23 26 27
21 22 28
21 27 30
21 26 29
22 25 32
22 24 31
23 29 30
25 28 9
24 28 0
27 33 2
26 33 10
31 32 6
208
{[25, 24, 12, 11, 10]}
{[17, 15, 14, 13, 12]}
34
8 4 32
13 5 10
17 7 31
8 14 5
0 15 11
1 3 19
13 12 29
14 2 12
0 9 3
8 10 33
1 9 30
4 18 19
16 6 7
1 6 14
13 3 7
16 4 20
15 18 12
2 18 20
16 17 11
5 11 20
15 17 19
23 24 25
23 26 27
21 22 28
21 27 30
21 26 29
22 25 32
22 24 31
23 29 30
25 28 6
24 28 10
27 33 2
26 33 0
31 32 9
209
{[25, 24, 12, 11, 10]}
{[5, 4, 2, 1, 0]}
34
8 4 27
13 5 10
17 7 22
8 14 5
0 15 11
1 3 19
13 12 24
14 2 12
0 9 3
8 10 21
1 9 23
4 18 19
16 6 7
1 6 14
13 3 7
16 4 20
15 18 12
2 18 20
16 17 11
5 11 20
15 17 19
22 25 9
21 26 2
24 25 10
23 31 6
21 23 30
22 28 32
29 32 0
26 29 30
27 28 31
25 28 33
24 29 33
26 27 33
30 31 32
210
{[25, 24, 12, 11, 10]}
{[6, 3, 2, 1, 0]}
34
8 4 21
13 5 10
17 7 25
8 14 5
0 15 11
1 3 19
13 12 23
14 2 12
0 9 3
8 10 22
1 9 26
4 18 19
16 6 7
1 6 14
13 3 7
16 4 20
15 18 12
2 18 20
16 17 11
5 11 20
15 17 19
22 24 0
21 27 9
24 25 6
21 23 31
23 30 2
28 32 10
22 29 32
26 29 30
27 28 31
25 28 33
24 29 33
26 27 33
30 31 32
211
{[25, 24, 12, 11, 10]}
{[8, 7, 4, 2, 0]}
34
8 4 22
13 5 10
17 7 23
8 14 5
0 15 11
1 3 19
13 12 21
14 2 12
0 9 3
8 10 25
1 9 31
4 18 19
16 6 7
1 6 14
13 3 7
16 4 20
15 18 12
2 18 20
16 17 11
5 11 20
15 17 19
23 24 6
24 25 0
21 27 2
21 22 26
22 30 9
24 28 32
23 29 32
26 29 30
27 28 31
25 28 33
29 33 10
26 27 33
30 31 32
212
{[25, 24, 12, 11, 10]}
{[9, 7, 3, 2, 0]}
34
8 4 30
13 5 10
17 7 25
8 14 5
0 15 11
1 3 19
13 12 24
14 2 12
0 9 3
8 10 22
1 9 21
4 18 19
16 6 7
1 6 14
13 3 7
16 4 20
15 18 12
2 18 20
16 17 11
5 11 20
15 17 19
23 24 10
23 25 9
21 22 27
21 26 6
22 31 2
24 28 32
23 29 32
26 29 30
27 28 31
28 33 0
25 29 33
26 27 33
30 31 32
213
{[25, 24, 12, 11, 10]}
{[6, 3, 2, 1, 0]}
34
8 4 26
13 5 10
17 7 25
8 14 5
0 15 11
1 3 19
13 12 22
14 2 12
0 9 3
8 10 23
1 9 21
4 18 19
16 6 7
1 6 14
13 3 7
16 4 20
15 18 12
2 18 20
16 17 11
5 11 20
15 17 19
22 24 10
21 27 6
24 25 9
21 23 31
23 30 2
28 32 0
22 29 32
26 29 30
27 28 31
25 28 33
24 29 33
26 27 33
30 31 32
214
{[25, 24, 12, 11, 10]}
{[9, 7, 3, 2, 0]}
34
8 4 21
13 5 10
17 7 25
8 14 5
0 15 11
1 3 19
13 12 22
14 2 12
0 9 3
8 10 24
1 9 30
4 18 19
16 6 7
1 6 14
13 3 7
16 4 20
15 18 12
2 18 20
16 17 11
5 11 20
15 17 19
23 24 0
23 25 6
21 22 27
21 26 9
22 31 2
24 28 32
23 29 32
26 29 30
27 28 31
28 33 10
25 29 33
26 27 33
30 31 32
215
{[25, 24, 12, 11, 10]}
{[5, 4, 2, 1, 0]}
34
8 4 23
13 5 10
17 7 22
8 14 5
0 15 11
1 3 19
13 12 21
14 2 12
0 9 3
8 10 24
1 9 27
4 18 19
16 6 7
1 6 14
13 3 7
16 4 20
15 18 12
2 18 20
16 17 11
5 11 20
15 17 19
22 25 6
21 26 2
24 25 0
23 31 9
21 23 30
22 28 32
29 32 10
26 29 30
27 28 31
25 28 33
24 29 33
26 27 33
30 31 32
216
{[25, 24, 12, 11, 10]}
{[8, 7, 4, 2, 0]}
34
8 4 31
13 5 10
17 7 23
8 14 5
0 15 11
1 3 19
13 12 25
14 2 12
0 9 3
8 10 21
1 9 22
4 18 19
16 6 7
1 6 14
13 3 7
16 4 20
15 18 12
2 18 20
16 17 11
5 11 20
15 17 19
23 24 9
24 25 10
21 27 2
21 22 26
22 30 6
24 28 32
23 29 32
26 29 30
27 28 31
25 28 33
29 33 0
26 27 33
30 31 32
217
{[25, 24, 12, 11, 10]}
{[16, 13, 12, 11, 10]}
34
8 4 26
13 5 10
17 7 32
8 14 5
0 15 11
1 3 19
13 12 33
14 2 12
0 9 3
8 10 27
1 9 31
4 18 19
16 6 7
1 6 14
13 3 7
16 4 20
15 18 12
2 18 20
16 17 11
5 11 20
15 17 19
23 24 25
23 26 27
21 22 28
21 27 30
21 26 29
22 25 0
22 24 9
23 29 30
25 28 32
24 28 31
30 33 10
29 33 2
31 32 6
218
{[25, 24, 12, 11, 10]}
{[17, 16, 14, 12, 10]}
34
8 4 27
13 5 10
17 7 31
8 14 5
0 15 11
1 3 19
13 12 32
14 2 12
0 9 3
8 10 30
1 9 33
4 18 19
16 6 7
1 6 14
13 3 7
16 4 20
15 18 12
2 18 20
16 17 11
5 11 20
15 17 19
23 24 25
23 26 27
21 22 28
21 27 30
21 26 29
22 25 31
22 24 0
23 29 30
25 28 33
24 28 9
26 32 2
31 33 6
29 32 10
219
{[25, 24, 12, 11, 10]}
{[16, 13, 12, 11, 10]}
34
8 4 31
13 5 10
17 7 32
8 14 5
0 15 11
1 3 19
13 12 27
14 2 12
0 9 3
8 10 33
1 9 26
4 18 19
16 6 7
1 6 14
13 3 7
16 4 20
15 18 12
2 18 20
16 17 11
5 11 20
15 17 19
23 24 25
23 26 27
21 22 28
21 27 30
21 26 29
22 25 10
22 24 6
23 29 30
25 28 32
24 28 31
30 33 0
29 33 2
31 32 9
220
{[25, 24, 12, 11, 10]}
{[17, 16, 14, 12, 10]}
34
8 4 33
13 5 10
17 7 31
8 14 5
0 15 11
1 3 19
13 12 30
14 2 12
0 9 3
8 10 32
1 9 27
4 18 19
16 6 7
1 6 14
13 3 7
16 4 20
15 18 12
2 18 20
16 17 11
5 11 20
15 17 19
23 24 25
23 26 27
21 22 28
21 27 30
21 26 29
22 25 31
22 24 10
23 29 30
25 28 33
24 28 6
26 32 2
31 33 9
29 32 0
221
{[25, 24, 12, 11, 10]}
{[17, 16, 15, 13, 11]}
34
8 4 31
13 5 10
17 7 33
8 14 5
0 15 11
1 3 19
13 12 26
14 2 12
0 9 3
8 10 32
1 9 29
4 18 19
16 6 7
1 6 14
13 3 7
16 4 20
15 18 12
2 18 20
16 17 11
5 11 20
15 17 19
23 24 25
23 26 27
21 22 28
21 27 30
21 26 29
22 25 6
22 24 31
23 29 30
25 28 10
24 28 33
27 32 0
31 33 9
30 32 2
222
{[25, 24, 12, 11, 10]}
{[17, 16, 15, 13, 11]}
34
8 4 29
13 5 10
17 7 33
8 14 5
0 15 11
1 3 19
13 12 32
14 2 12
0 9 3
8 10 26
1 9 31
4 18 19
16 6 7
1 6 14
13 3 7
16 4 20
15 18 12
2 18 20
16 17 11
5 11 20
15 17 19
23 24 25
23 26 27
21 22 28
21 27 30
21 26 29
22 25 9
22 24 31
23 29 30
25 28 0
24 28 33
27 32 10
31 33 6
30 32 2
223
{[25, 24, 12, 11, 10]}
{[17, 15, 14, 13, 12]}
34
8 4 32
13 5 10
17 7 31
8 14 5
0 15 11
1 3 19
13 12 29
14 2 12
0 9 3
8 10 33
1 9 30
4 18 19
16 6 7
1 6 14
13 3 7
16 4 20
15 18 12
2 18 20
16 17 11
5 11 20
15 17 19
23 24 25
23 26 27
21 22 28
21 27 30
21 26 29
22 25 32
22 24 31
23 29 30
25 28 6
24 28 10
27 33 2
26 33 0
31 32 9
224
{[25, 24, 12, 11, 10]}
{[17, 15, 14, 13, 12]}
34
8 4 30
13 5 10
17 7 31
8 14 5
0 15 11
1 3 19
13 12 33
14 2 12
0 9 3
8 10 29
1 9 32
4 18 19
16 6 7
1 6 14
13 3 7
16 4 20
15 18 12
2 18 20
16 17 11
5 11 20
15 17 19
23 24 25
23 26 27
21 22 28
21 27 30
21 26 29
22 25 32
22 24 31
23 29 30
25 28 9
24 28 0
27 33 2
26 33 10
31 32 6
225
{[23, 22, 21, 20, 14]}
{[5, 4, 2, 1, 0]}
34
8 19 4
15 5 13
11 7 24
8 16 5
0 17 21
1 3 27
15 10 14
16 2 14
0 9 3
8 20 13
11 12 6
20 2 10
19 10 13
1 12 9
18 6 7
1 6 16
15 3 7
18 4 23
17 14 22
0 20 12
19 9 11
22 25 4
21 26 18
24 25 17
23 31 2
21 23 30
22 28 32
29 32 5
26 29 30
27 28 31
25 28 33
24 29 33
26 27 33
30 31 32
226
{[23, 22, 21, 20, 14]}
{[6, 3, 2, 1, 0]}
34
8 19 4
15 5 13
11 7 23
8 16 5
0 17 22
1 3 21
15 10 14
16 2 14
0 9 3
8 20 13
11 12 6
20 2 10
19 10 13
1 12 9
18 6 7
1 6 16
15 3 7
18 4 26
17 14 25
0 20 12
19 9 11
22 24 5
21 27 4
24 25 2
21 23 31
23 30 18
28 32 17
22 29 32
26 29 30
27 28 31
25 28 33
24 29 33
26 27 33
30 31 32
227
{[23, 22, 21, 20, 14]}
{[8, 7, 4, 2, 0]}
34
8 19 4
15 5 13
11 7 21
8 16 5
0 17 25
1 3 22
15 10 14
16 2 14
0 9 3
8 20 13
11 12 6
20 2 10
19 10 13
1 12 9
18 6 7
1 6 16
15 3 7
18 4 31
17 14 23
0 20 12
19 9 11
23 24 2
24 25 5
21 27 18
21 22 26
22 30 4
24 28 32
23 29 32
26 29 30
27 28 31
25 28 33
29 33 17
26 27 33
30 31 32
228
{[23, 22, 21, 20, 14]}
{[9, 7, 3, 2, 0]}
34
8 19 4
15 5 13
11 7 24
8 16 5
0 17 22
1 3 30
15 10 14
16 2 14
0 9 3
8 20 13
11 12 6
20 2 10
19 10 13
1 12 9
18 6 7
1 6 16
15 3 7
18 4 21
17 14 25
0 20 12
19 9 11
23 24 17
23 25 4
21 22 27
21 26 2
22 31 18
24 28 32
23 29 32
26 29 30
27 28 31
28 33 5
25 29 33
26 27 33
30 31 32
229
{[23, 22, 21, 20, 14]}
{[6, 3, 2, 1, 0]}
34
8 19 4
15 5 13
11 7 22
8 16 5
0 17 23
1 3 26
15 10 14
16 2 14
0 9 3
8 20 13
11 12 6
20 2 10
19 10 13
1 12 9
18 6 7
1 6 16
15 3 7
18 4 21
17 14 25
0 20 12
19 9 11
22 24 17
21 27 2
24 25 4
21 23 31
23 30 18
28 32 5
22 29 32
26 29 30
27 28 31
25 28 33
24 29 33
26 27 33
30 31 32
230
{[23, 22, 21, 20, 14]}
{[9, 7, 3, 2, 0]}
34
8 19 4
15 5 13
11 7 22
8 16 5
0 17 24
1 3 21
15 10 14
16 2 14
0 9 3
8 20 13
11 12 6
20 2 10
19 10 13
1 12 9
18 6 7
1 6 16
15 3 7
18 4 30
17 14 25
0 20 12
19 9 11
23 24 5
23 25 2
21 22 27
21 26 4
22 31 18
24 28 32
23 29 32
26 29 30
27 28 31
28 33 17
25 29 33
26 27 33
30 31 32
231
{[23, 22, 21, 20, 14]}
{[5, 4, 2, 1, 0]}
34
8 19 4
15 5 13
11 7 21
8 16 5
0 17 24
1 3 23
15 10 14
16 2 14
0 9 3
8 20 13
11 12 6
20 2 10
19 10 13
1 12 9
18 6 7
1 6 16
15 3 7
18 4 27
17 14 22
0 20 12
19 9 11
22 25 2
21 26 18
24 25 5
23 31 4
21 23 30
22 28 32
29 32 17
26 29 30
27 28 31
25 28 33
24 29 33
26 27 33
30 31 32
232
{[23, 22, 21, 20, 14]}
{[8, 7, 4, 2, 0]}
34
8 19 4
15 5 13
11 7 25
8 16 5
0 17 21
1 3 31
15 10 14
16 2 14
0 9 3
8 20 13
11 12 6
20 2 10
19 10 13
1 12 9
18 6 7
1 6 16
15 3 7
18 4 22
17 14 23
0 20 12
19 9 11
23 24 4
24 25 17
21 27 18
21 22 26
22 30 2
24 28 32
23 29 32
26 29 30
27 28 31
25 28 33
29 33 5
26 27 33
30 31 32
233
{[23, 22, 21, 20, 14]}
{[16, 13, 12, 11, 10]}
34
8 19 4
15 5 13
11 7 33
8 16 5
0 17 27
1 3 26
15 10 14
16 2 14
0 9 3
8 20 13
11 12 6
20 2 10
19 10 13
1 12 9
18 6 7
1 6 16
15 3 7
18 4 31
17 14 32
0 20 12
19 9 11
23 24 25
23 26 27
21 22 28
21 27 30
21 26 29
22 25 5
22 24 4
23 29 30
25 28 32
24 28 31
30 33 17
29 33 18
31 32 2
234
{[23, 22, 21, 20, 14]}
{[17, 16, 14, 12, 10]}
34
8 19 4
15 5 13
11 7 32
8 16 5
0 17 30
1 3 27
15 10 14
16 2 14
0 9 3
8 20 13
11 12 6
20 2 10
19 10 13
1 12 9
18 6 7
1 6 16
15 3 7
18 4 33
17 14 31
0 20 12
19 9 11
23 24 25
23 26 27
21 22 28
21 27 30
21 26 29
22 25 31
22 24 5
23 29 30
25 28 33
24 28 4
26 32 18
31 33 2
29 32 17
235
{[23, 22, 21, 20, 14]}
{[16, 13, 12, 11, 10]}
34
8 19 4
15 5 13
11 7 27
8 16 5
0 17 33
1 3 31
15 10 14
16 2 14
0 9 3
8 20 13
11 12 6
20 2 10
19 10 13
1 12 9
18 6 7
1 6 16
15 3 7
18 4 26
17 14 32
0 20 12
19 9 11
23 24 25
23 26 27
21 22 28
21 27 30
21 26 29
22 25 17
22 24 2
23 29 30
25 28 32
24 28 31
30 33 5
29 33 18
31 32 4
236
{[23, 22, 21, 20, 14]}
{[17, 16, 14, 12, 10]}
34
8 19 4
15 5 13
11 7 30
8 16 5
0 17 32
1 3 33
15 10 14
16 2 14
0 9 3
8 20 13
11 12 6
20 2 10
19 10 13
1 12 9
18 6 7
1 6 16
15 3 7
18 4 27
17 14 31
0 20 12
19 9 11
23 24 25
23 26 27
21 22 28
21 27 30
21 26 29
22 25 31
22 24 17
23 29 30
25 28 33
24 28 2
26 32 18
31 33 4
29 32 5
237
{[23, 22, 21, 20, 14]}
{[17, 16, 15, 13, 11]}
34
8 19 4
15 5 13
11 7 26
8 16 5
0 17 32
1 3 31
15 10 14
16 2 14
0 9 3
8 20 13
11 12 6
20 2 10
19 10 13
1 12 9
18 6 7
1 6 16
15 3 7
18 4 29
17 14 33
0 20 12
19 9 11
23 24 25
23 26 27
21 22 28
21 27 30
21 26 29
22 25 2
22 24 31
23 29 30
25 28 17
24 28 33
27 32 5
31 33 4
30 32 18
238
{[23, 22, 21, 20, 14]}
{[17, 16, 15, 13, 11]}
34
8 19 4
15 5 13
11 7 32
8 16 5
0 17 26
1 3 29
15 10 14
16 2 14
0 9 3
8 20 13
11 12 6
20 2 10
19 10 13
1 12 9
18 6 7
1 6 16
15 3 7
18 4 31
17 14 33
0 20 12
19 9 11
23 24 25
23 26 27
21 22 28
21 27 30
21 26 29
22 25 4
22 24 31
23 29 30
25 28 5
24 28 33
27 32 17
31 33 2
30 32 18
239
{[23, 22, 21, 20, 14]}
{[17, 15, 14, 13, 12]}
34
8 19 4
15 5 13
11 7 29
8 16 5
0 17 33
1 3 32
15 10 14
16 2 14
0 9 3
8 20 13
11 12 6
20 2 10
19 10 13
1 12 9
18 6 7
1 6 16
15 3 7
18 4 30
17 14 31
0 20 12
19 9 11
23 24 25
23 26 27
21 22 28
21 27 30
21 26 29
22 25 32
22 24 31
23 29 30
25 28 2
24 28 17
27 33 18
26 33 5
31 32 4
240
{[23, 22, 21, 20, 14]}
{[17, 15, 14, 13, 12]}
34
8 19 4
15 5 13
11 7 33
8 16 5
0 17 29
1 3 30
15 10 14
16 2 14
0 9 3
8 20 13
11 12 6
20 2 10
19 10 13
1 12 9
18 6 7
1 6 16
15 3 7
18 4 32
17 14 31
0 20 12
19 9 11
23 24 25
23 26 27
21 22 28
21 27 30
21 26 29
22 25 32
22 24 31
23 29 30
25 28 4
24 28 5
27 33 18
26 33 17
31 32 2
241
{[23, 22, 21, 20, 14]}
{[5, 4, 2, 1, 0]}
34
8 19 4
15 5 13
11 7 21
8 16 5
0 17 24
1 3 23
15 10 14
16 2 14
0 9 3
8 20 13
11 12 6
20 2 10
19 10 13
1 12 9
18 6 7
1 6 16
15 3 7
18 4 27
17 14 22
0 20 12
19 9 11
22 25 2
21 26 18
24 25 5
23 31 4
21 23 30
22 28 32
29 32 17
26 29 30
27 28 31
25 28 33
24 29 33
26 27 33
30 31 32
242
{[23, 22, 21, 20, 14]}
{[6, 3, 2, 1, 0]}
34
8 19 4
15 5 13
11 7 22
8 16 5
0 17 23
1 3 26
15 10 14
16 2 14
0 9 3
8 20 13
11 12 6
20 2 10
19 10 13
1 12 9
18 6 7
1 6 16
15 3 7
18 4 21
17 14 25
0 20 12
19 9 11
22 24 17
21 27 2
24 25 4
21 23 31
23 30 18
28 32 5
22 29 32
26 29 30
27 28 31
25 28 33
24 29 33
26 27 33
30 31 32
243
{[23, 22, 21, 20, 14]}
{[8, 7, 4, 2, 0]}
34
8 19 4
15 5 13
11 7 25
8 16 5
0 17 21
1 3 31
15 10 14
16 2 14
0 9 3
8 20 13
11 12 6
20 2 10
19 10 13
1 12 9
18 6 7
1 6 16
15 3 7
18 4 22
17 14 23
0 20 12
19 9 11
23 24 4
24 25 17
21 27 18
21 22 26
22 30 2
24 28 32
23 29 32
26 29 30
27 28 31
25 28 33
29 33 5
26 27 33
30 31 32
244
{[23, 22, 21, 20, 14]}
{[9, 7, 3, 2, 0]}
34
8 19 4
15 5 13
11 7 22
8 16 5
0 17 24
1 3 21
15 10 14
16 2 14
0 9 3
8 20 13
11 12 6
20 2 10
19 10 13
1 12 9
18 6 7
1 6 16
15 3 7
18 4 30
17 14 25
0 20 12
19 9 11
23 24 5
23 25 2
21 22 27
21 26 4
22 31 18
24 28 32
23 29 32
26 29 30
27 28 31
28 33 17
25 29 33
26 27 33
30 31 32
245
{[23, 22, 21, 20, 14]}
{[6, 3, 2, 1, 0]}
34
8 19 4
15 5 13
11 7 23
8 16 5
0 17 22
1 3 21
15 10 14
16 2 14
0 9 3
8 20 13
11 12 6
20 2 10
19 10 13
1 12 9
18 6 7
1 6 16
15 3 7
18 4 26
17 14 25
0 20 12
19 9 11
22 24 5
21 27 4
24 25 2
21 23 31
23 30 18
28 32 17
22 29 32
26 29 30
27 28 31
25 28 33
24 29 33
26 27 33
30 31 32
246
{[23, 22, 21, 20, 14]}
{[9, 7, 3, 2, 0]}
34
8 19 4
15 5 13
11 7 24
8 16 5
0 17 22
1 3 30
15 10 14
16 2 14
0 9 3
8 20 13
11 12 6
20 2 10
19 10 13
1 12 9
18 6 7
1 6 16
15 3 7
18 4 21
17 14 25
0 20 12
19 9 11
23 24 17
23 25 4
21 22 27
21 26 2
22 31 18
24 28 32
23 29 32
26 29 30
27 28 31
28 33 5
25 29 33
26 27 33
30 31 32
247
{[23, 22, 21, 20, 14]}
{[5, 4, 2, 1, 0]}
34
8 19 4
15 5 13
11 7 24
8 16 5
0 17 21
1 3 27
15 10 14
16 2 14
0 9 3
8 20 13
11 12 6
20 2 10
19 10 13
1 12 9
18 6 7
1 6 16
15 3 7
18 4 23
17 14 22
0 20 12
19 9 11
22 25 4
21 26 18
24 25 17
23 31 2
21 23 30
22 28 32
29 32 5
26 29 30
27 28 31
25 28 33
24 29 33
26 27 33
30 31 32
248
{[23, 22, 21, 20, 14]}
{[8, 7, 4, 2, 0]}
34
8 19 4
15 5 13
11 7 21
8 16 5
0 17 25
1 3 22
15 10 14
16 2 14
0 9 3
8 20 13
11 12 6
20 2 10
19 10 13
1 12 9
18 6 7
1 6 16
15 3 7
18 4 31
17 14 23
0 20 12
19 9 11
23 24 2
24 25 5
21 27 18
21 22 26
22 30 4
24 28 32
23 29 32
26 29 30
27 28 31
25 28 33
29 33 17
26 27 33
30 31 32
249
{[23, 22, 21, 20, 14]}
{[16, 13, 12, 11, 10]}
34
8 19 4
15 5 13
11 7 27
8 16 5
0 17 33
1 3 31
15 10 14
16 2 14
0 9 3
8 20 13
11 12 6
20 2 10
19 10 13
1 12 9
18 6 7
1 6 16
15 3 7
18 4 26
17 14 32
0 20 12
19 9 11
23 24 25
23 26 27
21 22 28
21 27 30
21 26 29
22 25 17
22 24 2
23 29 30
25 28 32
24 28 31
30 33 5
29 33 18
31 32 4
250
{[23, 22, 21, 20, 14]}
{[17, 16, 14, 12, 10]}
34
8 19 4
15 5 13
11 7 30
8 16 5
0 17 32
1 3 33
15 10 14
16 2 14
0 9 3
8 20 13
11 12 6
20 2 10
19 10 13
1 12 9
18 6 7
1 6 16
15 3 7
18 4 27
17 14 31
0 20 12
19 9 11
23 24 25
23 26 27
21 22 28
21 27 30
21 26 29
22 25 31
22 24 17
23 29 30
25 28 33
24 28 2
26 32 18
31 33 4
29 32 5
251
{[23, 22, 21, 20, 14]}
{[16, 13, 12, 11, 10]}
34
8 19 4
15 5 13
11 7 33
8 16 5
0 17 27
1 3 26
15 10 14
16 2 14
0 9 3
8 20 13
11 12 6
20 2 10
19 10 13
1 12 9
18 6 7
1 6 16
15 3 7
18 4 31
17 14 32
0 20 12
19 9 11
23 24 25
23 26 27
21 22 28
21 27 30
21 26 29
22 25 5
22 24 4
23 29 30
25 28 32
24 28 31
30 33 17
29 33 18
31 32 2
252
{[23, 22, 21, 20, 14]}
{[17, 16, 14, 12, 10]}
34
8 19 4
15 5 13
11 7 32
8 16 5
0 17 30
1 3 27
15 10 14
16 2 14
0 9 3
8 20 13
11 12 6
20 2 10
19 10 13
1 12 9
18 6 7
1 6 16
15 3 7
18 4 33
17 14 31
0 20 12
19 9 11
23 24 25
23 26 27
21 22 28
21 27 30
21 26 29
22 25 31
22 24 5
23 29 30
25 28 33
24 28 4
26 32 18
31 33 2
29 32 17
253
{[23, 22, 21, 20, 14]}
{[17, 16, 15, 13, 11]}
34
8 19 4
15 5 13
11 7 32
8 16 5
0 17 26
1 3 29
15 10 14
16 2 14
0 9 3
8 20 13
11 12 6
20 2 10
19 10 13
1 12 9
18 6 7
1 6 16
15 3 7
18 4 31
17 14 33
0 20 12
19 9 11
23 24 25
23 26 27
21 22 28
21 27 30
21 26 29
22 25 4
22 24 31
23 29 30
25 28 5
24 28 33
27 32 17
31 33 2
30 32 18
254
{[23, 22, 21, 20, 14]}
{[17, 16, 15, 13, 11]}
34
8 19 4
15 5 13
11 7 26
8 16 5
0 17 32
1 3 31
15 10 14
16 2 14
0 9 3
8 20 13
11 12 6
20 2 10
19 10 13
1 12 9
18 6 7
1 6 16
15 3 7
18 4 29
17 14 33
0 20 12
19 9 11
23 24 25
23 26 27
21 22 28
21 27 30
21 26 29
22 25 2
22 24 31
23 29 30
25 28 17
24 28 33
27 32 5
31 33 4
30 32 18
255
{[23, 22, 21, 20, 14]}
{[17, 15, 14, 13, 12]}
34
8 19 4
15 5 13
11 7 33
8 16 5
0 17 29
1 3 30
15 10 14
16 2 14
0 9 3
8 20 13
11 12 6
20 2 10
19 10 13
1 12 9
18 6 7
1 6 16
15 3 7
18 4 32
17 14 31
0 20 12
19 9 11
23 24 25
23 26 27
21 22 28
21 27 30
21 26 29
22 25 32
22 24 31
23 29 30
25 28 4
24 28 5
27 33 18
26 33 17
31 32 2
256
{[23, 22, 21, 20, 14]}
{[17, 15, 14, 13, 12]}
34
8 19 4
15 5 13
11 7 29
8 16 5
0 17 33
1 3 32
15 10 14
16 2 14
0 9 3
8 20 13
11 12 6
20 2 10
19 10 13
1 12 9
18 6 7
1 6 16
15 3 7
18 4 30
17 14 31
0 20 12
19 9 11
23 24 25
23 26 27
21 22 28
21 27 30
21 26 29
22 25 32
22 24 31
23 29 30
25 28 2
24 28 17
27 33 18
26 33 5
31 32 4
257
{[23, 21, 20, 19, 18]}
{[5, 4, 2, 1, 0]}
34
8 19 4
16 5 13
11 7 27
8 17 5
0 14 22
1 3 18
16 10 15
17 2 15
0 9 3
8 20 13
11 12 6
20 2 10
19 10 13
1 12 9
4 18 23
6 7 24
1 6 17
16 3 7
5 14 21
0 20 12
19 9 11
22 25 18
21 26 4
24 25 14
23 31 15
21 23 30
22 28 32
29 32 2
26 29 30
27 28 31
25 28 33
24 29 33
26 27 33
30 31 32
258
{[23, 21, 20, 19, 18]}
{[6, 3, 2, 1, 0]}
34
8 19 4
16 5 13
11 7 21
8 17 5
0 14 25
1 3 18
16 10 15
17 2 15
0 9 3
8 20 13
11 12 6
20 2 10
19 10 13
1 12 9
4 18 26
6 7 23
1 6 17
16 3 7
5 14 22
0 20 12
19 9 11
22 24 2
21 27 18
24 25 15
21 23 31
23 30 4
28 32 14
22 29 32
26 29 30
27 28 31
25 28 33
24 29 33
26 27 33
30 31 32
259
{[23, 21, 20, 19, 18]}
{[8, 7, 4, 2, 0]}
34
8 19 4
16 5 13
11 7 22
8 17 5
0 14 23
1 3 18
16 10 15
17 2 15
0 9 3
8 20 13
11 12 6
20 2 10
19 10 13
1 12 9
4 18 31
6 7 21
1 6 17
16 3 7
5 14 25
0 20 12
19 9 11
23 24 15
24 25 2
21 27 4
21 22 26
22 30 18
24 28 32
23 29 32
26 29 30
27 28 31
25 28 33
29 33 14
26 27 33
30 31 32
260
{[23, 21, 20, 19, 18]}
{[9, 7, 3, 2, 0]}
34
8 19 4
16 5 13
11 7 30
8 17 5
0 14 25
1 3 18
16 10 15
17 2 15
0 9 3
8 20 13
11 12 6
20 2 10
19 10 13
1 12 9
4 18 21
6 7 24
1 6 17
16 3 7
5 14 22
0 20 12
19 9 11
23 24 14
23 25 18
21 22 27
21 26 15
22 31 4
24 28 32
23 29 32
26 29 30
27 28 31
28 33 2
25 29 33
26 27 33
30 31 32
261
{[23, 21, 20, 19, 18]}
{[6, 3, 2, 1, 0]}
34
8 19 4
16 5 13
11 7 26
8 17 5
0 14 25
1 3 18
16 10 15
17 2 15
0 9 3
8 20 13
11 12 6
20 2 10
19 10 13
1 12 9
4 18 21
6 7 22
1 6 17
16 3 7
5 14 23
0 20 12
19 9 11
22 24 14
21 27 15
24 25 18
21 23 31
23 30 4
28 32 2
22 29 32
26 29 30
27 28 31
25 28 33
24 29 33
26 27 33
30 31 32
262
{[23, 21, 20, 19, 18]}
{[9, 7, 3, 2, 0]}
34
8 19 4
16 5 13
11 7 21
8 17 5
0 14 25
1 3 18
16 10 15
17 2 15
0 9 3
8 20 13
11 12 6
20 2 10
19 10 13
1 12 9
4 18 30
6 7 22
1 6 17
16 3 7
5 14 24
0 20 12
19 9 11
23 24 2
23 25 15
21 22 27
21 26 18
22 31 4
24 28 32
23 29 32
26 29 30
27 28 31
28 33 14
25 29 33
26 27 33
30 31 32
263
{[23, 21, 20, 19, 18]}
{[5, 4, 2, 1, 0]}
34
8 19 4
16 5 13
11 7 23
8 17 5
0 14 22
1 3 18
16 10 15
17 2 15
0 9 3
8 20 13
11 12 6
20 2 10
19 10 13
1 12 9
4 18 27
6 7 21
1 6 17
16 3 7
5 14 24
0 20 12
19 9 11
22 25 15
21 26 4
24 25 2
23 31 18
21 23 30
22 28 32
29 32 14
26 29 30
27 28 31
25 28 33
24 29 33
26 27 33
30 31 32
264
{[23, 21, 20, 19, 18]}
{[8, 7, 4, 2, 0]}
34
8 19 4
16 5 13
11 7 31
8 17 5
0 14 23
1 3 18
16 10 15
17 2 15
0 9 3
8 20 13
11 12 6
20 2 10
19 10 13
1 12 9
4 18 22
6 7 25
1 6 17
16 3 7
5 14 21
0 20 12
19 9 11
23 24 18
24 25 14
21 27 4
21 22 26
22 30 15
24 28 32
23 29 32
26 29 30
27 28 31
25 28 33
29 33 2
26 27 33
30 31 32
265
{[23, 21, 20, 19, 18]}
{[16, 13, 12, 11, 10]}
34
8 19 4
16 5 13
11 7 26
8 17 5
0 14 32
1 3 18
16 10 15
17 2 15
0 9 3
8 20 13
11 12 6
20 2 10
19 10 13
1 12 9
4 18 31
6 7 33
1 6 17
16 3 7
5 14 27
0 20 12
19 9 11
23 24 25
23 26 27
21 22 28
21 27 30
21 26 29
22 25 2
22 24 18
23 29 30
25 28 32
24 28 31
30 33 14
29 33 4
31 32 15
266
{[23, 21, 20, 19, 18]}
{[17, 16, 14, 12, 10]}
34
8 19 4
16 5 13
11 7 27
8 17 5
0 14 31
1 3 18
16 10 15
17 2 15
0 9 3
8 20 13
11 12 6
20 2 10
19 10 13
1 12 9
4 18 33
6 7 32
1 6 17
16 3 7
5 14 30
0 20 12
19 9 11
23 24 25
23 26 27
21 22 28
21 27 30
21 26 29
22 25 31
22 24 2
23 29 30
25 28 33
24 28 18
26 32 4
31 33 15
29 32 14
267
{[23, 21, 20, 19, 18]}
{[16, 13, 12, 11, 10]}
34
8 19 4
16 5 13
11 7 31
8 17 5
0 14 32
1 3 18
16 10 15
17 2 15
0 9 3
8 20 13
11 12 6
20 2 10
19 10 13
1 12 9
4 18 26
6 7 27
1 6 17
16 3 7
5 14 33
0 20 12
19 9 11
23 24 25
23 26 27
21 22 28
21 27 30
21 26 29
22 25 14
22 24 15
23 29 30
25 28 32
24 28 31
30 33 2
29 33 4
31 32 18
268
{[23, 21, 20, 19, 18]}
{[17, 16, 14, 12, 10]}
34
8 19 4
16 5 13
11 7 33
8 17 5
0 14 31
1 3 18
16 10 15
17 2 15
0 9 3
8 20 13
11 12 6
20 2 10
19 10 13
1 12 9
4 18 27
6 7 30
1 6 17
16 3 7
5 14 32
0 20 12
19 9 11
23 24 25
23 26 27
21 22 28
21 27 30
21 26 29
22 25 31
22 24 14
23 29 30
25 28 33
24 28 15
26 32 4
31 33 18
29 32 2
269
{[23, 21, 20, 19, 18]}
{[17, 16, 15, 13, 11]}
34
8 19 4
16 5 13
11 7 31
8 17 5
0 14 33
1 3 18
16 10 15
17 2 15
0 9 3
8 20 13
11 12 6
20 2 10
19 10 13
1 12 9
4 18 29
6 7 26
1 6 17
16 3 7
5 14 32
0 20 12
19 9 11
23 24 25
23 26 27
21 22 28
21 27 30
21 26 29
22 25 15
22 24 31
23 29 30
25 28 14
24 28 33
27 32 2
31 33 18
30 32 4
270
{[23, 21, 20, 19, 18]}
{[17, 16, 15, 13, 11]}
34
8 19 4
16 5 13
11 7 29
8 17 5
0 14 33
1 3 18
16 10 15
17 2 15
0 9 3
8 20 13
11 12 6
20 2 10
19 10 13
1 12 9
4 18 31
6 7 32
1 6 17
16 3 7
5 14 26
0 20 12
19 9 11
23 24 25
23 26 27
21 22 28
21 27 30
21 26 29
22 25 18
22 24 31
23 29 30
25 28 2
24 28 33
27 32 14
31 33 15
30 32 4
271
{[23, 21, 20, 19, 18]}
{[17, 15, 14, 13, 12]}
34
8 19 4
16 5 13
11 7 32
8 17 5
0 14 31
1 3 18
16 10 15
17 2 15
0 9 3
8 20 13
11 12 6
20 2 10
19 10 13
1 12 9
4 18 30
6 7 29
1 6 17
16 3 7
5 14 33
0 20 12
19 9 11
23 24 25
23 26 27
21 22 28
21 27 30
21 26 29
22 25 32
22 24 31
23 29 30
25 28 15
24 28 14
27 33 4
26 33 2
31 32 18
272
{[23, 21, 20, 19, 18]}
{[17, 15, 14, 13, 12]}
34
8 19 4
16 5 13
11 7 30
8 17 5
0 14 31
1 3 18
16 10 15
17 2 15
0 9 3
8 20 13
11 12 6
20 2 10
19 10 13
1 12 9
4 18 32
6 7 33
1 6 17
16 3 7
5 14 29
0 20 12
19 9 11
23 24 25
23 26 27
21 22 28
21 27 30
21 26 29
22 25 32
22 24 31
23 29 30
25 28 18
24 28 2
27 33 4
26 33 14
31 32 15
273
{[23, 21, 20, 19, 18]}
{[5, 4, 2, 1, 0]}
34
8 19 4
16 5 13
11 7 23
8 17 5
0 14 22
1 3 18
16 10 15
17 2 15
0 9 3
8 20 13
11 12 6
20 2 10
19 10 13
1 12 9
4 18 27
6 7 21
1 6 17
16 3 7
5 14 24
0 20 12
19 9 11
22 25 15
21 26 4
24 25 2
23 31 18
21 23 30
22 28 32
29 32 14
26 29 30
27 28 31
25 28 33
24 29 33
26 27 33
30 31 32
274
{[23, 21, 20, 19, 18]}
{[6, 3, 2, 1, 0]}
34
8 19 4
16 5 13
11 7 26
8 17 5
0 14 25
1 3 18
16 10 15
17 2 15
0 9 3
8 20 13
11 12 6
20 2 10
19 10 13
1 12 9
4 18 21
6 7 22
1 6 17
16 3 7
5 14 23
0 20 12
19 9 11
22 24 14
21 27 15
24 25 18
21 23 31
23 30 4
28 32 2
22 29 32
26 29 30
27 28 31
25 28 33
24 29 33
26 27 33
30 31 32
275
{[23, 21, 20, 19, 18]}
{[8, 7, 4, 2, 0]}
34
8 19 4
16 5 13
11 7 31
8 17 5
0 14 23
1 3 18
16 10 15
17 2 15
0 9 3
8 20 13
11 12 6
20 2 10
19 10 13
1 12 9
4 18 22
6 7 25
1 6 17
16 3 7
5 14 21
0 20 12
19 9 11
23 24 18
24 25 14
21 27 4
21 22 26
22 30 15
24 28 32
23 29 32
26 29 30
27 28 31
25 28 33
29 33 2
26 27 33
30 31 32
276
{[23, 21, 20, 19, 18]}
{[9, 7, 3, 2, 0]}
34
8 19 4
16 5 13
11 7 21
8 17 5
0 14 25
1 3 18
16 10 15
17 2 15
0 9 3
8 20 13
11 12 6
20 2 10
19 10 13
1 12 9
4 18 30
6 7 22
1 6 17
16 3 7
5 14 24
0 20 12
19 9 11
23 24 2
23 25 15
21 22 27
21 26 18
22 31 4
24 28 32
23 29 32
26 29 30
27 28 31
28 33 14
25 29 33
26 27 33
30 31 32
277
{[23, 21, 20, 19, 18]}
{[6, 3, 2, 1, 0]}
34
8 19 4
16 5 13
11 7 21
8 17 5
0 14 25
1 3 18
16 10 15
17 2 15
0 9 3
8 20 13
11 12 6
20 2 10
19 10 13
1 12 9
4 18 26
6 7 23
1 6 17
16 3 7
5 14 22
0 20 12
19 9 11
22 24 2
21 27 18
24 25 15
21 23 31
23 30 4
28 32 14
22 29 32
26 29 30
27 28 31
25 28 33
24 29 33
26 27 33
30 31 32
278
{[23, 21, 20, 19, 18]}
{[9, 7, 3, 2, 0]}
34
8 19 4
16 5 13
11 7 30
8 17 5
0 14 25
1 3 18
16 10 15
17 2 15
0 9 3
8 20 13
11 12 6
20 2 10
19 10 13
1 12 9
4 18 21
6 7 24
1 6 17
16 3 7
5 14 22
0 20 12
19 9 11
23 24 14
23 25 18
21 22 27
21 26 15
22 31 4
24 28 32
23 29 32
26 29 30
27 28 31
28 33 2
25 29 33
26 27 33
30 31 32
279
{[23, 21, 20, 19, 18]}
{[5, 4, 2, 1, 0]}
34
8 19 4
16 5 13
11 7 27
8 17 5
0 14 22
1 3 18
16 10 15
17 2 15
0 9 3
8 20 13
11 12 6
20 2 10
19 10 13
1 12 9
4 18 23
6 7 24
1 6 17
16 3 7
5 14 21
0 20 12
19 9 11
22 25 18
21 26 4
24 25 14
23 31 15
21 23 30
22 28 32
29 32 2
26 29 30
27 28 31
25 28 33
24 29 33
26 27 33
30 31 32
280
{[23, 21, 20, 19, 18]}
{[8, 7, 4, 2, 0]}
34
8 19 4
16 5 13
11 7 22
8 17 5
0 14 23
1 3 18
16 10 15
17 2 15
0 9 3
8 20 13
11 12 6
20 2 10
19 10 13
1 12 9
4 18 31
6 7 21
1 6 17
16 3 7
5 14 25
0 20 12
19 9 11
23 24 15
24 25 2
21 27 4
21 22 26
22 30 18
24 28 32
23 29 32
26 29 30
27 28 31
25 28 33
29 33 14
26 27 33
30 31 32
281
{[23, 21, 20, 19, 18]}
{[16, 13, 12, 11, 10]}
34
8 19 4
16 5 13
11 7 31
8 17 5
0 14 32
1 3 18
16 10 15
17 2 15
0 9 3
8 20 13
11 12 6
20 2 10
19 10 13
1 12 9
4 18 26
6 7 27
1 6 17
16 3 7
5 14 33
0 20 12
19 9 11
23 24 25
23 26 27
21 22 28
21 27 30
21 26 29
22 25 14
22 24 15
23 29 30
25 28 32
24 28 31
30 33 2
29 33 4
31 32 18
282
{[23, 21, 20, 19, 18]}
{[17, 16, 14, 12, 10]}
34
8 19 4
16 5 13
11 7 33
8 17 5
0 14 31
1 3 18
16 10 15
17 2 15
0 9 3
8 20 13
11 12 6
20 2 10
19 10 13
1 12 9
4 18 27
6 7 30
1 6 17
16 3 7
5 14 32
0 20 12
19 9 11
23 24 25
23 26 27
21 22 28
21 27 30
21 26 29
22 25 31
22 24 14
23 29 30
25 28 33
24 28 15
26 32 4
31 33 18
29 32 2
283
{[23, 21, 20, 19, 18]}
{[16, 13, 12, 11, 10]}
34
8 19 4
16 5 13
11 7 26
8 17 5
0 14 32
1 3 18
16 10 15
17 2 15
0 9 3
8 20 13
11 12 6
20 2 10
19 10 13
1 12 9
4 18 31
6 7 33
1 6 17
16 3 7
5 14 27
0 20 12
19 9 11
23 24 25
23 26 27
21 22 28
21 27 30
21 26 29
22 25 2
22 24 18
23 29 30
25 28 32
24 28 31
30 33 14
29 33 4
31 32 15
284
{[23, 21, 20, 19, 18]}
{[17, 16, 14, 12, 10]}
34
8 19 4
16 5 13
11 7 27
8 17 5
0 14 31
1 3 18
16 10 15
17 2 15
0 9 3
8 20 13
11 12 6
20 2 10
19 10 13
1 12 9
4 18 33
6 7 32
1 6 17
16 3 7
5 14 30
0 20 12
19 9 11
23 24 25
23 26 27
21 22 28
21 27 30
21 26 29
22 25 31
22 24 2
23 29 30
25 28 33
24 28 18
26 32 4
31 33 15
29 32 14
285
{[23, 21, 20, 19, 18]}
{[17, 16, 15, 13, 11]}
34
8 19 4
16 5 13
11 7 29
8 17 5
0 14 33
1 3 18
16 10 15
17 2 15
0 9 3
8 20 13
11 12 6
20 2 10
19 10 13
1 12 9
4 18 31
6 7 32
1 6 17
16 3 7
5 14 26
0 20 12
19 9 11
23 24 25
23 26 27
21 22 28
21 27 30
21 26 29
22 25 18
22 24 31
23 29 30
25 28 2
24 28 33
27 32 14
31 33 15
30 32 4
286
{[23, 21, 20, 19, 18]}
{[17, 16, 15, 13, 11]}
34
8 19 4
16 5 13
11 7 31
8 17 5
0 14 33
1 3 18
16 10 15
17 2 15
0 9 3
8 20 13
11 12 6
20 2 10
19 10 13
1 12 9
4 18 29
6 7 26
1 6 17
16 3 7
5 14 32
0 20 12
19 9 11
23 24 25
23 26 27
21 22 28
21 27 30
21 26 29
22 25 15
22 24 31
23 29 30
25 28 14
24 28 33
27 32 2
31 33 18
30 32 4
287
{[23, 21, 20, 19, 18]}
{[17, 15, 14, 13, 12]}
34
8 19 4
16 5 13
11 7 30
8 17 5
0 14 31
1 3 18
16 10 15
17 2 15
0 9 3
8 20 13
11 12 6
20 2 10
19 10 13
1 12 9
4 18 32
6 7 33
1 6 17
16 3 7
5 14 29
0 20 12
19 9 11
23 24 25
23 26 27
21 22 28
21 27 30
21 26 29
22 25 32
22 24 31
23 29 30
25 28 18
24 28 2
27 33 4
26 33 14
31 32 15
288
{[23, 21, 20, 19, 18]}
{[17, 15, 14, 13, 12]}
34
8 19 4
16 5 13
11 7 32
8 17 5
0 14 31
1 3 18
16 10 15
17 2 15
0 9 3
8 20 13
11 12 6
20 2 10
19 10 13
1 12 9
4 18 30
6 7 29
1 6 17
16 3 7
5 14 33
0 20 12
19 9 11
23 24 25
23 26 27
21 22 28
21 27 30
21 26 29
22 25 32
22 24 31
23 29 30
25 28 15
24 28 14
27 33 4
26 33 2
31 32 18
