28
1
33
0 1 55 56 4 5 52 51 8 9 64 63 12 13 59 60 16 17 18 19 20 21 22 23 24 25 26 27 28 29 30 31 32 
2 3 54 53 7 6 50 49 48 47 46 45 44 43 42 41 40 39 38 37 36 35 34 33 65 11 10 62 61 14 15 58 57 
2
33
0 1 55 56 4 5 52 51 8 9 64 63 12 13 59 60 16 17 39 40 20 21 22 23 24 25 48 47 28 29 30 31 32 
2 3 54 53 7 6 50 49 27 26 46 45 44 43 42 41 18 19 38 37 36 35 34 33 65 11 10 62 61 14 15 58 57 
3
33
0 1 2 3 4 5 52 51 8 9 64 63 12 13 59 60 16 17 39 40 20 21 22 23 24 25 48 47 28 29 43 44 32 
6 7 53 54 55 56 57 58 15 14 61 62 10 11 65 33 34 35 36 37 38 19 18 41 42 31 30 45 46 26 27 49 50 
4
33
0 1 2 3 4 5 6 7 8 9 64 63 12 13 59 60 16 17 18 19 20 21 22 23 24 25 48 47 28 29 43 44 32 
10 11 65 33 34 35 36 37 38 39 40 41 42 31 30 45 46 26 27 49 50 51 52 53 54 55 56 57 58 15 14 61 62 
5
33
0 1 2 3 4 5 52 51 8 9 64 63 12 13 14 15 16 17 39 40 20 21 22 23 24 25 26 27 28 29 43 44 32 
6 7 53 54 55 56 57 58 59 60 61 62 10 11 65 33 34 35 36 37 38 19 18 41 42 31 30 45 46 47 48 49 50 
6
33
0 1 55 56 4 5 6 7 8 9 64 63 12 13 14 15 16 17 39 40 20 21 22 23 24 25 48 47 28 29 30 31 32 
2 3 54 53 52 51 50 49 27 26 46 45 44 43 42 41 18 19 38 37 36 35 34 33 65 11 10 62 61 60 59 58 57 
7
33
0 1 55 56 4 5 6 7 8 9 64 63 12 13 14 15 16 17 18 19 20 21 22 23 24 25 26 27 28 29 30 31 32 
2 3 54 53 52 51 50 49 48 47 46 45 44 43 42 41 40 39 38 37 36 35 34 33 65 11 10 62 61 60 59 58 57 
8
33
0 1 2 3 4 5 6 7 8 9 64 63 12 13 14 15 16 17 18 19 20 21 22 23 24 25 26 27 28 29 43 44 32 
10 11 65 33 34 35 36 37 38 39 40 41 42 31 30 45 46 47 48 49 50 51 52 53 54 55 56 57 58 59 60 61 62 
9
33
0 1 2 3 4 5 52 51 8 9 10 11 12 13 14 15 16 17 39 40 20 21 22 23 24 25 26 27 28 29 30 31 32 
6 7 53 54 55 56 57 58 59 60 61 62 63 64 65 33 34 35 36 37 38 19 18 41 42 43 44 45 46 47 48 49 50 
10
33
0 1 2 3 4 5 6 7 8 9 10 11 12 13 14 15 16 17 39 40 20 21 22 23 24 25 48 47 28 29 30 31 32 
18 19 38 37 36 35 34 33 65 64 63 62 61 60 59 58 57 56 55 54 53 52 51 50 49 27 26 46 45 44 43 42 41 
11
33
0 1 2 3 4 5 6 7 8 9 10 11 12 13 14 15 16 17 18 19 20 21 22 23 24 25 26 27 28 29 30 31 32 
33 34 35 36 37 38 39 40 41 42 43 44 45 46 47 48 49 50 51 52 53 54 55 56 57 58 59 60 61 62 63 64 65 
12
33
0 1 2 3 4 5 52 51 8 9 10 11 12 13 59 60 16 17 39 40 20 21 22 23 24 25 48 47 28 29 30 31 32 
6 7 53 54 55 56 57 58 15 14 61 62 63 64 65 33 34 35 36 37 38 19 18 41 42 43 44 45 46 26 27 49 50 
13
33
0 1 2 3 4 5 52 51 8 9 10 11 12 13 59 60 16 17 18 19 20 21 22 23 24 25 26 27 28 29 30 31 32 
6 7 53 54 55 56 57 58 15 14 61 62 63 64 65 33 34 35 36 37 38 39 40 41 42 43 44 45 46 47 48 49 50 
14
33
0 1 2 3 4 5 6 7 8 9 10 11 12 13 59 60 16 17 18 19 20 21 22 23 24 25 48 47 28 29 30 31 32 
14 15 58 57 56 55 54 53 52 51 50 49 27 26 46 45 44 43 42 41 40 39 38 37 36 35 34 33 65 64 63 62 61 
15
33
0 1 55 56 4 5 52 51 8 9 10 11 12 13 59 60 16 17 39 40 20 21 36 35 24 25 48 47 28 29 30 31 32 
2 3 54 53 7 6 50 49 27 26 46 45 44 43 42 41 18 19 38 37 23 22 34 33 65 64 63 62 61 14 15 58 57 
16
33
0 1 2 3 4 5 52 51 8 9 10 11 12 13 59 60 16 17 39 40 20 21 36 35 24 25 48 47 28 29 43 44 32 
6 7 53 54 55 56 57 58 15 14 61 62 63 64 65 33 34 22 23 37 38 19 18 41 42 31 30 45 46 26 27 49 50 
17
33
0 1 55 56 4 5 52 51 8 9 64 63 12 13 59 60 16 17 39 40 20 21 36 35 24 25 48 47 28 29 43 44 32 
2 3 54 53 7 6 50 49 27 26 46 45 30 31 42 41 18 19 38 37 23 22 34 33 65 11 10 62 61 14 15 58 57 
18
33
0 1 55 56 4 5 52 51 8 9 64 63 12 13 14 15 16 17 39 40 20 21 36 35 24 25 26 27 28 29 43 44 32 
2 3 54 53 7 6 50 49 48 47 46 45 30 31 42 41 18 19 38 37 23 22 34 33 65 11 10 62 61 60 59 58 57 
19
33
0 1 55 56 4 5 52 51 8 9 64 63 12 13 59 60 16 17 18 19 20 21 36 35 24 25 26 27 28 29 43 44 32 
2 3 54 53 7 6 50 49 48 47 46 45 30 31 42 41 40 39 38 37 23 22 34 33 65 11 10 62 61 14 15 58 57 
20
33
0 1 55 56 4 5 6 7 8 9 64 63 12 13 14 15 16 17 39 40 20 21 36 35 24 25 48 47 28 29 43 44 32 
2 3 54 53 52 51 50 49 27 26 46 45 30 31 42 41 18 19 38 37 23 22 34 33 65 11 10 62 61 60 59 58 57 
21
33
0 1 55 56 4 5 6 7 8 9 64 63 12 13 59 60 16 17 18 19 20 21 36 35 24 25 48 47 28 29 43 44 32 
2 3 54 53 52 51 50 49 27 26 46 45 30 31 42 41 40 39 38 37 23 22 34 33 65 11 10 62 61 14 15 58 57 
22
33
0 1 55 56 4 5 6 7 8 9 64 63 12 13 14 15 16 17 18 19 20 21 36 35 24 25 26 27 28 29 43 44 32 
2 3 54 53 52 51 50 49 48 47 46 45 30 31 42 41 40 39 38 37 23 22 34 33 65 11 10 62 61 60 59 58 57 
23
33
0 1 55 56 4 5 52 51 8 9 10 11 12 13 14 15 16 17 39 40 20 21 36 35 24 25 26 27 28 29 30 31 32 
2 3 54 53 7 6 50 49 48 47 46 45 44 43 42 41 18 19 38 37 23 22 34 33 65 64 63 62 61 60 59 58 57 
24
33
0 1 2 3 4 5 6 7 8 9 10 11 12 13 14 15 16 17 18 19 20 21 36 35 24 25 26 27 28 29 43 44 32 
22 23 37 38 39 40 41 42 31 30 45 46 47 48 49 50 51 52 53 54 55 56 57 58 59 60 61 62 63 64 65 33 34 
25
33
0 1 2 3 4 5 6 7 8 9 10 11 12 13 14 15 16 17 39 40 20 21 36 35 24 25 48 47 28 29 43 44 32 
18 19 38 37 23 22 34 33 65 64 63 62 61 60 59 58 57 56 55 54 53 52 51 50 49 27 26 46 45 30 31 42 41 
26
33
0 1 55 56 4 5 6 7 8 9 10 11 12 13 14 15 16 17 18 19 20 21 36 35 24 25 26 27 28 29 30 31 32 
2 3 54 53 52 51 50 49 48 47 46 45 44 43 42 41 40 39 38 37 23 22 34 33 65 64 63 62 61 60 59 58 57 
27
33
0 1 2 3 4 5 52 51 8 9 10 11 12 13 59 60 16 17 18 19 20 21 36 35 24 25 26 27 28 29 43 44 32 
6 7 53 54 55 56 57 58 15 14 61 62 63 64 65 33 34 22 23 37 38 39 40 41 42 31 30 45 46 47 48 49 50 
28
33
0 1 55 56 4 5 6 7 8 9 10 11 12 13 59 60 16 17 18 19 20 21 36 35 24 25 48 47 28 29 30 31 32 
2 3 54 53 52 51 50 49 27 26 46 45 44 43 42 41 40 39 38 37 23 22 34 33 65 64 63 62 61 14 15 58 57 
