66
1 32 33
0 2 55
1 3 57
2 4 54
3 5 56
4 6 52
5 7 50
6 8 53
7 9 51
8 10 64
9 11 62
10 12 65
11 13 63
12 14 59
13 15 61
14 16 58
15 17 60
16 18 39
17 19 41
18 20 38
19 21 40
20 22 36
21 23 34
22 24 37
23 25 35
24 26 48
25 27 46
26 28 49
27 29 47
28 30 43
29 31 45
30 32 42
31 0 44
34 65 0
33 35 22
34 36 24
35 37 21
36 38 23
37 39 19
38 40 17
39 41 20
40 42 18
41 43 31
42 44 29
43 45 32
44 46 30
45 47 26
46 48 28
47 49 25
48 50 27
49 51 6
50 52 8
51 53 5
52 54 7
53 55 3
54 56 1
55 57 4
56 58 2
57 59 15
58 60 13
59 61 16
60 62 14
61 63 10
62 64 12
63 65 9
64 33 11