1
1
114
1 4 10 
0 6 16 
3 9 22 
2 4 7 
0 3 5 
4 6 34 
1 5 7 
3 6 8 
7 9 26 
2 8 20 
0 11 17 
10 12 15 
11 13 18 
12 14 28 
13 15 30 
11 14 16 
1 15 17 
10 16 42 
19 25 12 
18 20 23 
19 21 9 
20 22 25 
21 2 50 
19 24 36 
23 25 38 
18 21 24 
27 33 8 
26 28 31 
27 29 13 
28 30 33 
29 14 58 
27 32 44 
31 33 46 
26 29 32 
35 41 5 
34 36 39 
35 37 23 
36 38 41 
37 24 66 
35 40 52 
39 41 54 
34 37 40 
43 49 17 
42 44 47 
43 45 31 
44 46 49 
45 32 74 
43 48 60 
47 49 62 
42 45 48 
51 57 22 
50 52 55 
51 53 39 
52 54 57 
53 40 82 
51 56 68 
55 57 70 
50 53 56 
59 65 30 
58 60 63 
59 61 47 
60 62 65 
61 48 90 
59 64 76 
63 65 78 
58 61 64 
67 73 38 
66 68 71 
67 69 55 
68 70 73 
69 56 98 
67 72 84 
71 73 86 
66 69 72 
75 81 46 
74 76 79 
75 77 63 
76 78 81 
77 64 106 
75 80 92 
79 81 94 
74 77 80 
83 89 54 
82 84 87 
83 85 71 
84 86 89 
85 72 104 
83 88 100 
87 89 102 
82 85 88 
91 97 62 
90 92 95 
91 93 79 
92 94 97 
93 80 112 
91 96 108 
95 97 110 
90 93 96 
99 105 70 
98 100 103 
99 101 87 
100 102 105 
101 103 88 
99 102 104 
103 105 86 
98 101 104 
107 113 78 
106 108 111 
107 109 95 
108 110 113 
109 111 96 
107 110 112 
111 113 94 
106 109 112 