1
1
130
1 4 10
0 6 16
3 9 22
2 7 20
0 5 24
4 6 9
1 5 7
3 6 8
7 9 122
2 5 8
0 11 17
10 12 15
11 13 114
12 14 17
13 15 30
11 14 28
1 17 32
10 13 16
19 25 38
18 23 36
21 3 40
20 22 25
21 23 2
19 22 24
23 25 4
18 21 24
27 33 46
26 31 44
29 15 48
28 30 33
29 31 14
27 30 32
31 33 16
26 29 32
35 41 54
34 39 52
37 19 56
36 38 41
37 39 18
35 38 40
39 41 20
34 37 40
43 49 62
42 47 60
45 27 64
44 46 49
45 47 26
43 46 48
47 49 28
42 45 48
51 57 70
50 55 68
53 35 72
52 54 57
53 55 34
51 54 56
55 57 36
50 53 56
59 65 78
58 63 76
61 43 80
60 62 65
61 63 42
59 62 64
63 65 44
58 61 64
67 73 86
66 71 84
69 51 88
68 70 73
69 71 50
67 70 72
71 73 52
66 69 72
75 81 94
74 79 92
77 59 96
76 78 81
77 79 58
75 78 80
79 81 60
74 77 80
83 89 102
82 87 100
85 67 104
84 86 89
85 87 66
83 86 88
87 89 68
82 85 88
91 97 110
90 95 108
93 75 112
92 94 97
93 95 74
91 94 96
95 97 76
90 93 96
99 105 118
98 103 116
101 83 120
100 102 105
101 103 82
99 102 104
103 105 84
98 101 104
107 113 126
106 111 124
109 91 128
108 110 113
109 111 90
107 110 112
111 113 92
106 109 112
115 121 12
114 116 119
115 117 99
116 118 121
117 119 98
115 118 120
119 121 100
114 117 120
123 129 8
122 124 127
123 125 107
124 126 129
125 127 106
123 126 128
127 129 108
122 125 128