1
1
130
1 4 10 
0 6 16 
3 9 22 
2 7 20 
0 5 24 
4 6 9 
1 5 7 
3 6 8 
7 9 74 
2 5 8 
0 11 17 
10 12 15 
11 13 66 
12 14 17 
13 15 30 
11 14 28 
1 17 32 
10 13 16 
19 25 38 
18 23 36 
21 3 40 
20 22 25 
21 23 2 
19 22 24 
23 25 4 
18 21 24 
27 33 46 
26 31 44 
29 15 48 
28 30 33 
29 31 14 
27 30 32 
31 33 16 
26 29 32 
35 41 54 
34 36 39 
35 37 19 
36 38 56 
37 39 18 
35 38 40 
39 41 20 
34 40 52 
43 49 62 
42 44 47 
43 45 27 
44 46 64 
45 47 26 
43 46 48 
47 49 28 
42 48 60 
51 57 70 
50 55 68 
53 41 98 
52 54 57 
53 55 34 
51 54 56 
55 57 37 
50 53 56 
59 65 78 
58 63 76 
61 49 106 
60 62 65 
61 63 42 
59 62 64 
63 65 45 
58 61 64 
67 73 12 
66 68 71 
67 69 51 
68 70 73 
69 50 88 
67 72 84 
71 73 86 
66 69 72 
75 81 8 
74 76 79 
75 77 59 
76 78 81 
77 58 96 
75 80 92 
79 81 94 
74 77 80 
83 89 102 
82 87 100 
85 71 114 
84 86 89 
85 87 72 
83 86 88 
87 89 70 
82 85 88 
91 97 110 
90 95 108 
93 79 122 
92 94 97 
93 95 80 
91 94 96 
95 97 78 
90 93 96 
99 105 52 
98 100 103 
99 101 83 
100 102 105 
101 82 120 
99 104 116 
103 105 118 
98 101 104 
107 113 60 
106 108 111 
107 109 91 
108 110 113 
109 90 128 
107 112 124 
111 113 126 
106 109 112 
115 121 84 
114 116 119 
115 117 103 
116 118 121 
117 119 104 
115 118 120 
119 121 102 
114 117 120 
123 129 92 
122 124 127 
123 125 111 
124 126 129 
125 127 112 
123 126 128 
127 129 110 
122 125 128 
