1
1
258
1 4 10 
0 6 16 
3 9 22 
2 7 134 
0 5 24 
4 6 9 
1 5 7 
3 6 8 
7 9 122 
2 5 8 
0 11 17 
10 12 15 
11 13 114 
12 14 17 
13 15 30 
11 14 138 
1 17 32 
10 13 16 
19 25 38 
18 23 36 
21 40 144 
20 22 25 
21 23 2 
19 22 24 
23 25 4 
18 21 24 
27 33 46 
26 31 44 
29 48 132 
28 30 33 
29 31 14 
27 30 32 
31 33 16 
26 29 32 
35 41 54 
34 39 52 
37 19 56 
36 38 41 
37 39 18 
35 38 40 
39 41 20 
34 37 40 
43 49 62 
42 47 60 
45 27 64 
44 46 49 
45 47 26 
43 46 48 
47 49 28 
42 45 48 
51 57 70 
50 55 68 
53 35 72 
52 54 57 
53 55 34 
51 54 56 
55 57 36 
50 53 56 
59 65 78 
58 63 76 
61 43 80 
60 62 65 
61 63 42 
59 62 64 
63 65 44 
58 61 64 
67 73 86 
66 71 84 
69 51 88 
68 70 73 
69 71 50 
67 70 72 
71 73 52 
66 69 72 
75 81 94 
74 79 92 
77 59 96 
76 78 81 
77 79 58 
75 78 80 
79 81 60 
74 77 80 
83 89 102 
82 87 100 
85 67 104 
84 86 89 
85 87 66 
83 86 88 
87 89 68 
82 85 88 
91 97 110 
90 95 108 
93 75 112 
92 94 97 
93 95 74 
91 94 96 
95 97 76 
90 93 96 
99 105 118 
98 103 116 
101 83 120 
100 102 105 
101 103 82 
99 102 104 
103 105 84 
98 101 104 
107 113 126 
106 111 124 
109 91 128 
108 110 113 
109 111 90 
107 110 112 
111 113 92 
106 109 112 
115 121 12 
114 116 119 
115 117 99 
116 118 121 
117 119 98 
115 118 120 
119 121 100 
114 117 120 
123 129 8 
122 124 127 
123 125 107 
124 126 129 
125 127 106 
123 126 128 
127 129 108 
122 125 128 
131 137 150 
130 135 148 
133 152 28 
132 134 137 
133 135 3 
131 134 136 
135 137 250 
130 133 136 
139 145 15 
138 140 143 
139 141 242 
140 142 145 
141 143 158 
139 142 156 
145 160 20 
138 141 144 
147 153 166 
146 151 164 
149 131 168 
148 150 153 
149 151 130 
147 150 152 
151 153 132 
146 149 152 
155 161 174 
154 159 172 
157 143 176 
156 158 161 
157 159 142 
155 158 160 
159 161 144 
154 157 160 
163 169 182 
162 167 180 
165 147 184 
164 166 169 
165 167 146 
163 166 168 
167 169 148 
162 165 168 
171 177 190 
170 175 188 
173 155 192 
172 174 177 
173 175 154 
171 174 176 
175 177 156 
170 173 176 
179 185 198 
178 183 196 
181 163 200 
180 182 185 
181 183 162 
179 182 184 
183 185 164 
178 181 184 
187 193 206 
186 191 204 
189 171 208 
188 190 193 
189 191 170 
187 190 192 
191 193 172 
186 189 192 
195 201 214 
194 199 212 
197 179 216 
196 198 201 
197 199 178 
195 198 200 
199 201 180 
194 197 200 
203 209 222 
202 207 220 
205 187 224 
204 206 209 
205 207 186 
203 206 208 
207 209 188 
202 205 208 
211 217 230 
210 215 228 
213 195 232 
212 214 217 
213 215 194 
211 214 216 
215 217 196 
210 213 216 
219 225 238 
218 223 236 
221 203 240 
220 222 225 
221 223 202 
219 222 224 
223 225 204 
218 221 224 
227 233 246 
226 231 244 
229 211 248 
228 230 233 
229 231 210 
227 230 232 
231 233 212 
226 229 232 
235 241 254 
234 239 252 
237 219 256 
236 238 241 
237 239 218 
235 238 240 
239 241 220 
234 237 240 
243 249 140 
242 244 247 
243 245 227 
244 246 249 
245 247 226 
243 246 248 
247 249 228 
242 245 248 
251 257 136 
250 252 255 
251 253 235 
252 254 257 
253 255 234 
251 254 256 
255 257 236 
250 253 256 